243
45
194
78
243
109
56
233
188
179
95
108
359
71
62
61
37
149
102
554
96
256
210
193
23
1
25
58
68
261
223
313
334
109
223
645
215
58
315
184
39
8
129
54
308
7
502
507
322
85
31
1491
162
109
4
339
186
67
326
5
48
8
24
160
300
85
308
379
151
76
215
130
24
172
221
206
79
532
68
319
265
106
257
400
91
16
499
45
41
104
253
407
205
201
65
92
438
383
21
82
6
55
267
95
855
60
163
185
74
38
181
571
164
237
598
399
167
35
222
166
47
6
196
55
772
11
75
154
7
6
19
266
645
88
291
360
644
88
16
11
234
207
512
425
123
103
708
71
3
422
115
39
201
7
203
161
261
158
51
327
237
41
173
80
51
252
81
372
309
88
142
435
146
649
43
184
47
591
67
113
212
31
51
288
2
144
47
43
132
17
380
104
572
373
263
94
332
22
397
418
334
658
131
769
529
120
35
167
41
723
254
140
147
176
419
153
132
316
31
143
516
85
420
6
119
286
13
19
326
1
198
401
757
24
677
37
36
34
116
242
85
81
125
254
276
163
20
34
311
104
170
358
366
276
359
362
127
450
108
218
98
197
271
50
342
558
65
60
156
377
131
104
59
22
9
59
167
28
105
293
61
23
917
120
22
107
20
125
398
114
1040
60
353
479
36
328
125
337
16
7
135
3
171
157
13
171
78
59
69
21
46
790
347
400
51
196
227
42
408
2
17
302
84
1
139
138
240
727
203
77
88
52
148
378
395
120
143
61
146
350
82
657
241
407
1110
419
120
175
200
200
52
9
35
161
82
864
394
286
921
152
212
59
126
165
58
67
79
529
567
447
41
12
48
626
698
773
447
161
41
149
26
6
14
183
270
181
47
67
125
307
151
286
109
205
21
251
93
624
312
59
69
110
50
859
146
5
513
79
50
148
68
192
99
96
30
42
11
677
153
504
635
94
209
105
118
252
67
83
233
52
522
36
18
4
409
206
590
354
76
100
66
200
644
980
309
104
7
307
503
577
51
466
18
12
150
235
345
564
102
12
19
39
57
408
117
14
259
2
70
283
275
28
650
604
284
285
276
156
40
357
285
6
155
46
230
14
41
71
57
890
36
121
162
183
24
11
17
38
251
9
115
478
216
624
284
290
169
882
325
574
407
56
175
519
17
286
227
94
134
97
1165
283
206
19
37
3
253
381
73
36
24
218
87
23
84
290
276
173
200
256
173
135
49
103
1086
173
323
133
21
215
31
169
635
89
57
133
21
214
24
440
4
17
155
294
24
437
512
492
189
24
149
695
313
301
43
34
44
30
871
58
11
76
244
600
184
27
256
31
188
130
40
58
253
42
624
51
423
144
95
53
190
76
38
249
59
25
184
345
783
750
65
478
283
126
169
19
905
189
37
146
13
34
214
133
136
670
222
380
484
639
149
2
192
83
365
451
415
154
22
43
263
230
205
64
145
581
738
2
308
176
5
11
484
15
26
193
6
25
81
122
164
511
5
3
17
169
30
116
210
315
43
148
112
15
106
27
259
74
2
49
56
7
15
30
241
85
821
30
181
162
546
328
63
340
97
129
11
186
6
51
226
88
48
155
210
35
56
50
425
356
180
224
47
38
114
33
15
323
145
2
15
110
340
203
172
301
598
21
41
61
321
24
30
104
85
114
164
46
34
65
167
141
140
342
26
108
178
112
284
892
346
213
495
15
215
214
26
213
503
12
243
170
22
500
77
389
196
405
501
219
138
859
123
9
88
164
4
109
85
65
178
38
385
744
43
17
134
154
193
5
80
823
119
317
495
116
179
81
505
754
18
53
672
3
81
412
184
62
151
9
399
704
132
84
105
82
159
55
221
512
457
37
12
954
370
103
172
114
111
40
597
90
2
324
184
733
12
32
160
304
417
93
208
284
123
43
25
170
54
167
499
112
408
21
348
214
473
19
279
199
97
123
64
18
52
139
312
129
179
262
86
109
413
243
153
382
196
34
126
828
18
68
69
198
157
157
47
5
58
285
125
261
26
600
70
236
425
221
60
17
912
48
785
622
536
165
256
114
41
92
306
86
154
381
42
17
4
598
190
187
19
160
16
101
98
35
61
41
241
398
17
77
103
453
67
206
12
230
270
213
113
234
54
465
191
537
86
70
134
132
71
99
48
327
67
62
5
72
62
9
2
399
222
237
14
330
554
44
368
6
125
202
282
241
365
89
572
107
404
288
56
5
90
347
4
20
31
562
711
77
56
46
255
220
310
229
78
234
123
327
131
292
25
125
208
240
119
447
264
104
38
562
221
38
274
355
138
45
9
1153
61
399
720
18
87
135
154
253
182
1
49
26
284
73
61
45
227
240
290
34
316
52
8
58
55
59
55
321
53
28
254
749
4
76
16
168
2
288
90
49
107
521
108
63
11
57
328
399
148
116
82
60
151
112
177
19
148
74
128
177
101
23
59
99
122
293
5
1
97
31
12
159
100
90
24
369
83
113
1
122
586
92
158
313
539
293
65
339
41
20
496
148
281
171
15
250
442
7
25
47
297
139
283
13
55
524
45
462
40
475
118
551
330
219
198
325
181
52
494
288
782
18
448
103
226
43
551
102
261
208
147
128
14
515
554
16
288
634
109
740
265
581
16
55
13
49
216
342
241
2
213
52
290
132
167
133
25
361
653
391
127
383
51
160
269
259
110
414
391
143
88
14
284
8
38
63
277
201
165
353
5
150
882
132
132
44
545
143
197
188
185
132
244
197
16
220
404
114
95
245
147
89
114
203
183
430
91
438
4
57
20
69
551
110
279
285
38
396
383
225
86
351
213
195
27
212
279
147
26
316
74
316
355
991
525
198
45
109
197
563
20
22
399
30
104
160
28
63
654
357
3
213
5
6
62
184
141
84
313
63
283
295
16
80
713
199
601
117
19
306
62
53
75
677
79
287
852
846
207
40
18
40
601
176
746
645
489
249
260
337
165
160
201
160
404
127
49
44
124
617
104
84
580
155
20
79
295
7
357
5
37
206
388
234
10
16
31
186
115
48
282
505
66
122
44
154
53
84
536
84
62
142
395
228
219
187
590
96
84
67
234
38
473
290
236
413
151
46
7
33
1
82
212
50
2
166
137
86
11
10
173
114
1
480
302
182
294
32
135
12
4
77
455
37
110
198
21
637
124
145
289
1
28
66
173
1085
210
471
35
350
161
207
247
165
37
118
14
24
597
372
109
1075
195
105
99
639
191
67
227
444
282
5
10
325
229
47
299
58
600
912
110
7
74
38
726
150
20
391
52
126
55
86
154
163
353
70
236
250
260
273
27
82
38
48
38
99
396
59
180
240
141
315
23
56
54
198
25
389
638
93
89
26
2
66
260
340
33
41
520
341
86
1
53
225
73
7
9
361
50
152
126
306
274
284
200
627
180
908
673
316
306
220
33
271
866
53
757
172
574
288
329
425
104
3
415
3
182
467
31
111
208
22
524
216
610
320
2
436
822
44
123
71
113
461
444
53
54
278
92
87
106
38
206
259
39
243
7
37
83
254
163
216
95
4
183
46
58
70
368
694
88
33
191
11
190
240
123
245
35
93
14
94
179
7
82
101
67
639
302
230
216
359
625
62
985
66
46
2
185
21
80
88
1169
267
160
122
424
33
78
137
143
177
83
185
96
110
96
34
230
209
64
336
154
16
191
41
109
415
159
99
345
150
62
109
158
320
131
195
199
342
160
33
98
391
157
246
141
458
404
132
232
184
297
155
304
271
100
174
503
275
156
95
165
93
8
278
758
33
243
100
22
266
326
116
52
195
30
17
158
133
131
17
564
191
201
162
13
181
274
351
23
336
41
258
77
429
196
35
192
174
195
78
95
101
82
88
337
65
218
354
502
222
138
402
117
123
71
65
422
405
260
150
553
644
167
455
115
314
183
221
27
363
259
228
98
294
914
23
65
43
288
308
439
107
308
760
149
408
72
362
176
62
775
137
246
9
422
18
21
69
29
152
146
207
185
126
461
69
48
25
17
246
38
138
166
32
336
295
415
162
66
19
94
606
271
293
13
425
103
44
82
9
801
48
31
234
530
98
153
406
8
6
9
28
251
52
444
288
203
345
145
42
648
183
66
171
374
185
809
63
143
390
4
40
141
100
241
201
132
417
274
414
19
249
77
266
76
669
222
199
483
511
335
107
36
218
41
54
253
127
326
676
222
106
397
71
211
773
53
22
27
17
363
33
181
57
107
294
893
106
154
175
421
18
132
368
322
69
334
145
94
13
44
243
118
502
114
129
658
20
25
239
342
408
623
2
93
549
38
118
372
924
720
519
96
157
174
11
423
45
263
122
113
69
40
39
137
37
28
55
172
15
19
758
194
355
20
51
346
71
303
584
18
370
73
112
378
274
142
183
140
377
88
172
20
67
24
12
166
211
46
185
50
129
50
131
226
62
17
11
629
16
299
110
2
353
244
82
75
90
1
1113
400
100
547
388
36
99
242
702
138
181
272
9
50
18
506
246
53
46
179
48
93
50
7
978
1400
150
41
87
100
65
36
265
59
254
171
277
7
40
1049
152
53
548
232
137
137
449
620
28
191
97
34
427
60
482
296
276
159
54
182
216
72
182
107
62
12
113
49
39
236
115
98
74
324
80
331
96
161
26
111
42
61
63
29
257
102
158
164
272
53
711
209
472
376
211
151
4
271
376
207
149
256
36
187
368
80
33
268
173
140
45
302
70
237
8
264
389
38
266
72
2
255
127
426
46
115
767
199
96
432
2
136
212
71
178
271
207
7
139
549
115
9
303
328
343
150
180
2
418
162
76
57
152
302
40
231
31
13
85
40
254
33
225
54
444
42
33
48
44
51
41
252
302
124
268
205
25
129
161
389
371
24
82
1044
67
63
66
69
295
74
261
791
90
69
78
42
7
285
142
308
573
75
266
53
439
209
36
287
137
82
57
4
68
1114
14
133
43
31
217
300
191
92
81
42
190
36
32
143
84
668
158
171
73
315
105
131
149
18
90
935
56
3
269
15
47
701
1071
1182
36
117
532
13
218
3
170
70
266
247
13
49
160
88
89
7
217
61
37
72
487
373
400
137
190
139
322
120
15
95
359
36
13
75
109
471
95
192
19
30
689
684
241
32
397
17
62
627
93
104
246
97
274
181
109
305
349
422
509
110
333
35
141
584
260
857
38
503
229
31
265
450
146
16
109
1
591
404
322
136
284
2
113
59
42
182
892
245
15
80
77
22
364
383
34
220
686
315
630
161
756
32
177
21
164
58
68
75
586
12
255
27
24
551
125
68
403
244
285
125
141
27
495
121
5
176
33
775
165
34
61
22
28
306
559
188
54
342
20
124
126
170
1163
229
235
37
210
239
436
93
29
182
60
202
92
64
247
16
15
437
58
175
68
242
129
321
73
208
213
44
85
225
176
540
348
83
261
285
162
158
340
200
265
913
113
76
9
47
246
208
255
267
276
234
617
83
334
152
106
288
467
430
64
4
373
58
189
190
110
406
124
268
237
28
102
408
17
259
5
278
71
45
25
49
269
39
478
360
108
493
48
394
6
134
342
105
62
54
881
91
549
274
91
4
5
20
43
331
57
143
25
54
52
58
138
88
412
369
142
396
6
130
417
41
10
242
212
180
79
41
326
323
105
265
942
819
306
86
98
257
532
107
374
360
254
430
79
153
294
171
356
542
391
83
311
77
600
76
34
39
766
902
27
127
562
63
298
14
108
74
131
413
22
63
122
171
121
320
64
129
4
89
226
105
176
48
163
44
235
47
112
185
208
32
54
60
187
434
414
157
359
854
43
394
243
2
478
77
178
65
55
55
40
64
165
132
87
106
2
20
43
90
69
34
49
261
208
106
120
46
36
155
109
892
120
201
206
212
429
300
274
44
82
53
295
135
253
46
303
355
40
197
87
368
68
679
10
109
16
139
131
587
55
5
5
145
108
132
320
78
302
139
5
7
446
48
70
64
22
124
607
704
83
286
6
334
225
3
683
132
124
121
226
514
107
321
661
88
121
9
3
51
251
429
713
383
126
63
48
805
98
842
110
507
679
323
11
152
113
23
64
304
730
154
860
9
253
150
6
455
35
69
23
218
149
37
200
75
347
372
626
15
645
88
47
91
288
102
51
88
58
495
257
299
883
91
80
71
465
242
129
27
83
159
399
8
292
116
138
220
622
256
525
18
552
831
330
172
208
159
75
255
158
574
163
145
22
433
176
312
116
220
6
185
5
132
7
370
252
195
154
288
15
6
137
218
31
31
39
113
279
176
12
38
122
155
128
206
29
104
189
243
145
187
428
142
121
22
83
217
90
135
41
9
179
53
1640
157
28
542
272
99
116
43
34
83
353
451
206
102
26
164
53
77
8
160
241
183
22
289
127
38
109
215
86
157
37
32
275
160
34
74
105
144
66
100
69
599
55
11
246
189
76
83
55
2
199
93
190
52
209
35
18
33
76
175
103
439
216
538
3
187
48
14
152
120
15
163
23
348
714
427
296
246
42
15
99
57
204
305
50
86
1298
82
331
125
45
168
42
73
34
20
10
260
1
363
610
120
349
101
47
418
9
25
108
246
116
112
108
180
28
86
180
140
64
221
56
15
582
284
3
187
590
126
11
5
595
24
730
87
294
703
40
24
38
79
231
51
714
113
3
243
423
128
63
347
337
449
612
5
29
32
218
46
167
58
51
238
43
47
92
178
89
227
170
202
328
490
19
126
504
116
383
79
100
103
59
9
40
17
127
129
15
166
97
21
272
727
242
9
180
73
94
42
60
61
462
204
25
31
193
53
199
35
167
73
436
52
5
134
32
208
71
219
307
234
449
446
116
144
190
121
261
104
244
292
88
331
213
106
764
23
254
486
222
203
285
173
72
429
147
15
250
86
473
530
3
9
96
297
357
19
9
106
456
94
153
158
283
280
69
83
1619
281
76
139
350
62
1
40
70
33
35
74
20
69
267
240
50
959
137
150
76
63
11
137
25
483
145
80
312
405
53
445
139
408
316
172
22
305
373
52
54
212
343
72
260
503
45
137
177
272
91
153
140
621
218
95
26
164
284
147
1056
64
410
208
147
18
4
77
256
62
312
578
52
388
386
278
61
6
222
542
3
86
175
287
52
104
413
343
91
245
381
25
30
113
170
61
338
406
73
135
28
31
77
206
17
15
17
599
168
276
137
261
24
246
46
304
156
47
207
232
5
177
375
242
44
32
218
138
403
158
123
123
775
38
420
261
78
119
312
307
270
165
924
229
51
163
292
277
251
74
482
526
764
65
63
126
94
170
119
47
404
65
271
40
35
129
435
241
48
906
265
266
19
67
116
236
104
131
62
110
54
853
170
179
378
236
22
41
18
45
42
81
265
14
434
46
287
138
261
34
247
153
31
416
30
19
21
280
112
476
38
32
335
408
138
339
651
183
339
51
701
406
28
484
21
285
20
224
23
10
286
296
143
293
243
412
202
131
41
594
308
23
107
397
93
530
150
364
91
186
81
163
433
285
127
17
76
12
8
80
261
60
73
83
4
51
176
895
159
76
434
123
235
45
103
23
13
131
126
810
345
36
11
265
470
102
98
13
122
136
384
141
97
195
209
262
89
62
108
17
13
309
92
163
16
30
3
1
55
39
21
224
343
165
360
486
78
211
6
40
73
118
33
26
10
672
12
487
95
26
72
180
171
116
280
188
175
257
174
66
136
5
34
111
166
573
5
360
211
266
138
372
95
31
2
241
468
125
286
592
204
366
325
171
249
34
31
16
176
187
516
58
194
91
90
376
732
69
107
370
194
46
424
167
451
208
705
87
93
201
611
1026
110
81
667
213
76
36
181
145
37
65
78
352
209
442
101
206
237
112
67
407
41
625
52
573
330
417
11
311
17
82
326
72
263
85
69
15
116
7
33
169
30
14
147
143
330
201
481
187
18
6
93
117
141
55
161
224
303
176
266
74
409
300
119
47
67
127
283
205
92
232
330
824
4
34
268
102
165
705
148
200
50
183
439
227
734
203
377
158
43
92
710
323
340
140
888
35
145
31
328
309
181
95
156
181
12
165
217
41
177
195
346
241
460
139
144
71
45
18
14
116
33
225
41
286
46
105
139
227
177
203
87
146
361
249
69
81
46
33
118
33
298
212
92
443
206
547
99
186
1
388
29
82
129
311
60
62
154
261
5
101
93
18
301
116
5
203
650
49
33
201
251
40
56
127
231
95
230
585
30
140
112
169
572
72
244
368
163
1019
153
9
169
6
126
118
536
279
76
117
115
91
69
165
165
267
78
348
63
109
719
110
366
135
270
42
88
138
21
328
467
48
31
65
25
97
41
152
29
57
17
287
163
888
271
80
158
450
166
335
174
96
42
21
11
211
109
4
46
42
200
140
181
309
149
236
191
94
162
1153
38
75
479
171
31
100
85
40
239
75
268
414
12
250
251
157
313
225
36
246
67
255
1
179
101
38
12
472
778
1261
80
84
72
513
189
46
724
756
210
44
146
55
361
314
20
662
220
40
161
359
443
59
92
156
197
172
155
109
81
409
21
86
771
468
57
216
49
76
327
53
549
73
710
150
13
235
14
296
414
65
71
1
272
944
43
42
201
333
260
38
40
433
342
189
235
409
46
233
674
490
89
271
43
65
138
192
377
9
74
412
426
547
119
206
16
186
123
70
426
133
28
220
197
180
709
15
94
64
365
292
81
89
78
42
29
258
1271
156
360
219
28
20
624
23
477
336
123
25
374
176
551
204
98
269
532
760
85
21
210
760
66
59
1050
85
89
84
42
24
379
529
436
248
328
88
18
179
9
37
234
457
1163
428
19
33
186
335
167
93
241
35
403
246
27
22
393
485
19
16
142
269
448
1
19
230
175
225
685
4
228
603
303
216
149
21
87
271
91
474
50
119
290
348
18
4
119
372
10
118
26
83
628
280
117
175
269
112
225
36
7
421
28
1
657
124
2
56
119
849
246
202
332
50
55
274
19
77
304
196
460
224
1
44
27
31
64
16
90
29
61
4
107
136
36
283
232
239
1014
107
349
70
33
46
124
12
312
223
96
384
30
38
732
221
68
316
76
272
202
132
236
82
137
154
765
7
5
55
193
25
2
330
209
498
225
107
149
213
11
119
39
251
854
329
11
373
125
93
161
53
57
104
235
473
138
24
72
143
107
15
210
326
151
251
320
640
266
214
167
14
198
2
108
362
65
120
27
665
2
62
173
27
71
7
153
15
88
53
230
307
146
126
429
43
4
146
424
90
58
516
93
231
20
98
281
1414
109
191
106
28
90
472
391
317
115
32
191
99
27
126
30
162
779
55
207
12
458
234
49
488
188
319
577
57
862
247
169
350
70
104
85
307
533
338
169
119
315
29
160
297
360
135
102
92
501
304
131
145
167
325
368
56
223
120
143
352
346
43
617
306
59
145
175
258
20
189
190
29
625
639
38
128
130
15
513
188
498
21
32
7
95
148
146
346
288
213
143
387
17
32
258
40
25
56
923
17
45
1
187
278
882
43
150
18
4
14
429
144
6
295
200
106
220
185
257
732
228
295
186
21
45
776
106
38
38
129
217
81
165
321
432
9
109
1005
447
157
100
111
37
34
301
918
28
326
264
454
211
391
233
283
226
216
188
43
61
283
39
233
474
73
125
446
141
175
57
25
281
30
136
45
100
121
34
151
14
245
373
87
50
132
146
36
342
1
232
95
58
298
86
632
58
35
35
65
55
332
565
471
344
135
44
151
422
39
191
286
15
604
55
1
13
235
93
29
87
510
310
51
13
485
100
610
118
104
402
9
176
893
115
73
4
171
84
209
228
512
20
209
1
258
26
808
149
40
505
105
335
165
55
142
22
239
125
544
120
454
302
90
277
54
30
377
136
243
263
427
164
33
783
277
560
160
221
147
230
135
73
76
609
105
79
23
140
140
45
283
121
358
12
142
219
144
502
219
186
153
32
212
1
33
32
50
38
70
4
547
80
1049
29
306
275
68
76
950
23
159
238
408
388
280
346
386
783
192
27
130
567
15
80
130
49
14
524
321
49
39
69
205
690
513
131
81
99
95
113
51
128
439
148
76
67
157
39
390
13
45
165
183
72
213
918
668
25
414
27
357
319
272
163
31
354
84
444
15
68
43
413
615
430
114
254
264
170
112
41
16
1
274
145
575
246
770
341
340
87
103
2
58
407
463
416
10
389
36
97
247
15
181
333
116
85
519
312
86
305
817
422
33
183
180
262
3
102
16
124
356
66
78
78
175
184
448
60
9
253
31
116
158
180
312
95
4
169
644
249
859
43
27
61
350
96
496
111
472
352
77
155
455
767
31
65
583
95
74
239
509
315
423
2
130
492
79
225
28
1
709
529
14
72
23
74
567
177
269
68
75
226
114
205
1691
57
52
159
12
331
16
32
168
42
340
145
955
79
21
304
73
318
55
88
184
346
155
604
111
41
518
128
146
365
131
78
49
183
294
67
52
252
127
150
619
254
56
374
38
80
82
266
37
352
430
92
43
235
91
23
71
379
41
185
102
112
405
24
255
64
343
22
88
32
24
267
34
533
67
90
232
210
195
159
116
236
414
346
9
12
416
210
226
823
14
294
113
300
86
141
297
49
62
18
547
89
659
202
81
17
502
431
333
52
429
44
527
242
4
8
562
71
245
111
299
244
702
154
226
116
4
652
268
24
363
309
13
361
81
12
270
31
666
251
105
52
97
201
157
439
727
316
65
1
360
58
453
376
29
540
321
40
76
498
14
84
24
53
107
66
399
317
265
339
18
191
540
5
266
295
67
1
54
89
6
738
176
479
116
688
207
123
11
1018
5
296
73
5
143
472
63
185
163
195
284
145
301
340
115
50
447
138
55
146
32
119
293
58
193
34
444
84
112
17
66
18
63
453
19
752
69
297
140
600
277
65
87
94
103
6
166
198
34
220
186
192
443
61
222
15
595
244
372
646
58
53
525
430
147
198
36
284
168
61
171
225
26
124
32
56
32
106
161
68
36
21
212
47
138
124
135
468
526
59
729
154
266
341
6
7
181
65
86
199
68
63
157
87
237
382
404
238
10
188
54
120
473
179
290
501
369
39
176
114
59
123
12
139
82
50
47
100
210
24
167
173
57
34
13
296
368
20
83
4
818
264
7
180
248
459
105
20
204
3
467
166
663
592
616
1381
88
64
238
11
41
98
357
73
18
289
96
609
65
314
127
51
231
88
704
105
58
281
31
314
119
7
898
107
119
77
200
468
569
68
72
75
10
74
60
54
65
100
81
27
11
153
63
8
252
149
216
324
159
385
195
323
223
299
759
80
112
29
31
321
18
11
115
232
112
14
10
143
35
340
87
263
168
406
365
469
135
281
73
476
626
401
184
193
165
58
184
396
779
527
201
932
191
327
23
508
388
326
135
875
446
65
127
119
170
75
94
915
61
6
247
16
41
111
509
125
47
540
40
318
147
46
86
140
49
64
471
711
48
208
822
58
137
131
73
36
33
88
36
40
28
317
62
400
67
29
148
65
158
290
201
27
328
115
195
17
103
202
6
3
249
227
2
179
348
187
15
742
264
119
180
15
8
774
660
15
205
168
113
250
88
35
129
15
568
13
433
40
156
160
60
118
513
648
32
6
174
73
171
49
20
4
29
895
298
695
97
235
1069
63
298
33
59
1
330
12
94
134
215
895
371
31
721
417
280
147
14
71
73
232
50
112
89
123
88
718
691
195
241
611
112
273
294
228
252
202
81
274
451
21
165
103
90
1
32
31
121
85
151
385
100
84
2
94
804
29
523
303
20
62
231
71
89
130
264
25
10
434
83
1
203
53
72
8
881
43
85
70
194
105
103
406
15
78
147
7
299
93
185
441
128
239
240
98
163
486
14
990
103
8
251
518
17
47
232
53
126
55
260
184
43
202
200
53
107
32
571
186
435
127
54
137
61
40
241
21
29
127
63
164
302
376
569
340
10
75
190
9
96
32
10
162
120
530
63
163
86
332
12
143
332
242
290
145
126
117
55
152
157
152
551
308
4
157
20
47
241
316
16
55
34
97
213
392
5
36
121
37
199
295
51
98
97
72
55
174
563
236
124
1
176
121
283
89
332
337
362
373
161
417
34
78
13
421
134
118
427
37
108
25
409
632
109
19
311
130
305
9
94
183
22
11
103
164
143
233
226
352
114
236
121
276
7
137
50
9
17
121
83
284
135
37
147
292
43
235
160
102
197
722
73
72
136
111
130
31
15
452
1062
49
268
553
186
169
804
236
175
275
167
58
12
246
20
330
414
14
243
135
154
48
19
36
25
105
165
22
207
123
104
353
788
15
45
782
157
127
93
167
620
82
217
109
6
286
269
55
15
43
235
1048
654
7
175
26
6
992
351
65
16
268
173
11
237
723
397
118
34
156
217
130
821
193
232
288
187
200
9
97
19
565
139
561
97
550
192
16
23
187
103
88
68
41
276
369
8
615
90
38
222
381
104
147
35
420
160
71
131
1
242
432
284
179
13
64
238
734
316
680
63
61
995
698
31
621
35
46
288
148
526
49
215
114
58
136
334
394
283
62
227
149
145
22
275
426
461
36
33
37
329
126
64
116
463
684
367
44
35
389
123
210
98
393
7
70
562
516
27
307
103
27
174
341
94
24
169
5
31
1258
80
138
118
612
247
20
5
108
551
1
41
55
164
307
33
183
13
102
75
12
24
82
40
159
473
128
60
251
174
235
138
98
36
514
179
152
6
206
365
184
78
120
290
141
85
364
55
33
83
234
69
380
206
222
93
114
255
9
58
112
837
8
65
32
541
93
51
5
144
766
115
6
52
176
150
152
561
43
58
119
339
17
462
860
112
106
391
448
113
11
148
132
348
224
97
80
59
263
105
684
70
123
136
109
55
107
41
495
74
238
97
206
306
116
61
400
4
210
24
62
309
1
83
360
892
233
74
43
19
404
75
195
87
482
64
254
66
493
163
691
62
222
115
23
416
194
176
185
326
595
45
20
435
89
12
35
47
200
32
50
273
188
42
667
137
198
207
18
190
8
158
256
122
462
315
115
15
115
38
8
7
83
302
34
37
157
27
369
13
150
173
24
410
284
101
235
100
95
13
457
383
242
33
523
98
208
114
113
234
223
109
256
310
77
23
114
108
669
22
1163
683
402
429
306
124
17
94
49
159
99
169
284
608
310
126
11
101
200
534
27
102
17
347
541
987
384
5
30
283
951
193
121
42
188
528
94
387
76
217
225
74
93
346
131
48
33
228
69
220
11
121
291
47
95
685
218
110
97
782
240
215
652
106
284
356
40
41
56
264
37
448
498
410
133
11
22
64
192
16
156
53
167
289
341
128
61
152
196
234
330
2
283
555
41
74
39
377
132
241
645
26
74
318
145
63
95
20
417
26
739
4
115
655
74
49
662
435
98
69
57
59
141
262
40
278
536
53
237
7
424
30
78
97
98
42
285
98
34
92
65
19
870
863
76
171
424
285
23
135
97
23
226
108
77
94
10
184
121
45
4
6
47
266
84
55
3
818
215
581
100
460
1187
373
97
155
57
199
86
551
93
223
372
582
308
79
162
284
216
81
632
76
166
74
290
83
58
269
289
43
554
145
30
71
591
106
390
81
2
152
59
431
21
34
83
392
35
687
1239
68
156
29
200
306
130
46
80
94
136
68
44
482
10
141
467
297
60
32
17
25
22
150
183
81
368
4
101
1100
22
40
452
687
113
156
196
467
194
430
30
418
273
197
343
83
31
38
224
26
65
281
232
263
277
247
396
186
97
221
149
183
205
206
667
102
66
112
12
14
168
90
467
124
441
371
28
287
26
193
461
270
169
68
66
26
435
3
859
193
255
411
43
1
146
408
100
290
64
4
4
276
194
137
325
85
8
93
172
167
170
305
141
193
511
29
113
74
38
48
98
437
15
262
363
202
43
53
357
390
325
407
165
154
315
844
133
83
141
816
177
51
347
122
415
82
84
7
233
111
759
558
562
145
394
234
412
5
371
542
106
11
132
452
252
21
344
95
13
365
374
322
162
74
493
62
406
14
11
13
162
231
103
212
1
45
278
156
225
305
94
7
252
79
31
86
131
44
35
12
27
372
339
67
366
131
185
232
338
174
135
209
145
103
60
221
98
54
189
109
178
194
103
109
335
55
364
342
332
239
752
60
253
577
103
55
298
139
92
8
142
56
78
162
3
821
16
30
98
143
151
325
537
85
61
362
53
606
364
58
206
159
37
12
93
78
318
341
215
49
103
131
48
2
111
448
127
527
23
12
280
139
342
145
858
387
3
406
687
50
200
517
422
319
85
93
16
282
110
145
285
173
194
5
218
113
455
26
62
354
78
64
252
67
2
253
2
31
111
571
136
100
520
127
99
176
356
677
67
191
501
37
76
194
216
142
13
211
12
8
285
94
105
125
693
148
363
513
48
68
928
80
270
106
209
381
2
32
227
120
536
401
30
608
152
131
409
202
15
105
117
302
64
85
293
36
224
133
66
838
315
129
517
32
25
326
575
99
160
328
211
64
107
14
35
103
174
95
79
562
369
7
324
363
20
191
154
272
124
5
144
21
482
755
34
85
137
245
39
268
307
893
54
260
181
91
64
96
188
203
331
324
748
122
25
9
135
33
161
110
114
175
583
330
235
35
82
267
49
362
527
461
123
47
203
611
333
143
970
22
260
223
360
118
161
42
169
165
232
5
95
59
35
48
45
999
53
133
352
656
21
145
1
51
68
16
297
542
401
372
11
26
4
882
198
558
25
86
173
501
423
94
71
33
223
158
24
434
180
142
256
145
106
209
108
100
605
70
69
137
7
71
100
84
150
42
30
44
230
207
296
714
55
126
76
386
133
334
270
12
338
412
347
258
483
269
107
118
22
214
158
73
10
102
43
1
65
686
5
679
264
93
1178
525
461
203
31
644
169
363
92
110
459
79
213
296
335
440
119
280
90
12
193
417
27
62
361
239
57
25
225
388
50
112
78
82
674
79
51
463
93
8
135
55
338
241
124
226
325
309
44
9
76
130
74
168
568
191
525
87
104
144
42
73
167
72
7
18
143
13
249
632
326
112
345
25
141
519
46
73
8
253
162
93
148
1075
28
174
208
282
70
57
219
29
99
184
214
15
200
106
171
126
133
58
57
187
71
984
415
6
164
91
30
164
204
34
142
308
76
643
383
178
772
1078
523
12
338
416
383
108
372
449
37
62
30
278
161
303
15
37
327
26
535
105
45
308
302
30
293
24
349
180
208
189
56
167
11
115
259
21
790
185
190
124
64
63
817
61
8
267
143
63
31
107
115
356
304
124
150
108
290
80
80
48
175
484
170
60
400
153
21
20
83
137
21
96
359
96
11
118
135
399
48
66
239
49
484
416
492
57
213
115
540
453
49
100
229
38
216
260
38
242
197
148
231
160
226
60
294
185
21
315
37
31
776
147
60
511
484
196
21
102
33
721
223
89
182
163
114
224
113
678
269
97
261
434
60
343
603
11
672
6
177
210
319
32
374
213
173
6
248
1
72
285
50
35
87
88
73
669
322
67
4
75
73
25
154
154
285
584
267
12
65
367
248
45
170
9
12
237
95
24
72
308
615
297
70
123
75
193
425
259
47
127
300
119
170
155
463
220
89
37
15
502
148
79
93
128
33
179
16
945
85
395
102
177
684
129
3
236
387
779
182
312
163
68
68
101
49
93
101
76
236
77
46
196
139
388
45
83
223
33
177
56
31
10
112
397
250
135
56
3
62
90
114
606
48
98
83
149
428
115
75
89
411
343
191
140
665
463
154
146
263
221
137
136
100
152
155
501
8
10
15
526
304
297
21
380
1
4
589
160
40
208
211
149
129
237
974
51
209
5
119
169
102
232
509
26
239
66
185
459
56
620
311
66
194
80
3
686
56
5
84
150
237
2
32
96
158
162
58
333
58
419
250
453
48
84
47
392
193
86
47
318
25
199
519
59
654
53
77
199
239
350
714
388
704
198
57
83
182
187
144
194
114
48
361
275
40
92
486
301
235
424
211
117
472
15
49
98
641
299
417
2
187
124
142
66
151
239
23
212
191
210
29
90
362
416
7
49
297
18
336
69
109
26
669
144
80
422
194
163
264
87
61
24
231
160
361
437
387
141
194
111
11
17
226
17
13
322
56
53
564
105
475
36
64
103
439
152
169
56
76
798
92
118
298
320
23
72
13
24
105
114
97
181
347
436
531
36
231
4
27
173
20
384
106
136
234
35
432
399
67
593
235
52
516
201
113
296
148
151
144
256
187
638
255
610
79
210
455
89
57
214
12
422
24
149
282
261
18
481
29
253
182
94
92
45
112
178
680
172
10
201
262
369
380
212
221
28
106
158
324
266
59
537
27
183
86
27
182
217
353
64
153
32
22
136
38
34
414
16
361
184
61
188
130
541
138
40
871
181
105
84
18
257
43
35
32
10
193
553
330
111
64
652
244
9
386
409
36
228
51
604
47
16
51
10
266
325
425
69
34
222
25
103
106
19
140
267
213
96
49
388
130
139
263
301
787
33
100
220
186
257
107
38
767
16
121
28
244
183
71
375
92
146
316
230
213
566
187
38
463
180
444
90
488
245
134
194
109
11
247
202
886
165
84
306
282
149
579
202
324
342
4
309
155
31
40
268
500
267
438
12
385
151
414
148
208
47
317
131
316
39
64
27
5
349
423
518
405
41
34
545
221
71
66
33
72
101
127
246
146
64
242
16
45
414
388
3
110
147
414
118
182
312
5
15
200
132
399
357
91
216
3
930
35
49
68
15
2
671
84
81
865
236
93
3
86
34
1
19
46
136
492
235
9
3
90
4
662
379
22
356
2
104
494
91
85
22
49
299
265
100
525
569
18
132
42
273
111
276
565
187
40
78
16
137
12
325
36
18
96
175
94
85
68
248
262
46
149
344
46
175
62
12
368
125
302
128
106
54
64
402
299
4
280
159
134
50
69
649
294
1
126
231
109
439
105
254
311
60
47
178
94
474
23
41
35
108
62
360
64
158
121
170
16
91
157
12
57
81
24
29
1000
17
5
139
625
15
68
106
455
403
27
637
320
59
137
366
110
487
627
19
674
363
59
293
413
66
100
16
107
96
189
336
25
54
14
253
218
181
168
189
80
652
53
359
151
53
92
551
210
216
131
20
217
88
222
46
229
1184
89
40
5
4
178
81
426
658
367
93
44
60
190
929
343
15
234
123
176
149
100
53
78
630
229
11
137
119
111
127
128
84
254
67
17
798
170
399
143
92
323
364
37
595
138
13
176
76
440
108
601
534
622
78
100
242
200
146
169
159
614
1
236
260
714
206
164
24
323
115
235
29
197
364
39
212
5
41
72
106
116
205
176
80
34
212
66
95
192
96
629
42
108
16
59
37
359
399
101
82
55
480
171
161
47
115
292
119
243
164
24
217
35
105
107
238
338
143
421
15
30
419
242
972
232
343
153
63
55
450
138
224
168
1018
308
139
218
8
130
141
297
52
204
718
21
83
79
21
129
5
156
121
512
177
334
229
89
44
99
52
83
5
275
57
41
56
109
119
79
102
318
20
42
17
664
367
144
99
41
246
99
37
21
318
482
114
63
14
275
4
30
365
140
438
866
62
47
11
7
125
271
188
42
166
194
374
205
88
441
411
344
298
156
288
368
651
61
230
4
11
428
559
165
134
80
125
7
7
128
216
216
47
232
24
18
95
124
23
236
44
522
114
8
212
195
127
155
105
90
589
751
204
146
122
512
34
194
16
224
587
154
34
321
535
32
235
444
16
343
65
188
206
157
15
183
312
11
314
110
41
321
41
7
506
26
481
582
107
105
97
213
139
224
122
108
133
81
128
727
71
150
195
86
168
415
26
56
255
629
17
43
547
102
232
8
18
422
134
348
113
546
104
242
66
417
84
583
73
220
510
223
308
28
58
85
114
66
61
227
17
44
152
5
459
43
22
340
107
242
49
50
708
223
133
141
655
387
112
71
114
319
392
69
90
439
24
134
71
81
147
172
180
83
39
160
476
116
107
36
65
48
703
63
98
72
80
255
78
9
37
368
136
178
117
24
581
320
1
33
338
347
62
174
17
223
457
431
98
187
607
354
33
283
126
167
199
257
694
765
52
178
400
110
245
26
37
94
163
163
163
36
53
294
48
73
122
46
110
184
88
100
100
162
179
102
62
40
55
13
319
416
203
89
221
86
447
240
434
71
73
178
60
353
97
103
108
79
259
221
76
275
111
243
276
6
59
499
291
213
88
217
154
733
187
554
168
104
124
365
307
12
98
7
115
512
244
37
65
45
987
141
914
362
326
223
97
519
450
340
51
944
244
16
61
334
67
202
100
362
108
67
101
330
23
281
60
231
51
268
153
116
121
428
242
382
70
207
1
417
87
76
259
221
190
18
99
440
486
129
351
90
87
891
182
223
378
80
268
347
166
1180
66
153
101
229
160
57
68
42
213
133
167
87
47
198
1219
231
227
227
348
44
98
37
124
29
189
264
22
11
263
147
548
12
589
558
45
141
130
555
296
20
263
79
167
174
120
67
93
20
53
193
121
62
116
472
151
23
1129
11
117
570
561
108
33
54
74
17
84
225
63
77
81
89
688
568
129
96
16
145
364
272
136
26
77
392
44
244
548
151
220
212
155
266
478
202
187
17
132
86
101
53
164
57
30
47
118
368
145
369
159
226
21
68
60
164
8
422
242
34
211
53
408
153
35
433
6
283
73
88
540
23
5
536
345
10
679
18
177
141
1047
306
40
176
117
182
214
67
79
567
392
77
56
62
46
213
37
166
149
361
352
8
126
233
797
59
94
145
39
212
35
96
79
265
27
150
283
290
38
187
783
97
105
256
410
460
187
596
141
217
131
101
92
80
53
99
27
100
94
502
257
312
65
428
1
578
97
61
149
21
195
337
471
61
525
92
68
196
90
77
52
312
333
111
237
210
256
131
100
62
359
885
35
180
99
102
193
98
314
3
339
28
39
35
19
86
379
258
370
32
20
201
129
65
67
97
40
202
301
44
351
140
183
521
199
96
71
67
398
272
8
129
72
182
84
396
194
30
118
258
129
101
300
264
130
38
139
45
316
31
173
273
165
123
91
104
409
233
32
394
147
112
212
334
56
129
715
24
226
369
349
299
255
144
257
110
167
55
495
65
19
57
211
71
343
46
219
164
49
63
108
109
123
165
2
212
137
566
62
15
152
99
611
278
246
400
178
130
35
657
348
128
50
55
396
1
517
151
427
1
177
21
567
50
210
923
77
21
141
104
286
397
161
113
199
948
35
7
96
208
300
160
91
27
542
203
111
703
69
572
55
329
142
92
450
137
34
66
207
256
77
131
84
177
45
82
139
75
99
342
116
204
5
508
146
8
168
37
454
66
109
222
331
148
19
135
316
117
29
245
445
163
168
4
56
74
6
41
12
874
75
56
122
31
187
254
23
132
12
307
40
798
500
216
138
35
9
19
138
51
354
65
330
24
134
14
6
12
230
313
199
295
112
158
124
322
77
72
331
45
513
211
143
20
131
171
14
46
215
5
49
765
179
245
821
89
456
482
192
367
481
224
103
422
358
41
361
55
11
277
29
103
70
35
133
186
448
320
23
189
365
86
135
333
386
114
386
273
50
10
63
198
157
16
98
1144
51
358
71
10
312
394
114
290
427
491
6
126
9
114
14
315
15
88
49
315
33
193
242
41
125
42
178
90
144
652
123
66
422
99
484
300
189
33
496
115
1026
270
110
188
462
72
54
208
114
160
200
682
22
29
207
12
53
63
147
588
369
2
77
88
229
679
18
637
232
384
196
7
153
228
66
510
156
569
269
149
186
213
76
85
113
172
210
47
261
119
89
62
208
194
148
74
22
456
170
19
67
518
118
204
1155
1227
166
63
27
191
162
60
385
190
42
464
582
60
152
681
273
19
263
35
30
483
126
245
47
265
125
196
283
8
24
330
128
39
176
131
487
70
139
31
9
175
148
178
162
47
560
25
218
310
195
119
194
253
99
172
214
57
46
1
166
174
45
165
207
481
913
88
59
228
54
549
199
586
520
78
60
41
94
480
127
87
87
489
136
182
95
109
245
110
170
197
58
219
28
99
311
26
298
216
180
41
63
423
218
72
88
884
33
210
39
16
264
331
178
74
57
344
88
45
45
128
238
394
121
26
36
60
301
595
65
29
127
560
581
223
312
125
23
116
107
318
152
332
196
105
82
88
126
98
20
89
173
342
10
10
483
137
105
177
16
275
38
133
146
323
125
132
57
127
345
139
81
150
126
296
469
189
611
269
360
1471
48
318
425
24
116
136
120
12
338
65
268
19
137
98
123
83
389
613
397
172
135
651
67
128
391
21
525
23
29
27
26
20
36
440
264
48
6
128
921
306
40
238
110
298
187
130
26
369
2
43
14
59
116
176
263
727
110
96
207
315
505
31
44
345
59
131
89
46
77
53
160
98
31
226
92
332
51
95
106
78
204
297
422
44
85
21
56
21
251
238
181
319
238
96
4
10
199
419
170
98
34
841
54
67
41
148
110
112
104
216
83
139
77
273
481
75
51
45
127
193
31
173
502
122
42
105
204
88
66
397
306
67
260
492
59
195
197
2
3
17
157
420
1
352
124
194
92
266
114
163
35
10
624
8
85
80
129
285
48
12
9
232
1268
199
168
38
451
59
206
92
37
114
98
160
186
126
77
97
11
332
230
326
36
181
56
157
44
44
657
549
742
37
176
14
336
98
160
413
163
291
57
78
142
95
5
36
113
73
966
133
89
23
4
158
107
46
565
10
100
12
109
106
63
116
115
41
109
262
461
24
253
120
70
8
57
3
433
38
393
556
111
376
64
105
361
89
574
152
352
618
117
26
566
195
146
81
643
240
184
11
40
571
629
79
134
38
44
225
274
1
93
236
104
391
95
255
403
301
417
604
150
33
121
344
782
801
57
5
91
264
267
723
70
100
591
28
93
358
283
455
257
10
154
186
165
95
379
63
43
77
113
164
141
884
27
340
79
401
16
106
243
422
322
78
139
122
122
74
81
189
514
119
67
221
3
115
92
262
123
135
55
123
498
37
15
67
275
765
24
193
246
25
408
45
89
32
99
21
83
9
186
163
68
73
52
44
168
218
31
249
167
11
293
208
274
75
96
78
47
101
340
164
617
128
187
51
167
258
465
57
159
49
61
43
6
222
249
533
10
131
11
178
28
354
456
71
107
54
112
401
902
95
62
688
249
156
138
594
41
156
78
332
29
119
52
143
528
653
52
31
100
325
20
20
239
511
17
321
144
491
13
30
36
120
193
22
711
19
688
373
161
73
65
212
54
13
61
690
88
341
188
13
210
62
26
112
108
209
24
141
265
7
647
352
101
91
99
39
343
192
69
375
193
556
264
191
18
22
711
138
65
20
9
465
584
50
354
61
5
156
29
268
388
1
214
22
609
18
112
98
115
80
174
90
490
180
2
140
2
84
332
136
56
400
11
360
143
267
281
266
383
89
203
311
281
582
148
182
232
315
544
440
20
35
319
60
168
198
284
20
115
61
15
344
108
111
140
1
218
187
65
122
351
15
119
504
102
246
298
105
10
449
119
336
34
284
270
430
73
199
868
29
415
14
443
340
154
68
190
147
340
83
192
139
126
414
272
89
377
380
128
22
16
2
386
59
19
135
13
10
116
101
8
82
552
228
59
67
579
40
545
125
131
35
374
108
430
39
8
73
61
214
148
256
105
790
96
65
118
118
56
7
422
604
185
96
79
272
866
137
171
12
93
435
59
3
419
49
309
186
43
513
437
28
221
295
66
403
184
497
408
112
195
174
28
152
250
503
363
191
284
42
610
18
36
328
355
166
125
98
129
3
107
87
15
822
141
52
142
577
112
39
24
644
96
498
69
182
273
171
90
95
17
172
45
209
465
47
1
45
47
412
369
126
57
235
57
217
126
151
145
249
26
5
1191
68
153
258
11
344
109
534
431
345
76
83
7
89
146
11
211
5
160
22
95
58
178
4
583
77
356
182
75
430
68
104
125
93
593
35
238
22
321
160
132
128
213
193
282
8
67
60
280
377
302
631
36
402
224
93
318
355
257
330
139
101
410
51
152
440
82
368
22
160
70
618
79
163
33
7
64
263
342
256
96
50
5
325
413
9
17
289
144
314
23
3
67
102
36
89
77
56
56
404
274
139
214
206
229
7
235
223
18
241
19
73
235
102
60
125
301
255
265
39
481
146
320
152
120
62
321
216
7
161
16
320
235
142
783
16
478
172
2
17
63
112
102
364
587
89
73
54
270
12
461
160
447
8
118
33
100
178
282
556
789
210
13
217
182
82
244
231
124
170
224
68
148
188
101
26
139
318
342
422
49
116
43
330
124
21
159
28
18
39
89
778
165
20
69
637
254
762
191
413
428
29
24
303
24
37
16
509
315
27
75
200
60
123
165
358
248
40
119
42
23
11
62
154
62
34
237
214
468
205
358
3
339
19
174
147
494
55
303
756
91
132
28
44
143
541
75
131
349
124
81
151
194
127
137
81
226
355
8
43
180
279
359
115
1052
877
44
547
101
41
41
1023
380
252
125
269
47
464
17
170
19
383
51
329
99
445
101
11
131
354
554
126
342
617
113
122
57
20
459
512
187
168
77
208
728
103
88
464
41
193
385
463
412
790
1
35
294
1
219
89
117
175
384
389
49
25
302
85
137
100
136
377
46
43
159
173
163
348
230
316
400
162
671
52
209
42
96
40
248
245
85
423
114
56
19
46
1310
75
97
87
279
178
188
159
115
14
177
102
143
1069
38
917
63
104
18
66
749
156
507
571
281
26
343
48
108
222
309
347
907
383
19
234
28
23
266
78
30
110
135
237
374
206
99
154
3
16
54
283
145
342
6
841
8
180
339
496
117
123
558
135
182
59
18
154
350
17
44
585
274
247
216
2
217
47
277
596
71
243
295
79
3
148
576
76
68
226
105
152
216
480
96
122
346
59
460
10
32
96
35
216
67
182
367
396
34
398
140
48
518
199
103
194
74
412
291
103
357
33
2
164
75
10
308
115
62
336
108
83
128
173
202
39
95
717
25
272
190
134
281
294
70
112
38
57
86
328
113
44
178
4
97
127
264
193
227
194
25
23
383
141
69
727
135
219
54
569
512
23
109
229
117
161
98
420
130
299
35
786
248
24
14
133
198
244
88
17
110
216
36
151
297
182
41
176
108
304
223
355
7
95
10
294
89
572
312
886
11
279
395
296
54
5
93
946
43
223
239
192
52
228
302
238
18
208
340
31
668
204
18
40
166
585
15
312
28
325
225
797
755
230
228
65
126
67
46
43
408
276
96
27
32
64
559
116
9
206
640
22
147
344
128
284
795
40
34
140
53
123
337
72
226
11
514
72
252
250
388
604
314
66
24
51
16
139
48
332
54
162
127
206
76
97
110
156
19
104
11
97
795
243
169
185
493
72
1583
97
30
184
49
92
116
177
241
57
278
447
278
17
189
75
72
208
112
376
26
261
9
514
191
198
157
326
456
297
329
382
105
298
263
241
284
274
199
590
9
59
286
120
76
266
118
337
138
260
298
46
84
271
80
1
313
33
505
137
86
473
327
19
271
117
82
55
165
192
153
192
27
4
151
202
59
134
92
545
45
49
26
485
123
50
311
425
193
178
657
725
15
78
246
91
233
16
204
485
70
258
215
340
9
6
81
99
140
61
87
143
209
34
16
461
114
3
186
287
52
69
91
491
315
160
215
1
6
16
37
423
49
8
390
267
668
140
66
25
182
45
244
86
36
76
18
168
350
45
71
345
378
80
217
122
387
87
31
71
203
173
70
298
40
267
80
153
38
91
82
232
222
222
19
52
37
40
119
301
311
16
272
46
320
137
54
46
40
241
952
142
132
110
55
239
204
52
189
83
7
63
70
118
117
59
142
436
40
621
71
404
14
33
33
4
136
70
74
55
69
307
95
394
197
38
12
49
201
28
179
57
1290
175
334
46
52
280
72
10
331
165
196
204
1
34
15
86
115
617
606
23
69
4
340
163
51
23
214
93
324
68
137
79
200
100
93
56
550
42
36
97
281
204
57
91
148
9
107
56
53
111
16
341
455
6
38
287
151
53
307
219
94
285
455
185
173
139
74
75
16
319
28
161
338
160
364
307
35
767
108
254
173
91
114
391
104
216
209
190
428
61
7
16
38
343
249
19
174
114
324
197
269
8
167
38
427
94
484
24
7
87
222
290
60
36
199
40
248
890
315
48
256
203
357
10
190
693
45
275
129
114
411
410
193
177
46
355
555
474
347
4
393
292
22
82
35
504
22
45
72
71
139
200
172
146
126
136
248
508
649
148
42
125
97
46
1
84
21
18
13
219
298
215
578
11
1012
89
59
122
31
337
60
19
1
494
16
299
13
315
15
189
584
79
272
46
10
58
289
107
220
125
110
430
333
206
43
58
639
256
190
75
419
95
60
18
430
16
530
2
171
320
440
43
118
7
61
11
106
21
96
29
213
124
69
146
342
13
20
193
654
69
103
273
67
250
168
53
14
18
634
148
345
352
652
8
20
133
592
28
413
74
491
12
35
155
4
55
153
124
274
207
74
456
421
265
39
26
11
233
337
459
14
89
123
222
224
263
399
141
24
62
226
498
6
618
193
28
14
116
150
410
350
6
211
83
100
724
50
92
38
359
273
113
58
61
762
174
2
19
18
412
33
5
463
109
722
335
341
201
740
52
51
301
191
229
778
98
99
423
509
228
691
63
329
167
187
244
259
68
152
30
109
84
162
225
130
305
183
367
428
111
99
113
426
31
798
277
202
295
105
176
198
289
20
330
72
35
78
414
433
766
109
27
421
202
477
48
39
117
85
125
67
365
8
185
190
100
100
176
71
46
17
572
152
311
306
134
413
7
226
226
134
78
112
145
336
116
449
85
188
73
58
80
358
41
281
2
91
111
465
287
960
89
29
149
224
101
407
166
141
772
10
268
103
120
494
959
510
108
67
142
55
273
549
71
235
265
122
196
541
188
37
16
19
422
99
192
528
235
300
143
150
285
457
104
86
643
355
123
57
44
578
374
91
185
199
121
89
268
36
36
631
300
113
155
71
94
285
53
6
58
149
4
191
22
318
266
429
511
251
8
37
92
363
53
29
43
32
21
230
104
767
10
503
53
152
97
227
112
58
20
152
27
260
1012
306
243
101
146
107
415
245
15
109
140
4
57
156
69
459
281
379
508
24
108
32
273
475
12
198
178
675
212
387
347
179
171
101
53
118
57
42
347
153
25
14
28
198
45
107
32
436
35
101
115
382
28
324
164
174
52
447
95
21
15
60
81
491
22
34
79
311
33
71
56
148
592
152
284
500
25
113
131
247
63
43
15
181
288
474
97
39
308
164
65
565
53
359
22
20
33
24
176
91
34
224
17
177
169
170
386
50
264
25
130
163
61
126
481
348
194
76
102
466
361
13
271
411
266
151
11
25
140
213
176
46
527
21
274
56
43
69
395
653
146
354
314
48
153
302
4
25
250
260
58
171
243
37
45
93
475
28
170
167
35
149
399
113
367
44
26
180
59
28
42
222
210
308
159
13
240
8
106
32
303
234
11
179
538
1
10
1
308
62
149
192
87
321
552
61
871
114
164
83
104
439
47
634
6
7
83
15
177
137
20
223
64
178
99
594
67
7
206
116
28
107
53
8
144
462
66
3
41
25
417
293
146
239
63
155
62
128
51
326
58
275
5
165
91
215
77
55
271
11
76
113
107
439
135
42
75
183
85
19
627
104
90
296
229
7
235
49
246
363
265
112
657
263
30
286
589
717
89
204
140
51
92
355
360
385
167
7
194
1
158
881
165
69
293
354
47
255
280
442
103
252
406
235
48
263
81
77
199
121
141
539
891
7
14
177
75
76
42
25
157
168
62
73
681
192
79
3
195
516
248
160
28
154
21
572
241
94
131
95
272
396
48
134
360
77
210
265
128
27
167
177
101
20
397
259
394
15
261
991
225
34
306
67
95
167
87
27
90
199
109
38
81
329
106
63
456
62
78
105
223
685
90
39
251
256
215
7
210
41
30
6
80
61
36
62
89
511
8
296
83
337
633
5
36
269
139
361
59
102
61
358
805
99
256
51
58
555
580
22
123
78
41
750
295
119
2
299
2
166
7
3
957
175
409
90
258
611
84
83
43
175
186
80
43
289
58
211
802
170
812
458
29
246
693
67
103
58
117
39
686
70
226
168
479
559
467
238
50
177
65
149
53
7
127
76
332
78
5
751
21
321
1
134
55
102
13
1114
371
161
168
534
189
283
304
282
440
52
293
204
167
195
21
265
21
74
543
69
13
27
179
76
3
29
44
5
11
71
139
276
554
176
119
180
5
118
197
133
614
30
33
445
106
436
19
457
275
73
11
394
453
20
667
94
86
116
269
282
173
34
313
294
272
503
25
331
2
234
650
60
84
243
240
59
24
10
861
158
84
63
358
256
750
714
198
121
652
508
287
6
154
166
477
433
155
128
171
79
20
221
1
39
142
72
7
189
274
195
1347
318
64
309
64
216
232
92
152
118
495
27
92
66
90
616
71
144
341
139
317
704
146
104
116
525
29
209
272
601
25
664
328
91
32
313
78
165
28
257
21
365
138
584
201
9
49
188
409
218
72
188
254
228
56
287
110
320
24
334
98
86
263
65
162
165
306
162
478
102
27
78
49
253
48
193
182
544
686
210
2
569
503
274
59
130
614
120
172
220
162
45
134
782
358
184
393
68
53
240
514
56
48
71
56
281
303
257
64
228
50
9
167
159
351
45
65
129
10
4
1079
1
318
167
157
23
94
352
330
8
281
41
53
61
211
196
2
51
32
41
202
19
66
184
388
65
101
188
203
434
204
404
56
421
99
1513
3
19
5
235
602
457
355
78
215
245
109
25
328
781
128
62
203
15
40
735
222
142
49
585
32
4
169
54
84
590
22
582
82
96
39
288
75
164
35
282
2
534
48
117
102
134
29
175
43
195
224
218
62
52
21
155
179
61
99
46
321
126
523
41
479
150
565
126
97
70
217
132
10
96
118
22
5
316
264
19
42
362
52
2
91
2
14
10
257
25
96
244
172
67
15
372
22
38
32
13
26
740
129
366
146
182
58
119
95
157
18
17
130
464
7
44
36
4
94
133
62
35
150
141
25
366
615
100
59
9
84
216
628
14
610
143
25
47
131
222
202
738
52
46
427
21
1147
59
78
4
131
46
469
17
158
51
76
37
52
209
224
702
313
48
309
197
223
145
148
569
245
330
114
505
108
117
44
325
271
12
741
91
16
467
72
209
401
76
161
456
284
290
202
422
131
141
755
73
112
52
96
194
50
271
428
326
26
28
40
132
191
77
257
1
12
194
18
260
203
18
221
59
195
57
98
305
25
42
90
87
52
89
72
34
6
44
164
208
7
531
165
241
227
184
202
131
159
271
380
66
259
226
756
10
27
557
30
311
25
265
57
186
74
666
400
161
390
269
142
12
14
407
8
24
250
74
57
527
442
1031
36
90
255
18
60
236
308
6
15
22
195
129
103
138
26
118
195
496
34
304
56
58
87
74
66
125
50
233
167
17
207
121
163
26
519
30
283
43
84
11
83
4
138
173
14
12
79
158
19
117
19
173
276
4
53
585
503
185
110
356
14
61
177
151
153
319
91
146
43
31
281
429
13
527
78
12
611
461
337
87
283
108
153
53
129
286
66
363
165
126
59
224
239
99
251
838
167
260
306
272
280
266
45
272
80
77
99
295
55
57
238
71
17
51
21
230
85
125
66
93
303
18
94
1041
401
710
56
515
20
84
205
40
20
282
15
44
44
286
253
109
171
471
70
34
130
83
23
255
275
247
55
67
25
176
35
108
122
25
187
315
150
36
25
8
82
175
771
34
235
534
9
157
15
65
33
9
87
81
179
713
155
223
94
215
17
40
240
105
341
148
124
97
56
330
24
91
15
42
288
395
329
181
338
155
76
87
6
112
12
406
76
490
10
27
28
488
33
42
334
64
295
132
224
350
176
873
57
13
91
30
128
501
142
188
48
199
90
261
483
25
524
245
280
399
15
111
38
342
300
3
6
39
185
429
82
185
410
141
382
404
273
180
95
62
260
530
27
457
262
177
1070
58
61
236
22
825
407
153
94
133
95
33
182
22
15
46
286
154
98
61
871
91
47
73
661
40
91
184
35
61
107
242
243
81
81
300
66
66
40
1513
362
92
81
45
135
468
101
147
128
312
96
57
111
821
52
196
574
69
69
288
207
133
408
118
221
45
93
1071
495
184
45
689
419
62
1414
378
101
61
65
137
50
414
16
158
216
979
264
135
56
170
84
211
200
38
6
306
277
6
176
132
91
204
186
39
7
78
243
413
254
244
419
101
673
206
219
83
466
142
29
115
1
82
81
181
433
299
69
64
5
85
33
125
238
540
152
631
12
4
263
33
178
186
349
16
456
69
73
459
18
134
72
181
180
55
6
3
444
179
145
14
301
5
47
60
241
396
178
54
501
43
86
210
373
41
51
820
109
90
26
181
381
266
173
231
180
67
41
109
384
282
9
485
151
63
409
66
434
211
384
151
340
2
303
114
12
137
205
36
33
268
49
431
171
452
301
5
327
338
142
112
237
59
221
32
2
208
50
8
131
92
410
617
35
896
52
213
138
118
24
57
528
209
209
79
83
124
40
148
58
149
229
269
11
478
225
242
37
10
74
29
113
519
214
49
173
1054
386
167
39
306
33
127
342
219
121
165
605
287
152
230
36
117
89
33
69
100
319
23
38
256
32
61
102
17
235
190
499
53
322
143
331
22
257
212
21
244
203
83
548
758
11
186
2
579
35
159
135
49
57
133
106
59
262
47
295
111
529
9
57
57
36
514
359
357
66
49
60
6
38
135
153
28
111
751
123
282
222
511
118
266
242
160
135
172
2
393
209
106
312
952
384
533
5
83
105
60
263
37
5
53
910
583
247
18
330
18
106
550
120
86
223
34
74
186
53
672
482
43
383
78
36
156
55
148
109
96
105
138
124
25
77
64
2
262
30
158
347
330
731
453
5
1102
104
148
230
164
231
8
79
64
512
68
105
92
28
184
89
290
112
147
76
61
73
113
22
642
52
15
167
193
134
98
438
29
184
253
485
466
23
285
26
62
25
67
86
271
126
19
349
74
304
30
193
100
86
87
25
373
18
12
180
175
139
140
141
26
536
130
159
261
807
114
26
113
108
28
67
148
106
59
289
484
139
1268
34
452
9
1
400
234
163
267
556
89
303
231
74
104
310
96
189
254
3
247
28
25
143
132
747
38
83
248
20
173
81
186
40
281
44
252
30
446
43
45
21
46
78
250
239
155
66
367
181
33
24
176
492
295
341
379
216
265
383
105
240
103
279
71
111
156
363
33
229
582
63
94
9
643
79
253
9
35
54
27
123
455
108
101
48
536
129
176
8
392
293
209
114
167
575
62
16
110
48
77
50
115
301
6
46
16
51
37
231
1
46
83
199
109
68
344
261
53
80
417
65
305
27
16
26
88
339
151
325
36
309
170
118
8
113
303
136
173
216
417
527
451
119
115
1
301
72
439
30
101
599
287
4
82
38
221
161
32
1050
687
265
25
57
188
3
152
216
18
66
21
138
1
11
285
635
47
610
195
57
682
18
57
201
27
93
583
97
288
134
103
348
71
127
52
136
127
161
303
190
57
104
399
344
10
71
189
115
71
74
46
30
293
40
238
97
232
481
200
121
7
216
232
92
16
17
10
209
155
216
273
35
107
41
232
531
389
424
163
73
40
92
88
46
87
1
278
535
4
231
1
70
136
288
215
105
247
22
244
11
158
461
131
424
170
101
739
85
194
810
325
242
42
489
145
455
24
23
145
254
149
47
64
7
141
125
14
117
118
156
539
62
165
330
29
19
164
68
267
328
409
283
207
136
133
40
245
437
319
2
40
490
127
123
55
4
299
103
277
237
94
414
12
14
1567
433
584
324
10
172
167
63
133
78
128
59
19
422
162
13
136
43
8
102
595
450
69
338
87
39
211
22
113
10
984
121
196
186
60
293
167
120
213
489
230
288
292
66
391
42
63
149
201
25
128
298
474
114
111
49
196
91
323
77
101
126
59
202
153
104
136
119
128
167
310
29
6
31
24
180
135
283
218
184
905
46
615
91
28
126
49
50
81
141
78
256
445
5
573
11
40
237
40
5
774
9
85
155
113
133
39
519
151
240
30
360
230
384
12
47
57
379
371
11
161
24
114
105
98
13
287
89
87
383
530
98
30
129
71
693
30
308
259
263
92
183
231
907
39
110
119
13
264
484
16
34
249
215
119
42
42
102
1600
110
40
51
123
35
374
522
48
128
279
2
193
41
54
143
457
10
65
55
419
104
477
119
65
41
172
183
293
181
120
79
158
82
32
28
167
230
368
516
57
77
47
17
330
38
46
627
643
46
28
188
45
114
538
254
102
6
60
85
460
425
38
184
424
104
16
371
34
2
247
127
35
1111
311
480
84
74
45
527
209
428
54
320
91
13
335
125
1209
305
47
68
114
3
44
119
16
36
28
197
48
479
417
6
70
49
26
91
89
501
853
433
81
254
112
9
104
507
101
427
49
287
52
299
12
227
47
164
323
88
341
238
354
424
190
153
180
463
39
66
20
12
37
282
735
169
438
159
121
92
96
206
314
140
123
29
159
68
263
21
77
574
1066
56
41
29
8
101
179
45
63
126
414
131
43
549
30
142
31
135
270
127
71
437
12
287
99
214
307
666
32
241
131
25
391
112
158
181
23
134
108
129
12
242
26
229
90
70
723
353
13
3
175
4
151
51
548
143
373
184
266
162
218
124
266
65
588
95
67
505
194
33
314
74
155
260
88
396
328
36
51
10
387
51
101
148
72
260
593
562
1
45
124
193
85
601
28
10
32
42
392
129
52
44
7
139
14
60
39
575
145
85
54
437
17
47
232
47
228
582
47
125
96
208
26
117
21
47
71
61
232
511
351
84
109
465
11
16
78
740
70
169
75
25
540
73
204
4
12
5
173
445
110
248
363
24
639
5
220
269
128
856
30
193
359
81
150
5
86
63
84
152
141
21
398
49
378
127
297
219
45
200
280
11
442
150
173
259
79
17
207
147
129
138
107
65
195
670
262
293
5
155
140
159
238
187
233
381
22
290
15
30
469
108
324
93
142
819
33
184
211
12
126
1016
256
69
300
408
6
134
10
356
291
166
149
189
383
456
30
243
106
321
125
102
12
131
37
65
286
91
121
325
128
22
106
16
52
18
354
83
809
392
86
91
397
55
128
65
12
133
109
503
17
102
52
91
199
206
30
213
263
38
250
95
106
21
184
31
181
333
147
178
142
286
82
931
43
225
281
16
128
184
170
25
2
185
758
533
237
118
374
401
21
29
145
82
41
203
1
10
6
195
30
139
253
179
168
326
51
47
26
138
93
46
134
94
240
226
229
646
108
32
61
265
27
43
305
212
187
7
112
24
75
446
76
500
349
127
115
91
6
99
221
2
23
659
455
58
55
22
206
67
11
256
46
163
229
139
304
66
176
77
151
26
361
48
8
216
30
53
41
243
61
869
360
9
30
64
95
291
74
173
144
242
591
407
83
21
50
119
27
29
25
55
325
80
175
98
193
142
10
113
442
77
39
975
104
1502
2
55
85
107
42
5
68
792
163
1
37
180
313
197
289
21
71
64
181
126
27
119
260
49
11
85
134
40
197
190
140
58
89
238
14
33
275
172
71
392
107
60
8
269
9
387
1
6
76
184
19
258
199
206
94
140
262
672
275
253
10
64
185
28
512
42
210
105
120
179
53
9
33
133
33
248
46
38
131
274
119
29
74
291
392
115
488
13
293
1
66
369
130
194
145
586
151
777
9
17
89
207
24
46
137
59
153
32
25
353
40
10
15
137
29
258
37
143
8
160
556
441
159
521
157
146
103
779
21
13
9
154
26
151
74
882
63
390
16
33
46
72
115
232
212
7
66
44
141
295
316
181
23
298
384
335
126
10
285
128
209
28
68
187
781
60
151
2
97
72
136
74
132
66
510
101
284
328
73
59
108
83
165
317
53
149
84
333
14
145
115
204
68
191
60
183
306
14
362
368
372
76
90
214
168
224
212
416
9
183
191
115
7
163
15
250
92
258
1
243
277
114
196
216
48
213
66
67
638
100
198
9
283
85
19
251
218
191
933
311
58
485
122
275
19
777
100
434
220
231
223
267
148
159
382
233
261
23
149
463
154
500
209
27
76
161
527
125
170
121
205
297
53
665
503
217
468
99
582
336
92
111
5
198
766
336
1245
368
51
163
1
36
29
149
833
172
329
347
825
89
234
280
211
114
507
237
569
27
103
303
134
685
330
234
174
168
76
105
67
48
40
71
172
57
698
77
15
386
191
286
44
77
1860
72
107
83
86
285
72
161
19
93
26
312
108
566
247
47
75
258
64
382
39
84
571
318
379
196
225
97
49
231
88
262
19
22
219
7
206
153
195
344
15
179
69
233
251
89
192
222
86
96
407
315
426
114
209
539
39
848
510
164
40
201
19
122
28
97
133
7
4
25
93
67
11
21
315
9
78
371
88
160
101
46
80
6
14
4
17
55
578
37
64
268
38
92
408
342
447
173
71
328
311
76
388
284
78
287
284
43
592
3
346
477
6
58
58
146
177
65
127
292
274
33
154
59
582
92
4
192
270
88
409
330
90
217
53
153
288
224
220
124
102
45
284
65
101
312
167
44
101
20
447
9
287
28
392
105
89
345
240
25
199
179
76
121
53
106
138
92
393
31
84
28
168
125
273
209
59
74
165
690
156
17
64
11
295
151
267
125
86
211
488
9
24
97
17
28
1189
152
137
132
232
238
575
119
121
173
48
138
621
146
398
241
36
167
93
60
31
849
2
219
638
133
144
187
80
11
728
42
85
248
474
171
478
17
869
205
30
8
112
282
115
84
117
53
136
184
314
178
372
88
378
48
78
228
42
129
5
28
29
620
12
88
62
327
312
61
79
456
320
10
143
355
54
516
191
92
396
589
921
116
113
248
313
66
218
73
130
310
147
94
9
255
1
178
561
329
41
112
33
95
249
157
108
181
131
201
8
436
235
20
60
228
12
86
241
4
73
33
288
34
278
281
155
272
34
61
33
228
155
749
2
47
56
39
591
100
439
10
246
153
137
56
268
206
126
300
313
151
214
255
62
208
53
126
309
59
171
533
614
1004
461
153
305
133
387
74
280
7
305
724
744
5
430
77
105
28
1
263
192
458
52
58
13
338
17
508
74
121
109
427
60
308
466
549
241
64
22
6
78
317
15
112
152
7
164
634
20
108
180
35
17
39
195
227
11
224
1034
275
677
140
553
25
329
166
300
57
81
188
198
32
869
113
59
210
104
50
77
149
126
55
292
54
111
97
152
225
1080
243
67
314
655
157
128
86
44
72
86
270
182
136
40
40
522
34
113
21
715
45
11
21
9
335
209
82
54
139
274
194
137
391
362
27
375
224
124
5
388
117
6
497
279
454
179
95
36
215
70
119
627
166
272
129
38
336
594
16
119
134
32
194
1004
164
32
6
143
707
115
69
15
460
364
135
103
286
313
238
163
19
28
181
110
405
127
38
13
99
759
66
82
63
251
136
299
236
68
3
43
130
5
7
640
12
95
101
136
1024
326
340
343
17
336
213
298
204
104
109
281
34
203
859
146
267
145
300
716
193
567
315
126
45
550
370
135
288
370
306
77
129
274
31
141
250
341
632
292
93
336
40
30
43
110
124
614
280
250
264
164
36
95
77
61
26
939
7
129
83
7
6
142
10
351
310
2
163
48
12
137
150
12
25
587
13
110
42
614
33
167
83
87
197
121
275
372
41
20
200
166
168
80
255
9
151
87
179
169
204
211
257
102
157
174
199
281
303
79
395
37
259
112
69
3
291
200
124
348
75
56
101
60
249
250
221
56
244
256
23
64
123
100
578
60
338
553
347
799
368
103
104
177
58
269
1471
11
342
649
12
35
98
152
313
452
136
286
463
302
79
111
187
10
811
67
528
45
253
291
151
444
46
149
602
161
123
9
185
336
134
18
86
31
61
32
2
219
23
204
219
214
24
10
19
214
210
288
22
241
177
324
70
179
70
35
393
271
12
683
611
136
562
56
94
110
287
93
594
181
48
23
111
52
281
63
61
258
90
403
24
168
261
412
97
7
3
91
245
41
256
56
194
27
340
62
100
774
227
174
57
164
587
149
403
44
487
402
163
245
136
51
340
647
110
456
307
2
259
313
66
57
20
233
445
180
52
172
412
32
296
55
55
63
477
362
446
180
49
242
26
467
439
13
73
97
485
450
45
35
62
232
183
204
309
49
303
194
276
45
142
183
296
488
961
69
36
177
196
331
60
267
349
125
390
41
420
228
106
713
11
666
552
438
443
110
96
361
2
298
110
272
47
87
95
60
69
6
59
487
103
170
185
6
59
95
40
3
11
9
21
81
131
280
144
357
187
1022
112
209
6
126
293
109
22
289
58
4
199
257
42
157
308
605
312
256
252
130
23
158
169
1070
29
64
86
236
53
157
108
21
117
374
2080
621
291
5
158
157
7
10
53
128
114
325
161
92
77
13
53
117
87
97
98
111
197
41
54
320
325
207
46
349
486
256
331
83
406
601
21
268
79
64
8
47
560
189
242
171
215
96
158
312
22
250
229
158
223
159
114
519
105
86
17
185
70
213
12
163
1128
43
157
270
242
264
241
251
26
129
118
227
58
24
26
439
4
78
375
519
79
575
670
300
237
125
91
47
3
27
14
103
156
80
447
68
242
159
181
189
381
141
50
28
142
297
29
587
49
178
138
127
190
10
166
450
298
100
186
286
125
240
410
138
88
152
92
122
365
555
344
90
135
101
228
248
325
855
134
4
70
134
127
114
152
191
228
222
54
29
165
256
2
9
55
79
295
172
106
223
179
49
42
66
380
117
237
165
133
124
319
1000
75
174
331
105
9
144
135
82
29
63
50
453
697
483
204
45
175
345
227
243
105
307
52
147
51
152
88
36
407
1
103
193
317
7
312
81
17
236
433
652
817
954
296
115
214
35
64
67
12
52
12
215
242
32
43
17
91
31
697
80
55
141
88
129
276
179
461
137
156
45
129
129
305
16
207
363
82
261
11
175
501
83
204
1005
396
454
10
321
138
86
15
53
374
661
114
907
203
187
376
146
72
39
177
201
877
432
127
544
55
216
189
577
95
74
273
142
56
254
135
91
77
342
102
96
486
125
27
114
102
5
164
93
44
382
63
10
151
100
23
480
172
19
73
14
22
403
480
85
36
101
501
73
951
338
515
198
199
41
208
518
114
93
40
94
7
164
68
37
324
33
199
68
149
54
45
130
54
86
438
861
509
325
124
924
32
43
354
37
34
103
522
109
195
304
15
39
177
254
28
69
225
77
81
559
51
110
19
167
95
229
212
62
297
476
670
206
427
101
147
158
191
130
191
255
73
748
344
310
186
375
1199
160
131
203
259
16
306
13
131
161
189
96
102
89
597
296
930
77
293
129
190
205
24
414
17
128
68
64
52
160
323
160
337
531
5
118
157
59
69
220
183
142
131
166
153
299
209
161
344
509
374
13
608
232
242
32
103
37
390
173
75
33
387
152
50
60
170
227
264
93
311
360
100
83
1369
537
233
97
8
139
122
46
193
98
182
59
112
578
101
31
286
102
75
198
110
179
172
45
412
398
125
225
72
61
151
329
211
312
248
97
57
618
192
278
13
64
349
59
68
2
174
167
49
355
231
88
25
192
653
65
29
26
27
279
334
265
98
143
99
7
221
80
98
89
268
1
194
31
29
607
58
39
45
126
469
167
24
11
152
179
39
362
7
37
78
153
66
30
15
437
202
31
376
23
150
55
789
54
47
1
54
594
61
93
49
246
863
437
132
305
51
181
261
18
251
73
420
70
196
118
103
53
64
47
279
619
250
50
50
171
46
123
15
43
52
195
74
1155
18
226
488
626
252
320
395
14
321
117
364
213
271
263
502
220
220
462
23
122
604
5
10
830
124
250
308
709
6
10
421
438
69
104
267
79
142
126
150
223
93
16
126
172
137
34
426
38
204
136
381
151
51
123
302
65
71
162
283
511
141
380
9
300
37
29
141
825
13
643
101
198
774
68
55
91
251
775
62
167
135
370
32
118
130
115
118
22
139
94
170
5
130
84
202
465
273
152
893
93
327
263
393
145
211
292
396
222
45
161
294
142
765
106
95
335
198
596
321
675
79
32
9
181
261
499
49
86
146
376
39
64
32
79
7
277
416
313
58
134
254
77
328
141
84
57
30
178
165
21
74
46
139
120
44
73
3
15
11
10
123
528
64
333
120
97
267
182
190
52
157
34
2
339
143
471
66
1097
56
15
29
13
35
1
49
120
66
36
10
98
32
286
1
49
248
123
12
205
149
36
69
158
21
87
297
228
264
466
670
451
264
462
37
28
61
98
31
481
284
147
148
157
46
24
11
275
28
7
65
516
217
103
327
320
132
23
234
202
10
153
8
300
393
14
120
224
56
54
103
41
76
16
22
76
214
163
786
32
101
231
96
34
29
22
149
205
139
306
103
140
268
228
183
14
21
451
275
35
117
62
184
50
387
401
106
169
212
101
202
206
180
505
191
87
205
483
67
77
34
21
146
44
341
14
54
303
31
13
309
33
521
7
329
165
139
66
10
62
13
303
79
10
5
176
44
193
188
73
97
223
232
23
195
257
4
59
837
154
455
176
62
74
130
575
163
85
178
10
169
123
128
238
352
291
45
404
73
35
40
187
182
29
154
48
62
41
298
220
92
155
138
347
383
94
181
57
391
72
230
54
147
71
41
750
101
334
409
72
19
65
48
968
37
261
96
33
646
298
60
160
90
177
69
132
41
44
138
7
42
282
164
61
102
5
52
72
273
300
913
287
224
87
67
128
323
17
22
4
45
305
88
2
110
17
370
190
389
249
28
54
133
195
48
435
224
726
83
43
13
383
265
128
32
416
238
471
228
104
328
55
115
180
218
834
128
1236
561
186
121
599
30
201
37
108
397
48
312
172
828
3
1298
349
138
963
165
110
124
924
119
141
344
180
21
228
141
62
448
531
177
44
142
8
470
383
25
55
567
233
34
87
85
705
231
15
454
54
591
220
76
64
51
310
234
45
170
190
502
130
160
10
2
125
154
43
149
89
227
315
22
22
31
510
76
26
246
168
288
119
72
93
251
31
180
57
38
146
51
12
219
22
293
27
207
357
4
258
330
124
225
92
49
178
23
1042
147
89
29
416
32
52
174
102
354
354
186
129
59
89
98
296
50
120
85
146
34
15
100
9
69
76
101
384
95
199
88
94
69
110
133
35
78
145
257
239
161
106
306
210
29
401
88
187
305
233
155
42
111
69
19
209
50
497
181
260
441
9
39
651
229
455
292
37
295
179
198
76
136
329
26
161
51
155
104
141
62
343
19
231
159
572
132
28
167
23
138
14
67
1116
343
274
128
48
119
57
47
18
36
101
777
302
16
161
38
48
289
142
71
238
43
33
369
354
542
39
4
172
321
152
74
1387
143
336
33
202
123
86
163
653
38
38
13
550
172
192
350
15
207
276
55
2
150
80
372
20
288
170
786
377
217
100
523
470
115
85
539
67
47
1092
656
157
123
676
140
261
5
72
62
202
50
120
34
70
51
157
74
49
61
42
175
71
253
140
79
481
283
189
274
25
169
79
312
132
322
47
311
120
65
284
306
300
199
546
365
550
452
260
47
7
236
1035
221
31
14
73
465
162
183
776
55
545
431
12
195
303
561
105
27
56
224
265
443
247
914
192
320
34
193
101
265
251
67
11
321
115
65
380
67
259
13
488
306
98
667
140
60
308
180
39
114
18
4
168
78
864
96
1
60
5
559
218
72
302
53
147
60
20
99
294
75
209
47
666
124
632
19
173
257
42
117
49
88
324
177
43
5
144
382
237
38
119
408
54
153
18
245
207
10
384
474
71
9
455
15
305
17
858
2
307
58
3
30
79
58
14
24
30
36
149
110
98
43
42
452
107
67
369
366
295
425
75
329
58
279
98
212
23
37
210
567
50
72
209
71
99
45
99
332
148
28
193
16
405
250
366
682
19
192
181
268
82
46
468
153
12
566
95
529
302
644
674
170
171
161
329
144
102
1119
29
88
13
152
254
294
5
358
379
141
283
344
55
129
410
37
475
1209
253
79
127
363
257
111
325
11
29
455
162
84
112
35
135
456
13
43
22
113
347
94
140
103
136
102
2
19
1
211
118
176
373
362
191
68
657
55
405
3
302
120
72
74
210
521
144
11
112
34
100
598
85
411
532
2
738
16
131
180
118
58
133
31
202
199
22
34
192
322
251
156
765
158
318
477
80
57
18
467
212
231
159
43
275
179
23
35
128
310
175
680
3
65
361
868
427
16
166
68
451
53
267
45
322
264
30
186
349
318
560
1
353
60
414
803
69
141
379
32
374
243
175
35
189
284
33
486
708
291
769
139
22
91
40
4
468
306
285
356
179
661
212
96
204
174
5
27
78
75
344
266
162
45
19
18
56
120
535
38
430
143
223
173
202
285
26
138
157
232
120
886
38
394
208
146
89
167
880
99
70
110
150
35
210
412
12
197
1100
345
145
135
43
82
74
64
888
232
135
185
167
210
81
118
47
76
41
95
394
87
23
142
268
744
76
26
296
157
308
207
13
13
19
13
14
133
446
73
274
31
12
296
107
21
425
156
116
420
92
100
188
71
13
43
69
345
97
308
36
56
500
632
257
16
231
161
62
113
307
92
177
357
117
479
25
227
474
176
231
334
33
121
216
758
418
23
225
152
287
320
212
53
116
90
87
134
38
19
32
387
227
25
68
43
21
99
75
59
168
378
412
22
81
529
221
41
507
477
252
100
82
62
221
776
228
189
107
207
62
65
214
216
190
41
247
93
81
11
49
478
92
174
3
121
157
213
423
531
475
45
79
108
351
290
52
40
76
116
129
188
152
40
83
682
748
35
338
54
69
48
207
572
33
1005
51
69
64
545
29
119
445
167
142
81
328
84
573
270
88
158
43
36
92
84
81
26
137
190
218
94
625
208
3
420
23
63
239
278
369
155
394
41
65
161
92
174
230
143
5
317
38
180
75
330
6
288
91
223
56
16
101
19
38
186
77
120
293
165
267
239
110
248
20
333
323
229
21
80
251
59
63
235
124
50
228
288
181
510
286
104
200
11
61
104
187
329
35
195
3
846
262
246
6
35
118
48
163
116
924
124
1428
5
15
993
65
6
53
671
3
288
116
77
110
4
178
14
310
115
264
167
12
201
36
17
145
12
30
139
724
66
111
174
132
269
109
135
2
179
1
16
12
240
478
195
256
104
335
153
17
33
341
228
128
165
189
353
177
13
727
1031
351
198
425
1
583
315
457
41
99
121
24
124
87
189
65
281
719
197
121
903
233
15
318
171
35
319
276
236
306
67
90
55
54
423
516
301
6
9
229
72
142
26
302
51
90
378
56
92
688
13
28
81
221
313
203
18
94
81
83
27
137
73
69
1
218
101
51
213
43
334
154
67
303
17
77
39
102
53
21
81
369
11
160
39
493
94
482
62
247
29
56
69
627
41
88
60
495
140
152
25
291
459
353
311
750
293
30
380
191
11
260
271
15
494
148
396
37
85
297
96
23
29
106
20
56
116
265
47
31
142
242
88
479
168
145
240
47
190
263
137
2
12
191
464
132
555
563
118
3
246
789
508
377
52
446
29
63
14
47
64
364
224
227
68
197
161
31
24
529
960
239
17
111
131
358
84
54
93
321
239
419
523
424
182
165
70
350
275
327
147
33
19
366
55
140
158
290
12
393
85
556
62
255
69
158
2
10
333
370
114
41
24
6
562
107
81
49
36
119
741
122
264
147
144
80
106
73
132
5
272
104
540
95
277
175
156
458
336
149
64
35
77
64
468
177
33
24
65
27
210
17
178
221
21
419
193
356
91
75
38
537
285
22
200
265
271
35
606
393
148
25
481
95
41
84
1619
142
115
23
310
586
150
34
15
272
133
94
242
49
55
374
103
417
248
438
108
362
139
108
92
207
53
63
28
9
35
281
11
180
30
27
121
231
155
39
197
338
52
284
64
236
32
77
226
17
224
65
129
391
60
109
88
75
146
6
159
7
83
727
111
135
13
128
15
230
102
285
39
406
27
92
14
345
39
54
53
187
43
95
50
77
46
78
43
293
107
7
3
176
309
162
47
235
136
14
219
200
312
187
91
260
123
29
6
139
91
45
2
94
68
466
67
16
145
94
429
286
112
143
172
62
155
31
46
150
40
106
128
166
91
145
159
13
641
178
79
740
271
479
221
29
114
33
143
83
78
509
32
423
153
67
147
999
182
131
558
39
83
183
594
385
270
94
331
98
371
379
87
357
69
33
184
135
178
4
703
211
260
102
108
165
39
296
84
6
544
104
214
215
214
79
298
51
142
37
570
12
310
200
248
1
658
326
470
424
38
860
591
477
329
83
383
18
64
865
282
676
135
373
76
368
69
413
370
270
51
708
126
65
558
56
51
288
233
377
104
181
15
32
592
85
185
92
81
170
44
153
238
287
38
348
184
113
392
26
63
330
107
649
191
19
488
178
567
262
89
88
202
287
209
37
237
157
27
45
120
915
325
189
76
244
390
123
476
811
123
157
97
40
170
103
84
95
317
35
26
405
361
133
393
89
258
77
28
111
86
209
146
33
106
3
872
112
101
649
88
444
211
46
269
594
36
210
77
427
30
10
57
132
600
137
11
45
184
125
107
60
52
194
168
244
330
26
72
480
183
201
304
101
125
290
23
164
195
35
563
39
669
554
3
51
140
270
485
606
8
14
516
210
226
25
86
33
58
511
14
128
59
416
269
175
102
131
130
311
85
130
76
225
291
23
85
19
61
219
380
25
64
37
62
165
174
53
82
360
125
860
75
305
24
40
141
95
109
43
11
292
245
57
63
209
140
110
96
106
642
327
1
10
1
107
57
68
315
32
248
553
205
132
67
377
447
28
15
160
659
86
62
665
9
44
88
45
184
86
127
410
74
317
51
529
103
10
482
128
30
33
97
135
118
38
119
5
69
103
32
252
554
763
282
44
214
34
360
67
633
599
42
138
776
90
16
329
23
452
142
22
105
189
774
90
2
106
134
2
638
301
37
83
251
251
100
192
357
10
238
233
568
415
82
215
192
79
392
164
52
98
145
140
91
1
371
64
544
32
74
361
151
26
65
250
30
301
59
261
333
439
205
12
98
92
506
14
358
182
172
478
84
155
194
87
263
428
8
306
68
504
6
455
183
98
85
939
146
833
207
96
328
309
20
412
181
64
39
300
47
42
630
111
136
674
269
219
48
481
86
71
187
410
893
502
262
203
645
36
201
274
18
285
1
574
44
123
83
4
159
42
69
44
119
147
45
413
1153
327
128
359
63
13
459
262
279
721
123
4
112
12
265
13
75
102
158
214
328
829
395
200
246
11
185
342
47
119
116
13
273
129
32
138
5
37
205
342
20
129
68
292
293
88
155
154
67
39
165
77
140
126
408
267
157
119
198
85
28
74
220
526
159
258
362
364
161
159
298
12
3
41
231
52
262
172
53
87
39
74
30
105
177
283
157
159
36
330
346
34
330
10
325
123
44
577
26
435
142
871
250
615
257
46
20
344
294
19
128
72
99
90
79
142
15
165
152
409
433
483
189
261
168
119
54
53
233
412
154
292
62
23
83
192
216
807
514
16
15
21
95
285
152
57
35
69
235
110
583
24
60
414
99
200
119
31
350
112
58
178
182
242
517
93
1
273
129
74
160
188
152
215
158
240
116
48
198
145
466
262
94
61
10
35
145
152
46
185
458
337
79
145
303
1163
70
19
148
198
9
77
78
28
293
219
7
232
35
385
240
10
419
251
408
485
52
172
78
41
77
33
58
282
171
109
153
14
479
110
42
34
119
135
161
116
26
392
94
425
687
24
73
360
141
121
617
57
1619
63
24
117
837
595
31
46
418
107
65
102
4
89
278
328
2
207
150
117
206
347
168
8
87
63
84
525
102
399
193
10
309
268
32
58
26
1552
75
253
80
609
99
182
179
275
117
212
56
589
138
27
23
845
16
140
4
603
231
126
434
249
78
224
51
340
221
207
87
34
642
114
58
359
53
85
76
63
613
92
470
481
230
172
2
192
368
49
441
28
37
230
3
185
1038
21
37
233
425
285
8
22
282
20
39
45
27
111
183
122
119
47
634
97
66
736
165
357
62
253
26
26
186
473
159
920
7
425
234
419
639
346
57
98
366
6
394
155
90
249
169
227
163
7
177
168
116
181
235
179
51
29
14
171
291
164
745
37
72
37
19
58
10
34
295
97
342
36
65
226
44
38
15
34
97
67
44
1538
70
323
10
237
12
40
75
140
102
34
139
63
30
248
411
6
60
36
25
77
295
4
193
313
404
404
216
575
135
3
104
168
565
12
1
312
173
41
217
56
50
73
9
67
83
373
299
282
221
91
144
60
56
246
70
101
168
627
197
603
507
377
11
138
117
490
203
92
14
10
30
135
466
246
57
7
42
141
276
84
81
88
465
26
57
548
553
88
125
234
688
514
40
6
46
90
360
5
286
285
63
65
702
64
23
36
127
42
107
50
627
6
62
352
611
211
63
1
100
409
235
105
104
121
56
92
28
16
26
27
452
32
105
690
196
716
119
167
314
62
54
23
313
102
121
172
10
122
59
329
261
136
88
159
95
731
162
69
81
459
62
11
68
157
36
338
299
73
146
444
3
191
80
427
386
98
389
132
68
765
201
356
53
25
151
206
8
292
6
331
150
115
50
269
450
346
238
22
77
83
407
51
207
117
363
386
730
64
102
147
137
140
68
35
104
710
59
76
61
615
9
149
208
201
428
47
102
234
197
245
91
130
7
263
517
315
96
522
43
220
690
286
48
36
174
127
702
206
157
68
210
140
119
204
371
306
30
171
45
238
10
21
58
129
139
229
330
161
9
180
298
155
114
92
234
526
82
6
415
11
93
92
143
50
168
576
135
146
355
10
108
55
148
87
150
111
268
114
674
122
96
580
45
43
194
183
486
194
377
240
65
126
232
125
416
288
41
349
40
337
299
552
428
164
17
25
647
293
39
115
312
16
105
219
37
65
81
327
171
463
432
557
162
139
106
172
138
199
165
62
253
1165
282
203
34
268
49
213
158
69
49
56
99
361
195
6
180
310
81
114
19
65
227
320
74
22
110
320
373
35
108
359
29
264
150
204
142
245
466
332
133
24
52
135
181
1076
810
478
195
13
91
4
179
20
530
506
88
172
175
76
23
155
598
243
224
6
328
151
545
54
171
5
48
248
161
481
614
219
496
293
186
303
28
44
538
158
332
158
263
166
247
106
43
320
344
200
327
55
68
916
32
543
30
80
90
450
136
82
263
316
78
221
25
689
72
237
231
223
636
140
234
10
182
122
255
331
36
750
48
13
197
314
171
63
651
89
330
348
80
230
486
39
165
60
616
1062
150
80
30
87
133
50
244
90
1
514
9
68
171
232
317
153
121
323
91
154
448
81
198
1
73
709
45
121
129
307
28
171
109
4
71
74
656
252
126
39
217
94
49
315
27
72
227
9
91
785
99
436
56
14
27
64
201
74
5
22
90
19
406
286
161
289
449
24
116
185
443
143
63
124
6
264
88
657
45
77
516
97
54
74
312
699
342
347
137
457
145
122
1122
184
198
615
132
223
94
38
113
19
22
259
135
560
770
87
63
102
517
113
220
35
45
202
306
10
120
43
10
8
155
226
194
86
15
460
259
550
460
275
504
725
121
150
640
209
68
271
84
529
197
316
20
158
77
158
567
460
726
58
103
25
224
305
563
627
19
232
293
374
89
546
88
211
142
641
67
150
434
366
146
130
72
38
228
431
80
164
120
250
168
50
211
191
49
199
30
202
312
271
14
305
85
227
217
24
11
109
8
186
116
111
47
161
37
218
394
184
235
9
655
65
198
219
384
25
41
502
390
44
136
371
10
51
42
290
52
534
20
206
284
2
77
25
72
61
214
253
10
50
177
46
186
656
292
137
7
68
76
44
50
8
273
24
21
267
520
349
474
69
384
245
641
626
195
97
30
71
110
27
193
89
496
20
690
277
343
656
42
460
12
373
324
35
74
2
177
890
76
81
7
635
297
8
26
285
35
155
157
649
83
5
505
259
71
189
25
45
362
216
66
331
176
22
219
32
36
82
370
267
358
187
101
71
145
102
232
348
126
264
327
29
137
427
62
28
14
136
171
130
18
151
55
680
314
10
79
42
143
57
36
354
227
330
61
61
636
475
17
211
311
661
227
71
45
152
568
124
65
80
85
81
13
381
692
110
68
178
302
12
292
55
342
49
287
571
92
105
45
3
226
357
21
16
99
150
818
29
45
256
244
155
454
25
125
59
83
76
102
139
132
27
171
31
10
534
255
393
482
413
165
146
367
12
19
277
199
135
179
46
61
910
370
102
36
288
51
245
42
419
39
97
91
89
308
32
11
24
468
59
166
103
171
165
440
22
34
146
167
118
858
176
76
119
467
5
160
336
135
149
79
116
96
236
347
75
129
296
2
763
98
216
125
77
999
199
25
377
114
279
350
58
89
132
147
92
338
92
532
101
194
91
147
110
141
255
258
31
558
439
12
388
613
123
51
163
316
162
306
61
290
222
144
87
22
114
2
26
53
55
209
52
45
53
149
84
275
186
103
179
233
247
77
35
25
419
493
199
37
143
25
103
249
81
44
317
380
79
409
35
144
67
144
201
7
126
11
327
7
81
217
1640
121
312
398
99
22
783
19
212
149
2
77
111
163
204
482
49
115
97
39
10
279
857
330
146
30
286
302
146
1664
256
296
72
42
6
275
34
393
229
280
82
137
502
160
177
72
84
37
372
506
40
623
111
279
232
66
97
277
32
90
64
3
119
130
6
12
225
872
31
10
266
101
714
526
116
598
51
219
7
545
141
175
200
49
8
8
163
31
80
81
1
109
670
32
5
830
69
118
75
169
33
12
272
683
124
441
27
195
301
18
31
218
191
497
1187
514
256
384
195
19
10
163
10
155
172
46
324
730
332
674
409
121
12
794
32
439
69
220
392
205
301
253
624
62
41
205
427
5
104
35
276
64
343
78
85
66
41
238
914
180
447
116
199
164
363
209
53
11
157
287
432
10
378
116
180
25
