280
45
28
78
556
201
8
123
118
282
138
77
10
311
259
15
40
12
98
90
167
734
635
3
103
90
55
114
188
184
38
719
11
338
270
35
59
185
24
22
166
118
310
494
47
98
685
160
56
11
346
321
400
212
525
447
2
801
163
136
283
23
13
109
142
273
11
951
84
3
183
70
194
156
41
48
45
216
181
190
80
206
140
127
179
231
573
75
648
214
107
355
95
61
308
668
336
215
317
87
85
40
68
118
32
46
607
39
439
325
309
129
161
52
631
146
12
419
81
8
251
305
92
149
983
56
171
230
142
238
74
966
278
103
10
227
144
15
573
840
125
721
339
13
416
229
77
74
502
2
146
162
165
51
169
401
130
44
276
91
702
125
143
441
98
559
375
367
551
55
187
10
127
71
11
5
21
86
74
110
41
343
3
14
205
78
292
92
8
53
255
145
111
9
524
54
111
4
279
136
131
65
869
831
311
417
594
264
402
8
56
218
42
6
113
137
546
409
72
287
54
112
1161
91
569
734
221
116
98
364
498
505
9
50
255
202
211
294
14
64
222
6
7
11
200
76
127
132
63
33
22
1140
672
366
41
389
113
65
117
29
28
167
180
26
96
173
7
13
197
3
12
119
373
16
40
347
156
80
524
98
76
451
241
56
130
131
693
215
210
113
159
35
395
82
26
337
16
80
282
154
200
190
211
305
168
98
302
116
70
237
238
69
176
78
48
436
88
84
32
34
44
98
426
180
28
59
556
116
169
482
72
166
523
153
237
148
392
214
150
171
189
1085
285
907
114
22
89
154
151
94
183
117
143
169
526
252
348
100
173
34
30
55
230
382
25
256
24
197
176
8
245
27
163
316
44
1691
14
98
116
3
66
141
72
85
430
402
296
7
41
316
218
357
474
240
141
84
31
18
523
300
120
33
44
46
156
190
38
163
149
315
91
90
50
198
78
104
118
202
19
63
312
126
489
15
366
29
689
40
72
138
60
93
3
20
127
31
75
586
643
191
240
104
197
376
77
186
351
418
38
243
32
91
166
100
31
40
277
408
398
272
51
330
76
151
221
110
178
137
673
61
495
375
77
296
76
595
416
62
16
270
416
91
328
132
296
146
58
43
68
235
173
194
444
356
103
19
212
38
49
7
573
881
136
206
654
508
24
92
157
107
107
236
51
98
151
1206
6
284
56
393
612
384
20
195
196
88
496
183
11
362
188
271
6
151
55
24
10
84
71
5
77
332
69
32
255
2080
91
145
67
1
48
211
19
18
764
298
19
27
87
83
317
98
189
355
84
58
312
18
368
979
269
10
154
44
56
54
250
478
613
374
365
22
85
283
420
172
105
79
69
403
70
72
211
60
217
259
90
137
432
24
119
73
471
322
420
66
472
333
102
67
155
6
82
424
509
17
87
958
30
269
178
64
110
45
54
88
321
16
456
169
86
121
340
38
382
390
92
264
1
119
333
285
590
77
288
28
77
58
96
125
149
242
227
1055
142
123
2
11
211
268
24
277
23
21
275
651
53
3
95
45
89
113
356
119
188
43
119
190
1
189
229
181
147
25
183
221
109
53
63
43
116
323
138
66
38
278
413
143
69
66
193
69
425
296
41
525
156
81
14
12
153
51
338
119
219
22
267
432
26
98
37
18
782
166
478
93
210
356
228
26
404
432
32
177
174
45
116
56
89
215
198
34
171
407
42
168
20
1
341
48
215
142
237
143
231
158
152
48
276
132
135
165
101
67
91
204
164
34
1
471
61
71
141
175
407
11
9
619
157
95
496
40
42
467
227
255
162
135
455
585
288
167
130
16
469
30
2
667
2
330
30
463
13
181
101
707
62
911
130
19
80
1
119
71
579
181
322
112
43
86
433
241
18
213
212
95
3
84
39
11
51
8
564
230
31
27
86
516
237
194
110
484
94
413
38
7
64
80
174
347
302
73
252
164
44
11
415
203
543
1
70
88
175
120
88
37
138
219
283
4
43
185
214
362
42
47
42
348
180
166
97
164
24
274
603
174
225
299
369
143
131
115
30
72
165
91
36
276
247
51
89
310
429
75
328
274
417
117
587
18
114
131
110
286
163
69
139
315
43
162
22
23
10
43
347
66
263
345
1
66
600
6
53
278
830
365
82
897
30
52
55
42
107
760
271
4
21
297
192
42
146
376
9
3
204
8
341
215
282
173
84
20
953
144
323
97
331
1941
162
98
62
115
45
132
54
225
57
102
70
56
445
263
141
348
444
67
365
574
520
287
100
25
141
792
44
85
357
29
287
80
193
51
32
34
73
67
249
480
221
111
74
692
63
88
24
95
263
116
358
25
71
447
137
195
209
47
147
103
115
108
85
15
149
60
61
240
96
414
268
266
182
21
444
117
6
641
96
25
130
129
102
731
112
77
1
5
303
143
145
304
15
195
32
46
25
253
230
180
177
142
73
519
123
436
101
93
320
108
121
94
451
370
470
34
33
66
657
563
278
18
78
322
152
22
396
105
16
70
17
176
115
104
139
737
148
261
283
227
159
165
167
43
179
130
77
143
212
739
139
266
58
186
231
1108
650
39
62
20
538
33
248
204
306
284
139
20
469
5
144
144
180
46
9
83
4
298
44
26
122
176
373
129
341
47
533
27
376
31
54
98
13
496
114
563
347
258
174
49
167
212
314
55
179
26
74
72
125
184
233
66
113
58
76
601
359
142
855
34
4
60
269
28
226
238
239
446
21
113
23
844
73
609
76
115
156
11
421
66
16
68
158
137
311
18
80
222
148
171
93
67
210
278
364
437
368
12
157
25
135
736
157
297
294
267
103
476
315
253
89
45
356
206
22
139
18
37
98
394
600
631
45
495
60
344
234
572
122
8
188
122
53
110
116
220
121
68
643
225
7
320
122
243
163
549
71
57
51
160
21
127
7
222
39
233
241
202
157
70
64
31
27
667
438
328
119
127
231
85
136
734
70
570
664
32
512
478
212
463
118
58
33
35
147
44
184
118
42
80
270
219
423
85
492
517
96
28
74
244
206
30
21
63
620
296
298
190
117
294
70
384
82
58
82
76
4
134
93
59
62
1
256
135
250
21
101
357
691
90
384
193
87
85
126
52
266
417
410
457
128
45
533
246
357
145
155
8
663
666
714
103
348
267
4
521
11
73
174
103
59
119
4
38
223
27
431
278
240
332
81
146
48
85
415
69
46
643
264
33
209
146
134
100
22
168
58
380
4
87
15
168
41
69
345
9
76
22
52
602
58
22
80
247
248
343
6
206
16
133
903
43
45
139
180
589
230
142
30
389
175
19
15
133
10
296
97
199
357
91
721
36
33
57
28
110
384
249
430
6
105
590
128
110
181
274
162
3
133
153
138
60
160
360
93
149
132
268
490
12
194
130
41
542
133
245
18
81
94
170
153
530
140
41
116
337
211
158
55
275
300
182
53
19
172
95
88
65
125
1
252
34
505
127
147
8
239
488
214
356
372
110
217
10
3
853
55
15
6
220
22
152
37
189
84
21
35
718
2
159
77
87
42
131
337
366
54
125
170
63
99
6
234
283
158
70
549
28
77
183
54
84
44
648
193
125
498
279
207
86
460
93
245
154
349
74
53
162
39
108
53
32
506
279
37
152
11
339
186
86
50
154
192
63
35
388
110
2
33
56
48
237
45
947
204
65
47
200
564
11
309
79
33
422
859
160
100
40
210
662
244
85
169
267
93
196
54
58
50
15
77
131
442
226
223
414
128
62
5
36
164
55
21
359
31
301
108
235
74
180
101
76
60
323
21
293
151
10
59
103
1
116
322
17
163
111
220
243
460
35
7
81
158
132
272
329
90
25
28
34
252
31
560
216
201
88
196
512
764
204
206
305
21
414
13
102
516
157
30
96
665
178
25
68
45
200
567
80
76
31
30
211
58
214
152
3
158
194
13
47
116
805
109
17
40
23
218
135
162
21
195
7
11
32
51
451
222
1017
143
239
370
15
164
183
99
118
2
187
11
39
109
87
131
26
44
48
63
358
61
31
383
196
61
973
432
103
108
274
586
87
391
114
30
16
179
31
127
65
326
441
158
172
318
319
144
170
40
73
253
256
190
381
14
29
307
350
156
434
365
31
398
609
924
66
264
77
151
30
211
100
585
152
301
82
99
250
317
76
38
245
55
105
161
366
67
21
145
74
114
22
266
24
21
145
140
43
140
482
292
36
603
141
12
108
359
558
133
791
110
327
167
833
419
136
5
10
117
125
92
116
79
148
117
100
37
51
178
85
222
582
309
149
52
312
86
214
32
375
127
46
84
643
86
519
6
162
10
27
78
206
393
113
76
177
98
119
118
265
7
30
319
131
37
53
40
450
198
169
134
132
339
243
83
38
23
153
110
29
287
121
159
145
20
253
379
244
19
124
28
38
48
40
316
155
174
4
88
550
72
245
764
55
21
146
9
70
3
7
31
266
95
27
174
114
292
613
257
58
39
80
67
28
21
74
481
26
311
84
30
139
90
348
17
130
730
104
524
216
360
398
191
371
47
622
265
49
39
3
15
172
85
221
317
217
60
169
271
41
213
94
286
203
102
475
185
150
47
371
76
13
552
233
186
474
216
129
36
33
45
790
92
972
107
341
105
74
384
55
52
217
28
1
73
408
183
34
236
236
207
6
90
287
65
98
51
84
53
542
394
1035
80
38
115
308
64
358
245
13
203
325
212
123
61
373
230
43
266
810
372
55
53
422
17
138
104
12
515
151
147
72
224
715
200
24
117
47
488
134
25
99
622
699
207
117
42
51
218
13
40
7
454
104
3
5
75
126
124
3
142
354
47
63
68
301
298
159
455
130
111
64
477
53
278
220
37
120
32
43
381
105
460
35
7
100
24
338
282
85
43
318
25
165
17
55
51
171
5
118
212
312
828
103
45
962
164
8
156
70
125
143
240
196
120
115
294
96
288
80
585
63
505
35
53
4
2
84
401
1000
52
867
475
72
403
328
588
157
141
118
110
273
165
220
139
175
834
35
846
142
67
86
62
372
172
16
234
125
667
108
110
30
365
173
45
30
116
29
619
52
76
130
336
160
607
402
100
191
58
363
440
444
18
98
549
33
228
264
217
26
2
7
636
169
464
369
108
103
35
278
405
388
72
532
12
110
58
6
89
148
175
46
8
189
225
221
6
266
85
159
218
43
70
125
95
82
11
192
306
33
176
275
39
248
96
351
374
10
33
319
51
174
501
48
81
250
215
31
120
189
64
33
164
370
16
254
110
542
146
645
415
110
90
520
49
155
10
104
48
15
124
152
217
151
307
6
3
50
260
127
646
60
293
97
160
47
238
145
234
85
27
34
186
50
53
335
36
164
105
27
151
25
13
74
40
173
72
8
221
25
223
8
35
201
259
77
42
100
179
68
190
3
69
236
54
145
7
210
7
122
32
216
147
293
571
531
31
104
41
374
54
88
94
586
134
34
200
55
90
127
69
44
128
379
6
70
92
57
238
102
242
98
161
474
58
179
40
479
270
35
268
67
793
403
335
4
53
249
168
212
75
131
109
25
99
54
563
438
588
79
55
270
408
711
140
772
27
23
578
132
6
121
405
98
152
156
11
314
149
217
48
66
190
115
240
207
80
5
52
200
63
196
304
16
20
74
127
48
458
331
140
185
440
95
15
111
372
56
62
150
83
359
355
14
43
76
557
19
23
152
228
454
662
1061
153
146
291
607
146
33
219
36
49
570
12
130
114
418
52
321
240
45
137
148
68
37
77
14
10
133
93
158
232
64
3
58
325
471
28
555
75
170
398
184
152
449
23
305
205
117
82
3
249
141
211
136
9
682
183
185
5
175
196
79
52
168
266
39
815
318
63
288
21
125
65
149
1358
168
123
302
700
8
34
209
274
396
76
748
31
13
906
339
622
381
46
180
415
334
320
148
169
124
24
100
264
7
7
73
61
314
95
113
69
325
6
119
84
102
363
226
53
64
312
164
8
131
72
158
320
58
48
3
32
455
111
63
211
243
184
65
10
24
688
36
15
20
200
24
28
716
106
288
159
199
206
211
160
94
550
371
284
87
80
82
100
335
349
69
440
26
318
277
42
321
41
410
91
133
1070
77
366
33
14
418
522
99
152
434
401
35
896
194
24
317
374
33
17
204
297
358
16
34
299
1363
188
361
338
522
348
296
134
249
68
51
237
27
313
6
311
5
121
41
39
129
327
134
326
18
17
150
170
270
114
430
9
64
77
515
141
35
241
669
344
463
99
46
3
18
35
54
19
318
415
142
11
130
97
160
178
266
86
83
91
79
303
188
116
302
112
135
264
420
350
70
11
127
34
335
179
319
208
508
118
458
309
484
5
36
779
79
520
221
578
221
31
90
148
382
35
245
31
223
350
379
205
49
173
660
228
139
368
307
123
50
50
1255
556
458
84
157
80
92
441
108
3
341
271
23
220
87
262
45
281
81
615
77
37
99
32
468
36
113
4
6
101
128
26
263
39
233
21
19
278
123
451
133
319
333
362
63
330
14
7
97
215
10
28
935
6
247
368
300
450
133
51
718
382
58
43
242
113
49
50
275
37
181
243
83
200
100
596
9
30
37
68
85
83
25
48
10
115
66
21
8
59
63
102
159
339
84
356
132
268
32
137
528
18
947
107
111
590
4
118
17
118
12
12
31
93
163
456
30
46
110
233
25
254
21
81
30
409
275
295
190
51
372
157
146
190
18
130
33
63
421
153
140
22
86
57
322
111
22
266
94
262
232
264
101
392
5
210
185
42
236
20
187
22
106
355
394
119
148
229
445
47
400
62
469
19
409
25
76
63
47
24
84
3
355
237
57
83
312
355
63
157
192
49
575
235
215
221
302
433
40
36
1097
130
182
154
86
658
227
59
208
288
9
61
21
203
364
96
1046
494
429
43
544
70
41
492
15
100
26
47
165
331
33
103
302
433
107
19
90
442
8
184
264
391
140
60
35
313
475
552
574
116
138
450
393
102
65
71
103
244
9
121
657
241
267
49
148
79
92
142
575
195
118
117
127
184
44
4
147
58
123
395
89
390
159
580
303
105
825
337
79
51
102
55
47
200
128
296
132
315
54
49
166
142
183
103
263
29
120
75
203
97
28
935
131
47
220
43
454
126
200
63
44
204
420
58
1047
64
22
175
418
93
141
134
35
133
114
120
88
233
76
272
117
35
296
142
143
195
47
80
425
75
278
326
82
261
430
5
132
431
179
138
456
55
101
115
28
20
19
467
32
180
163
287
81
29
126
541
196
80
55
448
410
65
21
467
8
92
157
521
73
78
27
251
244
225
356
5
88
123
542
109
429
63
215
219
38
123
140
31
677
206
162
62
130
67
208
102
164
149
242
39
164
7
23
300
111
8
126
10
38
72
159
1144
75
54
349
178
71
426
102
83
210
828
217
221
297
386
178
123
29
61
506
357
339
13
35
167
33
318
218
35
101
570
264
835
31
21
783
145
143
270
420
19
280
390
308
38
74
22
82
187
608
266
132
322
25
10
26
75
621
138
144
374
74
68
143
15
12
163
289
64
18
688
451
68
79
400
414
232
20
266
144
243
42
44
99
351
643
49
10
177
404
318
342
117
211
371
25
68
248
107
154
151
284
20
193
40
99
242
179
694
191
11
734
595
748
837
90
141
80
99
51
73
442
113
23
27
210
245
3
3
255
164
95
322
272
54
115
87
525
34
78
193
347
580
308
452
109
156
359
63
218
942
32
259
1073
54
192
487
842
168
411
685
226
719
18
116
254
24
604
266
456
23
37
17
30
472
53
115
179
101
675
101
422
7
150
122
27
31
75
225
338
248
180
49
29
267
38
210
356
6
956
187
51
155
584
201
120
3
341
325
152
38
200
3
88
24
72
115
41
39
416
26
287
3
68
36
195
4
422
130
238
436
184
176
322
145
46
108
26
584
62
174
59
179
112
18
570
114
194
663
11
120
243
320
502
614
68
165
202
19
34
328
102
41
9
200
134
45
43
103
683
707
148
234
265
125
220
109
645
314
394
222
173
39
487
23
375
180
33
142
201
72
225
94
136
2
313
12
25
388
450
105
70
606
271
101
509
238
95
224
44
169
189
153
171
216
84
68
172
180
203
117
11
24
354
278
1268
10
161
140
134
355
1
20
398
85
74
76
266
68
76
84
479
276
227
419
350
71
159
109
186
46
272
32
70
15
262
90
106
171
57
699
93
169
548
677
475
46
342
102
12
80
590
296
345
463
20
91
18
176
324
114
464
66
225
275
259
331
46
126
231
123
2
316
138
189
347
95
28
37
20
584
273
3
125
31
28
44
22
2
16
22
21
21
465
60
392
251
232
14
321
39
58
37
43
214
174
177
147
146
239
130
35
184
193
192
292
134
136
102
37
35
131
153
33
8
144
38
562
398
133
224
305
115
2
287
94
175
69
52
181
111
59
663
67
85
128
145
134
227
10
390
776
146
671
209
97
239
22
210
305
87
101
159
30
10
78
438
87
570
64
86
83
764
467
12
526
145
14
40
684
112
99
150
115
26
35
76
602
98
147
499
127
229
218
244
169
206
5
317
29
119
29
400
285
469
52
291
314
302
27
38
64
72
178
579
218
87
210
138
255
59
16
312
72
239
141
59
140
245
109
78
603
33
124
308
177
294
63
251
307
34
87
31
40
242
41
58
1219
568
3
57
65
67
157
226
320
178
21
103
16
167
66
467
59
123
325
48
61
865
156
22
8
2
107
378
44
416
41
39
1
660
298
247
527
76
40
175
242
438
182
116
33
99
379
167
251
24
225
82
623
334
6
266
444
8
576
28
153
491
14
9
120
356
117
28
239
4
238
22
674
129
26
286
72
42
360
524
49
44
167
120
159
84
41
1
509
71
159
515
30
281
289
291
85
73
132
373
79
515
67
113
294
167
285
376
358
349
108
46
403
32
537
547
206
149
529
458
484
39
319
61
217
39
240
398
451
135
84
67
65
100
180
86
142
259
168
66
283
1138
55
47
929
268
44
63
164
31
210
1337
400
105
54
63
132
318
278
115
156
352
111
674
263
199
279
54
317
400
171
261
333
58
109
83
29
19
281
4
82
349
47
132
2
17
93
36
237
19
63
41
534
25
23
144
177
235
87
15
125
54
296
638
119
699
157
178
11
214
676
380
267
11
520
25
299
187
230
60
24
89
16
102
562
132
272
200
124
129
121
105
166
112
27
355
363
100
219
161
266
59
36
148
54
30
185
62
363
287
194
627
61
288
121
687
215
106
205
28
237
252
176
108
92
98
167
70
416
179
73
106
95
7
208
428
6
57
140
432
14
214
185
287
103
71
36
94
100
255
18
465
82
1
275
377
91
100
1092
103
38
134
121
568
103
130
229
422
6
96
89
150
168
271
3
62
137
330
112
231
225
172
81
576
37
286
105
11
60
15
68
68
11
369
169
145
116
115
141
160
408
100
93
82
212
343
46
34
54
730
578
171
58
136
184
83
225
61
140
649
776
101
64
42
166
62
177
21
87
18
80
6
478
712
48
10
392
7
138
48
6
80
412
72
17
76
17
63
16
193
115
26
224
226
288
113
129
47
455
57
48
583
77
155
48
216
4
1031
567
396
43
74
1010
56
374
255
88
57
541
1
70
315
18
211
242
172
154
116
64
644
93
24
76
449
197
103
171
359
104
22
414
31
157
109
821
542
658
66
130
352
67
485
813
177
309
66
209
20
82
260
35
219
83
117
39
31
89
7
138
254
117
450
376
10
302
183
164
124
317
6
14
566
53
121
144
207
88
78
76
171
410
467
12
73
186
171
146
55
182
554
48
98
226
131
64
19
22
2
1
262
95
181
658
338
362
41
664
123
15
233
255
247
356
223
186
243
117
118
70
20
100
254
220
271
27
166
305
29
225
456
75
134
50
48
52
5
30
280
32
90
231
424
23
151
399
352
37
151
180
174
227
578
287
15
148
158
63
120
51
98
201
188
47
79
70
245
30
130
29
459
176
150
106
1076
525
106
178
62
343
72
62
21
11
97
236
306
36
101
12
7
215
100
18
173
28
228
10
136
43
117
324
124
147
822
547
260
398
17
182
654
90
93
30
254
5
82
31
267
238
267
500
317
96
10
22
83
53
351
99
176
22
146
16
91
487
180
107
89
329
179
117
1
75
560
90
274
109
18
7
481
545
384
266
349
437
176
256
144
101
447
244
176
325
211
408
202
118
13
128
293
414
89
212
161
457
12
158
18
66
55
60
93
110
419
407
318
477
176
634
342
48
370
370
238
120
29
12
100
146
582
45
113
101
29
258
428
17
186
301
52
409
294
230
68
109
305
32
752
97
706
313
15
943
134
27
245
108
184
134
368
56
204
36
105
516
3
26
86
152
77
190
62
223
784
30
482
461
98
394
53
128
3
37
39
294
131
81
1
69
7
735
69
126
97
97
91
53
114
63
104
204
299
15
427
97
148
108
181
166
87
302
3
162
77
1
29
71
77
259
170
425
273
73
30
266
61
92
161
72
39
172
182
145
101
209
88
508
98
69
310
343
41
29
96
52
373
42
8
9
85
7
794
49
105
51
410
80
45
17
339
86
93
106
168
889
115
71
162
112
488
139
6
329
54
196
689
76
441
169
15
44
273
118
103
157
7
124
17
54
696
628
184
317
135
24
10
187
3
119
581
59
306
277
565
95
237
111
4
374
21
742
145
215
158
196
179
80
674
242
119
38
42
467
564
68
84
809
402
203
15
1
177
791
5
249
61
21
183
38
92
17
119
44
277
13
195
244
476
60
484
188
268
166
75
70
125
234
19
73
581
13
105
78
28
102
1094
7
326
61
355
762
114
132
66
968
55
277
234
67
72
52
475
328
349
165
208
698
100
18
53
77
72
178
216
56
342
146
110
77
134
417
25
108
55
281
60
20
160
306
74
114
75
92
83
444
220
8
82
56
156
296
192
56
9
204
75
14
138
171
87
34
76
221
4
152
102
324
105
44
82
582
433
235
16
3
537
113
77
170
92
449
78
64
113
59
93
87
231
169
181
3
43
20
99
19
604
370
25
283
18
691
84
268
219
13
79
260
287
629
523
129
173
38
268
80
47
143
175
179
615
891
31
142
227
209
470
70
38
80
43
671
997
10
109
95
269
4
97
67
56
727
266
293
208
314
98
454
351
27
15
533
28
8
281
566
468
74
33
38
303
117
5
1106
42
7
140
328
9
144
38
231
29
607
17
44
20
570
123
33
141
42
76
223
15
441
211
110
71
150
144
79
253
23
182
202
11
139
194
227
89
602
44
31
155
81
99
50
66
66
271
134
330
284
460
356
130
44
205
65
204
263
125
16
294
246
136
435
81
983
459
93
73
49
165
19
469
148
42
4
109
511
189
148
207
396
136
31
447
15
27
10
9
76
171
125
169
23
440
726
21
4
164
744
86
217
701
41
5
463
19
136
165
127
8
18
62
136
390
13
247
22
20
136
697
204
142
56
179
197
162
83
305
13
477
74
327
22
251
69
6
338
328
61
185
746
180
53
62
192
388
281
34
83
32
183
53
7
5
450
33
14
381
206
32
165
88
466
346
353
228
142
101
173
32
215
68
753
114
52
175
36
117
26
73
73
123
167
730
321
706
191
107
235
267
290
73
567
103
2
103
182
86
31
595
130
1941
271
43
127
76
165
140
8
215
291
18
996
334
331
237
46
71
76
97
53
286
327
246
176
204
178
97
200
313
254
388
285
92
67
276
506
175
584
211
22
210
5
59
395
171
691
52
133
8
202
477
440
15
17
35
376
280
84
121
197
227
861
197
211
80
302
52
62
39
73
1803
46
208
539
109
363
250
460
284
376
80
507
230
83
102
26
317
11
150
220
30
274
63
486
24
84
14
115
272
489
202
307
396
31
762
63
7
77
307
227
330
126
101
57
56
250
17
234
23
133
361
236
338
194
110
227
141
895
385
43
59
265
18
275
451
242
14
143
98
39
565
182
57
133
163
103
701
197
9
282
515
108
208
62
239
87
175
234
88
255
12
232
167
15
58
300
22
195
112
399
196
266
528
37
69
4
52
450
19
34
321
144
109
14
5
580
375
141
316
167
156
201
29
70
78
266
117
225
349
192
222
59
258
328
19
27
135
31
490
607
220
364
127
92
23
204
25
4
37
27
238
33
70
316
206
22
3
2
173
124
284
93
137
77
144
216
87
106
277
476
50
148
192
239
283
624
384
71
41
130
104
248
145
138
41
54
53
484
710
203
34
94
533
152
242
109
216
8
57
46
75
82
364
62
235
48
656
27
393
40
167
11
34
56
16
445
27
626
205
58
95
368
65
413
256
257
40
202
229
32
443
432
288
105
164
169
136
83
790
547
226
99
239
38
375
36
320
350
96
543
245
89
58
73
198
201
378
152
482
288
532
220
1
13
8
19
61
154
125
136
72
228
44
1264
24
1206
289
97
236
4
162
23
89
44
121
41
138
161
96
145
741
78
189
275
445
166
105
70
528
817
444
167
1
396
211
11
114
105
6
68
90
102
178
97
192
120
240
22
287
270
254
45
158
156
289
1
123
112
136
505
197
122
472
493
287
46
197
161
96
935
188
259
2
27
302
204
185
146
154
34
452
152
194
17
433
96
67
145
44
501
60
355
146
47
131
92
377
209
9
134
290
14
75
4
111
167
283
257
150
144
91
453
663
131
40
193
88
143
453
369
44
147
2
387
394
49
115
51
27
88
37
324
136
216
314
588
1007
75
140
120
235
64
111
90
197
88
360
58
104
78
40
1
31
524
99
316
2
40
113
55
11
243
188
107
167
150
160
299
241
39
82
186
137
89
317
11
30
31
93
94
176
513
163
136
76
14
103
108
104
145
718
212
223
70
80
46
16
29
513
52
25
40
515
560
113
8
105
526
85
11
480
90
153
32
69
62
173
14
96
122
177
87
106
37
202
572
194
7
47
224
22
136
104
173
65
39
18
74
7
113
233
143
522
159
834
155
132
280
103
68
2
194
43
157
556
590
40
232
28
256
57
10
23
55
82
355
275
1
29
418
67
126
45
36
54
57
292
91
19
383
366
73
74
176
564
217
179
204
29
301
364
13
168
433
346
181
61
196
7
16
86
39
195
104
146
416
926
260
325
190
460
529
159
484
210
948
214
1049
58
86
523
236
17
331
202
151
627
36
27
394
38
7
186
89
86
19
385
260
239
55
23
798
164
341
295
26
274
121
59
161
206
210
172
26
149
241
3
9
16
3
131
218
160
123
390
68
188
358
7
5
45
1028
309
457
158
346
86
36
212
161
268
13
81
180
238
725
43
112
89
48
171
226
121
93
454
520
36
161
101
108
122
66
233
39
10
140
42
251
250
134
295
360
48
703
265
234
135
97
118
217
110
151
247
37
302
157
67
678
220
122
155
18
29
55
236
542
41
212
210
266
448
291
371
344
408
117
22
511
288
237
851
8
9
50
169
636
303
643
28
18
190
6
253
163
217
389
20
99
178
537
604
181
143
429
639
1251
1
89
154
274
472
129
398
34
36
51
19
1002
95
192
41
276
82
1
121
5
53
75
23
198
273
202
587
128
299
580
160
345
865
78
769
17
478
145
127
180
334
43
10
232
17
261
166
102
62
376
24
29
196
1129
73
249
52
301
83
3
139
66
98
253
73
214
50
75
87
335
157
443
24
141
15
496
896
262
245
119
525
272
463
3
51
150
176
218
251
21
221
81
18
111
181
16
150
102
429
71
107
182
35
164
68
59
193
8
332
65
104
63
549
177
414
59
1619
267
46
131
670
10
80
4
151
33
200
61
75
75
120
93
391
73
274
16
206
60
2
398
359
54
316
48
1
1111
521
507
147
225
287
26
369
317
158
26
108
113
73
185
110
402
54
79
11
185
14
442
179
9
99
232
581
242
87
180
533
75
320
156
568
190
43
149
71
55
103
37
546
127
292
104
245
62
103
110
614
92
55
109
197
393
286
61
197
791
467
236
194
175
16
24
5
9
300
178
95
848
336
31
393
231
143
524
24
108
617
102
24
239
247
10
85
229
667
338
598
186
189
288
13
177
40
22
22
218
32
41
50
91
158
143
165
251
93
107
224
640
272
121
221
478
66
28
115
43
232
9
176
77
822
6
84
341
98
120
29
106
63
32
14
111
46
44
2
107
153
15
150
56
124
60
91
155
21
914
227
327
122
22
313
18
419
227
203
134
334
165
205
111
123
68
54
537
55
183
278
392
147
14
457
84
207
605
151
84
205
501
580
205
207
198
111
20
134
409
52
148
106
73
285
16
95
96
34
93
579
177
592
84
45
159
23
9
225
31
20
69
272
39
47
157
126
255
545
272
88
265
128
172
921
6
47
547
5
38
83
572
125
135
85
95
311
198
168
382
300
480
169
174
173
957
150
17
876
594
91
215
91
91
361
3
43
154
73
337
269
95
101
171
298
25
66
238
367
98
309
1
4
318
16
192
218
167
13
151
23
87
86
227
273
351
412
514
143
25
631
262
50
223
6
469
244
265
230
57
59
415
92
115
74
339
76
7
393
13
12
447
173
114
26
396
14
34
53
24
65
143
223
510
137
250
7
70
511
19
19
44
65
23
1
341
104
122
179
227
93
191
388
443
849
38
138
134
57
88
211
21
221
567
158
377
571
26
72
346
571
97
189
545
136
16
131
153
477
218
319
192
275
81
462
650
294
2
471
12
158
100
712
28
246
20
63
41
67
131
341
68
26
72
679
15
362
264
232
232
61
396
109
30
424
68
255
61
47
392
87
65
167
48
26
37
60
27
27
348
174
86
215
46
217
936
126
110
174
1
181
20
276
562
157
270
2
146
559
219
110
22
117
18
59
255
26
446
6
212
1085
433
56
60
1144
329
186
14
2
9
85
305
65
71
140
60
369
34
243
8
65
294
96
179
94
203
457
318
19
242
170
298
87
240
4
238
21
11
369
189
20
41
20
529
449
162
138
203
176
76
455
347
156
435
443
206
575
73
30
68
54
251
68
11
61
337
2
28
77
189
22
40
329
81
28
65
246
371
161
95
202
100
386
349
207
10
189
10
154
225
590
1
398
292
105
143
96
2
210
958
25
416
685
315
358
43
23
196
14
394
80
56
120
283
42
643
175
1
8
12
28
165
211
265
94
108
5
212
663
60
258
230
7
617
382
576
120
224
4
269
108
5
80
127
17
3
378
24
120
52
142
103
72
877
493
53
61
542
13
119
395
306
89
170
247
227
5
180
151
501
45
90
70
123
472
279
37
737
30
30
114
462
48
64
49
46
275
49
22
76
69
79
144
1
6
1453
427
180
174
37
152
67
81
43
83
5
58
62
609
228
240
387
338
549
40
82
201
225
140
94
177
63
79
44
611
169
155
64
95
679
132
165
147
85
118
477
63
68
104
210
63
97
145
13
695
626
66
253
493
18
416
93
132
52
196
114
333
84
11
218
26
306
148
32
31
443
466
34
474
155
56
3
154
162
496
145
91
74
53
5
2
82
478
356
214
84
136
422
74
103
16
110
26
275
83
279
210
559
109
156
37
313
135
530
302
442
173
577
165
11
180
78
120
160
851
87
15
129
16
370
61
11
118
286
135
66
106
232
420
254
11
209
13
292
253
119
188
72
146
10
50
716
293
32
97
15
362
138
300
49
91
23
17
336
88
393
114
149
14
253
61
228
45
6
229
493
82
17
53
486
20
136
18
169
2
142
153
121
152
324
521
414
42
496
295
111
83
411
57
84
130
19
348
136
188
44
53
102
184
334
119
16
4
494
1
13
104
424
52
130
134
293
286
127
53
985
522
374
64
497
77
74
212
143
43
9
91
205
1065
22
189
20
213
89
80
500
480
98
440
47
98
31
125
407
190
272
2
148
271
58
94
18
28
255
121
35
173
114
458
342
89
198
74
372
362
158
111
16
364
46
56
466
144
215
165
157
495
36
437
35
1282
8
47
112
62
182
174
231
311
1119
858
34
316
70
133
122
172
207
9
524
484
438
19
376
255
125
53
45
43
464
17
5
17
335
233
765
101
224
171
45
52
64
275
8
415
32
289
310
11
413
60
852
86
153
446
100
243
48
61
49
12
400
199
249
604
108
13
261
67
104
351
69
441
5
206
361
61
555
197
36
6
227
137
262
124
608
667
88
282
295
309
557
50
220
117
68
41
459
508
205
308
633
169
3
91
52
131
417
253
33
98
96
408
253
150
188
214
227
123
6
288
54
68
230
135
208
59
64
560
151
48
210
393
53
422
430
365
19
106
123
19
723
47
242
154
413
123
8
114
649
94
35
47
488
175
265
286
391
209
225
682
320
48
213
161
353
224
457
18
6
519
383
78
80
20
395
172
56
276
102
98
295
161
806
36
81
365
84
6
16
11
626
192
106
161
150
1583
18
253
145
130
226
400
70
122
373
455
13
29
31
43
11
46
317
226
42
70
55
168
263
94
316
269
12
353
70
45
23
116
9
192
217
754
451
105
917
195
420
74
721
581
24
543
77
217
117
65
558
401
183
194
19
780
50
346
95
30
182
127
44
45
127
348
267
32
283
17
25
10
137
401
266
85
457
124
135
204
361
260
403
263
183
44
173
26
69
61
316
224
227
5
171
241
383
201
186
29
163
281
333
12
135
593
620
60
132
183
349
22
344
56
15
84
204
355
78
35
211
390
210
34
27
384
879
122
101
41
185
233
327
204
43
12
93
305
249
46
11
149
163
25
653
432
27
266
84
107
110
164
221
60
281
470
265
76
32
17
4
122
152
32
54
69
82
163
90
115
159
71
5
283
423
361
156
163
13
162
159
38
551
414
113
610
99
352
151
20
268
63
91
65
220
118
317
189
70
35
106
341
131
55
4
34
649
143
163
2
99
5
77
226
470
279
274
65
73
112
277
50
106
347
315
76
273
23
213
369
18
165
41
233
948
82
437
504
556
132
262
349
18
720
522
373
80
548
29
104
249
328
382
16
303
201
97
18
762
60
45
171
237
159
13
206
7
130
243
186
490
42
139
119
178
338
415
548
39
61
366
89
73
210
144
96
117
231
542
577
10
187
9
267
17
1
32
27
6
34
274
22
650
36
5
34
340
166
417
161
100
213
349
1
53
56
198
43
592
11
640
20
20
126
1502
186
37
472
61
111
393
120
148
209
27
6
38
15
33
347
399
205
432
31
294
11
27
127
75
518
353
476
238
172
267
269
26
321
373
78
593
221
445
8
283
342
105
141
158
35
116
316
1003
136
151
369
16
11
14
320
448
80
172
146
21
67
13
500
219
66
771
109
124
359
598
42
99
156
319
103
122
52
1
62
202
271
38
651
384
102
196
71
528
139
214
56
361
573
195
20
25
88
102
120
304
268
80
285
175
18
55
198
542
546
198
199
96
92
200
329
588
82
353
195
42
417
139
153
73
29
116
601
37
225
471
295
184
9
316
49
252
11
208
41
262
301
170
395
8
236
234
300
481
583
39
7
214
56
142
551
188
65
1
290
276
54
62
348
83
59
173
184
98
105
477
35
76
21
164
155
203
96
21
90
4
34
202
93
158
256
10
20
175
201
65
105
907
92
49
33
27
254
97
167
107
117
420
272
418
17
308
348
110
117
174
32
60
269
205
17
66
310
125
268
295
75
231
84
58
284
125
96
333
201
96
84
353
327
96
49
78
280
489
133
394
53
349
338
85
74
21
44
141
59
13
240
117
61
28
198
21
113
230
55
707
7
47
290
443
130
46
620
65
923
16
412
202
118
136
30
250
78
97
85
18
66
25
450
173
65
688
500
83
282
146
161
450
321
712
61
15
313
23
112
18
142
403
556
211
26
47
772
142
18
83
279
22
90
407
85
433
1278
9
122
733
118
173
52
178
213
59
375
14
109
352
43
331
403
90
51
6
209
170
73
182
268
64
53
394
87
155
34
309
476
214
18
56
161
118
65
305
38
21
30
303
96
12
484
53
127
21
399
24
278
32
36
168
65
674
44
420
114
74
151
110
80
173
54
178
132
223
321
506
281
4
83
85
7
125
81
388
167
17
180
121
140
125
247
259
153
221
209
447
32
79
291
211
115
11
542
231
731
296
896
37
220
1062
58
24
18
230
70
459
57
306
262
362
78
7
40
21
42
21
41
400
90
247
59
12
54
307
325
108
26
54
30
105
1
133
63
208
174
77
269
72
119
34
44
60
665
77
486
109
283
117
965
697
72
161
130
527
180
627
12
442
86
146
196
56
246
105
96
265
493
580
239
251
579
185
140
528
154
288
82
35
187
87
397
185
151
480
3
69
46
49
140
114
115
9
528
1071
168
33
37
95
349
22
70
147
91
3
280
68
131
300
740
138
587
609
38
95
611
329
154
414
189
225
158
176
139
46
194
244
49
169
326
326
99
72
273
331
38
263
209
869
180
267
119
80
355
365
447
28
350
56
329
29
47
510
40
24
1
90
90
27
26
1225
13
121
7
5
91
101
227
174
131
457
1
904
123
64
33
15
179
467
272
39
234
56
51
2
963
959
282
378
478
270
187
52
72
857
148
251
164
336
8
378
29
24
44
379
341
221
212
39
112
745
207
155
29
20
267
123
38
112
466
670
25
272
356
149
133
67
683
313
351
75
57
69
20
551
833
185
110
169
497
35
34
360
332
54
42
70
218
61
134
362
564
767
525
10
325
193
34
117
347
204
288
391
32
29
111
463
156
138
62
278
93
131
26
42
407
30
898
39
294
420
77
388
246
27
97
69
93
251
125
305
442
190
11
32
110
14
328
280
94
286
112
244
68
17
62
635
314
17
299
304
218
54
197
84
97
190
190
345
51
132
31
361
74
8
131
172
186
60
136
122
83
173
20
206
301
91
27
70
443
404
413
425
314
263
686
93
136
191
373
249
469
13
150
89
168
45
498
66
14
83
84
44
197
24
153
137
326
46
351
165
350
67
244
638
121
53
138
54
474
65
102
278
313
13
156
79
136
91
81
21
5
105
321
95
303
134
25
483
37
574
21
84
183
14
306
50
307
16
634
119
362
243
234
119
23
164
245
529
61
285
313
180
155
7
483
192
233
325
73
60
146
101
57
114
161
544
255
176
292
12
236
270
366
808
51
7
509
20
29
173
98
175
118
11
143
59
75
285
171
26
208
197
83
360
42
390
96
168
50
239
52
122
200
13
337
36
183
118
32
234
150
466
264
1
159
127
235
173
54
398
3
131
317
339
684
3
111
388
24
193
16
492
364
2
73
174
2
61
146
88
154
346
43
279
141
33
116
168
222
769
139
47
497
420
135
88
175
34
12
433
27
244
39
77
23
533
355
231
1
62
288
32
237
119
5
43
58
29
165
309
429
463
151
68
160
68
169
133
46
540
295
194
30
108
143
243
102
451
519
791
266
28
50
501
12
839
141
143
396
6
116
66
189
60
80
340
144
211
649
37
238
144
384
640
49
75
34
178
473
11
454
70
130
302
399
136
497
79
257
48
172
404
243
525
725
113
142
266
279
416
234
18
291
144
41
3
295
491
65
47
227
4
208
220
381
24
290
106
103
346
86
3
709
221
14
78
561
63
62
43
165
365
406
199
709
6
54
26
161
256
33
145
185
410
223
90
339
781
19
534
134
74
212
405
717
106
86
297
77
20
100
164
170
98
249
525
244
194
15
346
212
44
27
41
107
38
13
396
228
51
19
6
944
16
139
528
375
8
119
77
290
235
65
112
288
83
148
335
47
76
88
456
145
294
216
185
230
571
137
401
20
203
27
103
172
440
85
173
46
127
92
244
300
77
454
188
123
128
241
366
165
193
83
81
505
372
72
434
358
223
60
69
10
963
199
125
273
813
55
107
1
180
45
103
237
241
352
28
78
157
265
67
238
136
404
82
1054
312
233
393
28
77
48
65
431
5
33
86
379
13
351
59
153
60
30
184
244
7
55
53
91
64
48
30
97
94
98
81
48
574
161
15
223
75
354
40
67
116
77
481
18
68
85
29
119
69
121
46
359
733
438
98
549
87
337
24
54
38
521
693
96
191
259
311
109
160
36
171
62
480
394
253
131
74
199
73
261
132
149
370
634
217
29
66
268
116
75
202
248
59
26
23
219
17
28
1080
36
102
408
58
47
17
181
13
516
52
22
56
243
179
347
390
315
236
512
332
331
36
171
394
25
126
42
360
166
174
299
102
156
236
43
52
340
168
115
591
30
195
303
207
10
87
479
76
455
30
321
22
153
25
164
213
180
26
577
119
504
81
300
108
8
265
696
263
33
579
99
23
235
157
66
107
301
122
116
939
226
152
459
136
204
406
78
186
29
1102
324
128
521
147
82
43
722
71
203
49
189
291
165
851
976
138
332
231
60
171
35
100
96
431
610
158
45
605
3
3
171
84
289
204
25
69
274
176
149
194
50
85
559
160
31
275
72
129
37
326
42
83
505
266
20
222
67
8
200
406
408
481
177
414
112
488
90
290
102
39
242
108
84
2
51
303
111
65
250
510
275
83
193
89
212
644
285
357
333
663
235
19
53
7
239
303
819
126
440
7
304
61
90
394
48
76
455
495
311
38
39
288
154
16
574
46
100
257
33
307
9
156
132
12
151
373
63
251
49
240
60
34
127
387
46
185
208
176
265
96
248
283
128
98
26
4
456
108
60
102
453
105
19
46
122
40
67
150
143
325
142
50
96
33
29
239
302
284
9
91
382
168
286
15
53
209
223
99
165
142
129
18
123
11
208
187
102
359
23
758
129
202
349
402
141
4
156
55
127
482
101
109
251
363
185
416
543
422
647
201
89
622
87
177
32
155
2
192
118
92
255
338
12
64
268
232
52
255
160
212
143
25
71
257
28
148
1122
207
449
410
87
106
12
47
70
119
26
34
12
80
16
20
504
95
1093
58
104
604
135
43
25
356
734
443
528
132
57
513
313
171
64
443
319
183
288
231
325
478
93
212
66
11
24
71
187
253
422
164
174
33
169
81
66
97
308
53
15
24
162
73
535
174
17
223
381
71
553
292
128
578
273
62
272
75
255
53
297
189
29
224
190
956
21
2
42
204
244
183
19
59
458
479
123
71
35
107
215
349
95
335
884
56
515
227
26
391
105
25
140
160
6
149
117
103
10
13
15
206
83
495
608
284
122
555
139
16
47
311
615
252
51
31
29
47
116
13
223
213
6
32
767
276
225
147
184
149
258
73
60
36
31
176
50
243
280
168
68
869
287
550
15
258
647
10
302
696
218
9
59
433
304
128
128
29
9
153
51
259
316
140
37
233
104
126
8
97
215
560
30
345
45
125
557
349
110
314
454
93
334
258
75
617
46
53
86
89
510
476
5
177
59
106
78
108
62
461
35
74
98
37
127
19
277
120
15
48
304
184
159
707
584
224
439
132
41
144
15
307
685
121
80
481
121
265
78
65
248
233
495
48
134
81
306
3
130
115
175
69
162
225
441
12
698
531
196
75
596
97
43
141
220
120
8
252
16
36
420
465
166
22
57
10
407
132
232
156
70
117
41
237
184
40
38
198
200
1310
275
140
15
425
89
78
87
209
218
56
35
84
305
216
136
428
228
723
295
204
407
84
623
595
37
63
28
58
264
104
147
388
17
80
125
1
77
287
46
61
71
590
17
446
519
196
3
55
81
98
305
307
27
315
13
476
115
18
230
988
4
344
16
583
9
69
99
258
462
14
56
804
200
143
163
104
70
182
132
383
508
437
359
421
81
1
13
269
128
112
35
131
160
8
169
40
209
22
119
831
8
44
80
647
611
344
213
115
657
19
21
405
280
73
45
372
127
307
52
82
90
323
314
278
646
534
29
572
138
239
178
236
282
355
39
346
30
1178
303
145
23
84
485
464
263
228
140
171
186
231
244
10
298
524
36
341
670
20
261
18
312
53
22
258
37
93
82
216
217
93
232
28
867
74
328
8
87
65
242
538
472
643
124
248
837
277
43
217
95
365
37
498
78
16
197
524
132
553
46
7
178
137
127
277
679
213
144
356
243
172
22
276
198
177
76
192
386
112
32
52
21
45
22
54
130
340
29
25
2
91
5
730
173
30
167
326
138
301
190
73
127
66
89
344
26
61
523
151
367
85
207
114
30
519
7
71
54
63
591
17
32
46
408
786
432
68
287
238
27
309
147
582
522
72
125
505
357
103
328
230
960
20
201
36
173
134
71
346
38
123
267
166
96
266
227
4
88
34
40
315
135
143
140
253
587
305
278
305
72
30
72
303
617
138
107
65
190
15
18
2
122
201
142
69
72
597
50
151
113
37
71
115
80
137
219
10
1042
17
472
24
34
77
184
907
674
178
199
179
148
177
110
147
372
60
191
619
176
164
22
107
33
656
508
537
125
2
633
356
28
288
608
177
28
148
275
607
390
195
62
459
228
215
41
132
239
3
282
48
2
947
316
9
29
107
48
163
345
8
40
115
1393
200
61
376
7
8
193
299
12
15
211
659
162
199
18
139
645
332
701
236
116
102
179
62
189
182
225
162
108
67
654
240
385
238
156
142
311
404
563
8
173
198
124
144
247
167
231
207
40
289
206
888
361
209
205
99
101
339
33
30
89
37
316
503
152
42
380
32
103
273
66
305
9
46
250
56
321
57
99
119
134
49
140
221
58
79
545
44
456
180
355
137
377
357
1169
411
126
163
179
75
707
24
10
149
208
525
291
344
172
39
119
509
192
262
195
62
363
269
73
542
26
219
57
293
41
31
273
319
231
127
140
150
237
30
140
57
45
33
80
432
424
169
589
155
443
17
107
67
357
479
113
77
218
918
65
18
281
221
10
104
329
340
227
65
392
242
272
104
19
115
118
8
211
92
352
56
52
62
205
43
171
174
357
155
251
274
31
151
10
251
286
411
10
243
158
4
377
105
248
491
75
169
142
381
502
52
401
119
30
137
105
113
136
49
415
58
13
79
103
36
201
70
179
376
49
121
426
38
30
173
43
37
117
165
60
407
331
150
231
8
261
48
34
106
24
972
291
170
17
85
699
2
43
32
17
119
252
190
326
29
71
58
342
5
214
199
294
184
155
88
278
89
239
14
227
142
9
335
165
22
275
202
21
12
133
253
190
59
156
565
299
62
1011
41
14
326
259
49
127
150
110
150
94
52
82
527
24
15
1
70
33
457
196
58
94
66
93
42
111
79
66
110
185
457
792
390
58
75
3
866
27
20
399
172
247
563
153
441
542
106
314
294
67
136
414
122
274
187
328
117
181
40
25
59
115
81
24
126
153
326
129
340
374
253
91
281
280
58
292
60
668
340
75
72
153
427
57
274
136
556
358
20
8
333
352
387
294
360
81
514
516
4
217
329
19
307
145
6
86
95
24
167
93
155
161
214
82
154
21
350
56
31
181
129
147
225
309
401
116
206
227
400
63
35
253
64
209
210
2
19
41
5
55
163
219
320
184
81
637
99
89
196
657
13
79
198
208
244
627
30
199
660
67
205
61
440
96
277
223
203
193
83
302
85
104
44
238
308
202
156
146
375
168
67
706
140
86
78
408
70
452
279
399
697
95
79
115
88
821
1021
206
8
51
479
145
777
126
220
217
215
529
47
698
306
388
37
515
55
19
9
133
74
282
1131
3
328
65
243
40
36
120
768
99
23
317
205
186
5
414
95
22
159
379
877
26
156
578
397
347
3
14
889
198
18
67
98
67
175
101
68
248
98
72
452
19
17
99
21
24
10
221
570
476
159
389
57
190
538
33
37
3
159
430
19
67
112
340
212
54
97
56
73
21
171
210
34
60
34
37
166
547
19
134
47
72
256
141
15
557
54
96
22
42
146
57
790
65
187
69
274
297
59
109
240
60
271
45
99
282
138
95
8
351
212
165
53
384
23
118
62
113
45
31
476
94
172
596
6
65
91
53
358
30
49
193
30
572
93
60
117
310
55
90
54
95
252
251
69
133
245
108
88
63
9
150
9
601
85
432
73
321
475
288
72
485
60
200
1664
279
107
249
98
465
135
163
185
5
257
90
432
120
134
59
174
128
120
54
39
204
105
8
190
44
499
181
286
7
80
83
100
28
68
11
140
974
78
137
70
8
177
146
260
89
101
439
475
473
174
157
48
140
80
132
126
225
156
8
7
298
90
254
30
89
437
90
71
70
296
325
41
160
233
309
279
33
82
85
3
66
11
82
61
600
197
100
22
65
101
1027
35
281
56
368
293
172
169
76
137
99
388
44
399
149
419
92
24
26
41
267
72
32
649
17
213
264
324
8
128
438
166
641
106
551
361
406
160
278
35
41
8
44
161
135
212
294
129
11
40
469
316
65
428
456
405
373
587
583
76
292
57
57
182
5
60
198
728
13
122
244
606
349
18
852
327
177
174
573
62
52
159
130
734
63
183
302
324
69
475
6
184
9
348
509
148
407
105
130
122
290
41
21
251
242
4
93
154
134
101
156
142
417
5
36
144
24
1
411
61
223
149
289
13
105
75
83
352
298
300
130
11
113
33
114
227
394
113
72
197
68
169
469
526
168
201
197
35
70
94
23
50
359
1
66
13
139
153
284
129
188
140
682
136
180
132
14
158
589
32
17
543
38
69
50
254
129
197
419
202
105
241
57
22
50
300
10
570
13
9
68
438
364
570
199
135
437
9
42
134
45
45
86
66
111
126
145
158
88
126
63
201
28
236
497
347
394
133
413
3
482
22
420
695
147
222
134
252
8
99
357
31
120
371
19
122
108
256
217
154
166
369
138
334
52
307
169
280
99
1031
517
159
730
241
79
18
74
131
484
337
406
346
427
194
27
160
203
51
193
103
96
69
11
211
187
319
172
27
143
266
6
98
241
314
63
155
62
13
118
97
190
102
69
86
13
137
56
3
218
75
180
168
52
429
90
4
761
42
29
173
428
17
177
658
9
641
457
9
41
48
296
189
209
10
74
235
553
339
107
32
42
108
1022
1
187
376
198
67
84
158
610
265
227
168
133
56
32
53
15
86
103
73
258
191
109
75
6
72
514
20
377
16
167
47
171
47
295
43
175
2
292
105
41
457
263
119
254
698
156
288
17
77
20
174
79
13
221
246
206
83
65
77
85
33
141
77
39
103
329
99
160
665
224
64
14
20
253
114
440
21
22
221
77
153
64
277
45
370
132
258
116
234
19
536
72
548
12
88
264
149
211
98
119
34
340
192
555
14
35
254
42
324
11
9
63
69
314
927
165
13
70
340
327
624
76
395
241
50
189
437
66
53
18
181
308
315
73
421
52
64
111
612
101
131
629
541
142
187
88
599
49
9
422
106
48
123
263
137
27
2
468
124
570
462
260
455
222
75
173
126
123
449
252
61
453
275
256
95
247
49
142
273
168
79
88
460
54
55
724
234
281
148
3
176
553
196
10
206
323
92
114
284
57
358
19
55
216
114
183
90
203
168
202
637
190
229
41
207
152
12
145
298
88
47
92
266
172
49
88
211
127
356
1
21
73
245
117
570
58
179
41
385
33
368
716
208
556
18
39
735
397
97
225
157
69
254
263
91
63
47
326
48
165
313
290
329
115
379
144
470
357
135
108
309
46
519
181
80
262
271
130
43
17
109
191
61
146
564
49
438
142
377
100
16
164
164
156
36
155
77
429
27
34
194
172
13
373
113
110
1113
290
14
175
167
28
16
83
217
178
699
65
235
447
24
645
129
154
216
139
110
186
437
824
15
169
235
70
157
48
231
49
24
107
238
81
80
10
961
238
580
207
27
247
28
24
229
44
21
35
373
32
328
255
11
18
224
3
197
156
16
154
267
176
183
204
134
467
235
670
146
96
307
111
557
215
147
558
688
196
25
235
16
82
140
13
4
72
84
6
169
199
125
33
87
786
393
1
146
347
347
24
255
535
77
61
37
189
36
59
21
195
33
827
156
62
223
478
254
180
612
263
442
49
133
128
4
239
284
211
17
651
413
332
101
259
34
17
309
101
75
6
481
104
73
135
204
130
117
195
327
286
374
386
37
73
432
5
539
412
198
83
229
151
597
127
10
918
92
102
840
41
45
76
716
7
34
59
981
386
476
219
206
120
356
249
46
55
94
104
5
135
64
101
13
18
29
182
472
314
142
81
39
139
5
66
167
105
260
471
118
197
30
180
78
34
43
48
4
247
204
78
539
94
684
288
36
150
130
320
494
9
176
177
876
44
608
37
236
66
155
228
11
90
35
11
205
46
223
390
382
276
79
172
4
43
120
664
35
21
1149
289
271
138
19
124
63
133
26
78
15
55
164
102
21
778
824
308
28
301
136
277
36
264
13
11
89
125
536
26
115
99
228
68
292
284
652
385
19
478
198
40
29
257
53
132
15
269
173
198
7
455
84
172
195
97
111
269
279
157
19
584
184
81
132
56
21
62
200
58
261
91
161
64
10
2
129
567
237
56
426
143
73
112
92
195
29
289
786
248
251
199
16
278
130
44
79
192
159
74
864
262
239
18
541
52
229
50
219
96
455
115
326
121
201
16
46
293
324
67
59
31
132
294
137
115
23
186
23
129
218
3
97
716
252
211
306
287
201
79
213
1142
361
191
51
172
107
101
539
134
682
236
268
69
2
382
118
137
284
148
235
768
241
90
211
57
260
884
17
232
49
28
287
177
423
105
856
19
288
307
26
369
40
18
453
150
670
187
128
5
473
58
463
99
202
36
18
106
446
90
296
474
123
69
299
153
194
319
477
71
148
131
322
137
46
468
36
71
273
190
183
240
59
117
156
12
37
18
118
523
179
97
299
111
24
74
606
342
404
22
296
182
56
168
126
241
8
531
556
32
122
68
77
322
255
19
96
111
246
200
686
371
110
2
751
81
211
146
4
4
210
922
81
132
45
729
18
72
430
69
179
256
531
448
177
45
117
153
34
7
100
34
88
328
45
153
53
340
60
24
36
70
48
128
74
154
97
128
21
274
37
122
124
279
249
156
364
89
298
121
167
146
15
369
303
11
672
185
89
36
372
24
11
108
5
455
99
117
144
224
104
13
155
55
389
14
15
40
668
83
70
411
70
183
77
266
421
106
694
46
33
269
7
102
344
263
286
673
55
692
3
8
97
431
388
320
11
176
869
185
82
314
315
36
802
22
109
250
285
75
232
217
93
4
37
229
14
44
82
253
131
846
7
411
414
113
47
203
70
79
38
120
306
654
67
8
55
547
99
139
1538
295
329
212
277
165
76
149
386
85
401
155
248
121
117
77
42
147
440
183
316
102
8
46
190
235
1
158
210
24
591
218
208
104
56
44
783
5
59
81
261
78
236
34
138
111
351
91
23
165
111
415
266
1
267
42
181
106
99
21
284
262
159
192
48
108
27
210
264
34
134
87
236
382
94
203
94
11
136
379
421
163
162
1110
63
115
26
172
712
32
27
113
19
841
86
191
228
187
325
256
205
324
54
223
51
61
235
104
366
170
125
119
50
23
53
368
145
19
298
95
121
148
18
202
27
37
54
283
140
94
367
123
75
457
113
53
61
127
203
49
93
78
132
229
77
102
203
199
166
120
966
121
49
278
97
31
78
215
337
841
185
243
5
58
75
130
266
332
51
842
113
39
103
265
3
495
351
50
36
516
127
19
313
139
482
206
84
259
22
541
103
19
92
39
90
363
43
216
149
6
930
492
141
260
86
80
53
89
411
605
112
202
60
231
474
14
210
182
142
141
405
166
9
239
212
692
15
71
122
222
444
87
485
627
144
218
175
258
8
13
10
165
60
3
529
1314
314
155
4
190
204
579
728
48
133
67
311
380
183
12
176
338
211
20
328
104
79
26
122
199
12
517
105
193
249
212
117
443
194
33
16
65
253
378
280
205
49
37
170
41
186
417
6
141
81
104
653
31
7
170
66
382
191
231
134
66
11
137
262
76
67
740
81
296
584
92
140
237
113
144
62
523
688
412
44
54
43
68
30
213
595
371
83
68
296
519
68
73
298
347
238
76
99
547
312
422
271
1134
137
78
9
77
183
199
310
139
133
186
43
172
162
3
182
22
430
525
73
16
64
7
176
61
47
8
63
315
467
674
271
170
669
164
228
117
302
114
96
162
56
71
5
665
477
427
259
382
31
393
243
104
95
106
105
305
22
246
687
34
185
1239
324
65
26
157
243
169
129
17
66
41
314
20
20
745
91
151
72
605
70
61
40
7
2
721
98
241
43
216
59
128
67
153
1298
201
28
137
40
56
349
465
57
401
111
406
152
845
160
327
141
182
143
106
219
479
9
375
445
222
57
76
191
9
337
259
196
144
31
270
455
368
116
345
57
115
104
180
39
47
169
35
272
79
484
220
329
372
343
281
140
239
4
41
58
1121
150
77
43
28
63
234
92
178
100
90
131
14
632
79
181
246
924
204
202
6
181
137
738
132
33
3
4
27
49
427
18
79
52
212
114
7
178
379
341
161
54
199
87
65
67
52
14
97
380
416
5
518
197
120
60
75
76
152
125
206
148
23
284
378
42
217
71
28
33
347
43
207
727
82
136
519
159
156
181
858
214
22
684
181
9
40
121
222
14
338
16
68
179
217
200
55
32
412
608
218
764
73
35
195
21
305
278
50
433
192
456
23
97
30
273
598
365
111
20
262
190
643
75
112
8
113
307
3
76
104
310
50
12
18
21
18
163
395
44
243
103
437
107
40
129
105
381
58
980
5
109
145
210
215
377
312
122
103
3
147
93
739
105
261
82
10
24
128
295
13
24
64
38
435
71
134
373
499
1
22
118
464
99
443
80
43
174
115
102
209
362
679
124
443
203
127
273
36
5
16
200
125
1
36
53
55
112
32
415
65
29
119
21
18
233
167
64
118
196
301
100
85
134
101
46
11
148
12
40
140
92
5
137
273
179
609
183
216
103
28
107
228
103
174
363
234
249
19
171
431
74
166
551
284
501
239
230
640
78
122
137
54
106
68
42
38
346
168
57
676
149
56
306
512
38
30
141
520
174
399
318
174
42
437
135
57
327
184
121
240
148
719
151
191
27
235
2
190
387
65
28
13
359
32
293
100
7
19
499
21
28
27
683
42
7
43
134
61
155
231
152
614
340
60
17
994
47
445
254
146
15
231
34
578
17
80
198
14
326
291
391
187
487
626
177
683
356
60
81
86
52
92
107
1
28
73
484
339
16
102
161
571
14
278
49
248
262
30
18
147
142
354
17
566
47
68
196
287
314
48
98
33
241
484
13
252
182
120
290
195
393
164
48
151
216
297
36
158
733
283
83
504
99
69
73
233
1
437
144
3
83
150
1074
103
141
111
449
163
170
94
85
9
107
167
404
146
433
101
347
264
255
49
9
6
493
139
50
150
4
94
34
282
26
3
126
532
479
394
341
177
201
23
79
327
73
122
35
266
1387
184
840
207
180
99
83
46
295
35
135
53
226
46
540
193
1165
358
15
214
455
3
44
122
171
3
87
261
352
24
43
189
129
256
106
278
546
896
343
99
394
73
268
220
28
227
230
350
12
133
13
181
38
145
395
105
104
329
7
261
893
60
159
36
1
113
350
190
334
173
164
29
73
78
165
317
56
581
253
43
181
339
205
388
35
385
26
68
89
157
608
334
145
123
63
2
137
272
539
434
1
166
20
168
117
564
149
222
187
1071
340
28
30
3
1
206
1161
88
272
148
429
197
215
17
386
28
412
86
18
5
101
78
4
42
112
111
359
53
36
117
149
217
53
202
108
191
69
58
159
42
704
31
210
316
222
259
38
148
83
839
24
724
382
289
13
157
8
6
60
190
799
86
4
195
225
75
102
136
197
15
98
91
145
295
157
30
128
9
85
270
26
76
33
207
469
32
18
168
409
70
249
369
119
262
364
102
82
87
59
403
21
179
339
274
160
193
224
19
149
105
818
259
30
78
815
112
27
141
266
9
82
268
106
5
1
3
116
87
410
154
96
73
292
97
378
6
260
137
90
110
57
72
104
62
305
180
192
12
13
654
101
175
77
124
311
184
12
256
1
238
103
57
99
248
214
26
51
284
36
326
34
60
8
69
210
882
482
71
64
192
49
266
35
216
36
37
138
92
844
128
113
131
148
122
25
84
286
169
99
79
115
155
334
12
59
9
130
93
378
48
101
150
15
30
360
176
237
31
107
123
30
750
83
184
69
259
189
309
9
178
148
637
187
69
76
195
53
76
90
262
101
236
208
163
16
172
634
144
44
65
194
87
350
8
14
323
55
50
32
904
115
29
144
268
44
56
405
23
62
617
140
52
333
242
461
340
208
159
303
115
112
11
113
407
82
163
217
217
92
235
47
53
371
57
696
174
43
38
432
2
198
482
337
407
355
308
60
287
37
210
63
45
191
155
95
39
505
148
474
188
31
134
141
31
29
15
51
58
11
119
1
36
161
50
529
141
214
19
9
42
1103
168
24
135
120
105
45
306
322
5
69
501
139
160
676
232
31
364
78
88
250
8
18
276
57
4
45
352
640
88
302
56
121
17
255
359
21
502
401
156
37
54
6
242
374
106
265
41
229
421
7
85
167
137
44
70
433
149
239
94
421
479
52
105
354
14
49
186
41
524
165
210
39
113
10
502
11
46
38
68
149
190
362
145
131
757
204
218
189
14
48
149
5
228
91
145
98
136
117
4
339
428
234
210
630
813
1050
93
125
207
402
1
108
163
562
1
307
52
506
16
154
12
58
141
125
42
95
268
88
109
675
30
165
351
407
110
188
86
56
246
440
12
191
224
15
77
62
313
69
178
297
17
271
1173
9
96
282
156
228
180
531
2
14
403
122
102
578
45
43
17
419
107
189
85
116
908
38
186
122
245
61
899
32
175
65
137
152
14
476
120
459
567
66
139
275
600
2
347
722
161
274
355
243
352
95
3
173
827
92
47
405
109
119
638
48
349
35
56
98
76
104
49
434
890
156
57
259
792
43
530
54
101
63
83
56
27
104
36
136
7
66
4
176
116
11
193
88
101
96
7
836
260
44
265
245
67
339
228
116
101
120
29
51
884
265
116
270
80
96
131
384
391
138
4
102
28
283
230
40
52
439
272
114
275
244
134
208
253
40
81
10
128
240
119
213
548
18
14
35
71
122
59
164
148
173
70
355
231
246
123
145
179
191
87
162
216
343
165
47
150
222
357
111
81
77
129
125
41
50
55
40
276
61
90
258
114
10
2
25
34
147
379
103
23
119
528
431
182
460
200
26
69
72
448
36
570
35
108
329
5
6
16
44
52
433
64
228
85
102
114
46
110
66
87
23
270
59
204
230
153
295
673
78
544
11
81
175
25
154
13
11
19
87
306
81
30
441
12
768
87
21
512
293
51
156
11
22
317
392
267
522
68
261
112
723
258
409
11
246
141
56
324
313
89
1
223
110
250
73
94
99
442
172
538
46
30
78
203
21
511
14
173
75
146
155
129
122
64
224
10
70
187
154
191
358
34
294
30
4
8
199
129
470
275
54
2
193
172
26
97
2
25
207
185
59
264
114
34
91
152
85
110
329
288
30
16
46
31
104
223
103
9
355
48
261
10
118
312
369
331
437
35
686
251
80
88
439
66
24
25
148
323
268
89
116
35
57
86
35
81
198
394
165
138
85
4
69
61
157
3
110
565
12
114
83
102
348
125
14
89
277
182
642
258
227
30
20
351
146
44
33
17
28
97
47
4
17
558
53
46
363
140
195
512
151
61
235
43
330
214
88
1103
822
111
543
68
633
29
102
202
19
755
414
16
168
3
298
12
103
181
109
7
186
41
113
160
218
70
344
125
509
280
10
17
511
6
499
341
82
340
241
73
164
204
52
91
170
193
105
522
36
48
542
57
19
15
160
124
71
304
270
526
301
221
33
81
31
111
185
976
156
276
12
99
1078
257
82
81
268
35
762
292
220
186
17
238
140
64
104
30
266
164
229
205
629
105
101
78
234
52
464
351
64
175
59
71
558
91
153
243
199
232
15
169
239
41
94
168
7
966
29
466
276
13
20
1
2
16
51
123
17
208
570
229
45
15
314
66
101
71
98
161
306
87
911
37
140
609
165
101
347
149
181
534
172
77
206
283
121
397
324
1258
69
130
16
61
605
13
439
109
363
373
221
70
242
101
287
55
322
143
180
12
1
62
94
54
537
590
50
940
297
13
3
9
305
26
398
193
30
132
133
216
48
512
96
235
383
35
28
73
299
9
209
291
211
234
288
221
941
36
531
30
112
11
125
153
127
163
21
31
80
93
54
301
532
9
264
370
228
13
161
263
18
84
26
20
355
97
303
547
103
301
21
694
370
76
127
60
273
94
301
167
14
377
145
100
416
75
36
44
179
202
48
258
381
305
199
594
168
3
35
174
66
42
63
187
105
108
15
377
125
272
28
725
397
30
110
742
101
112
79
159
663
136
2
83
220
83
1
173
386
86
89
918
48
101
46
144
134
4
6
299
615
115
183
310
44
158
291
360
76
230
19
5
32
85
164
128
181
171
69
174
215
57
158
102
58
821
427
136
106
431
341
89
3
339
366
299
145
132
17
27
489
664
159
23
120
1169
45
393
36
210
292
450
477
216
191
425
491
31
142
240
131
396
203
287
466
366
267
10
54
118
193
368
612
279
2
194
36
86
862
19
93
77
507
325
142
202
39
88
45
205
137
195
647
453
102
873
89
12
98
13
270
6
85
352
215
26
1096
260
153
99
237
177
232
536
123
534
78
75
161
178
165
387
133
22
20
6
268
437
174
189
23
189
99
509
602
294
257
267
61
557
309
46
338
196
10
112
73
58
44
523
322
41
534
278
81
78
17
98
2
34
55
56
113
367
140
467
370
44
75
397
297
23
24
745
165
77
382
83
188
16
544
328
229
182
244
430
24
323
20
45
65
78
130
66
25
55
93
377
32
131
11
87
248
113
220
742
397
195
803
320
264
14
75
93
228
26
277
105
26
107
67
312
82
300
455
212
29
200
60
259
245
363
10
215
130
119
174
169
92
84
300
149
60
50
16
30
1
438
102
14
401
93
283
168
235
269
174
421
228
44
99
182
18
80
399
341
238
9
590
50
119
27
10
364
895
430
558
252
170
438
123
45
17
52
182
9
171
65
15
15
36
118
670
193
167
387
157
128
47
120
362
132
41
124
16
208
574
276
175
330
6
577
44
273
252
433
385
337
531
73
98
536
48
56
33
9
32
38
178
379
15
54
66
1
98
228
188
121
90
374
215
47
261
260
89
51
559
178
158
174
110
171
1
292
225
319
18
47
161
395
773
297
166
76
65
148
172
662
398
88
241
161
309
334
282
276
33
285
30
514
214
27
114
234
424
128
195
211
405
162
49
91
34
218
41
598
324
422
1328
81
150
9
203
178
163
183
475
92
58
14
507
346
32
83
15
19
114
151
82
240
172
191
70
644
7
151
208
273
319
1
191
210
282
326
14
5
149
210
240
305
334
121
24
165
544
42
32
13
162
6
78
39
57
2
221
294
942
739
434
207
37
486
22
196
38
145
22
59
49
29
91
9
118
347
278
283
502
278
48
270
184
201
73
220
451
124
525
286
426
46
12
559
316
261
402
333
403
210
17
9
27
77
391
6
54
222
22
94
645
42
145
21
102
196
51
19
138
303
98
272
5
1
150
62
148
217
4
185
104
65
159
130
255
164
385
131
266
18
211
253
441
282
8
597
57
392
57
249
1
411
17
93
46
290
439
184
36
4
102
56
335
10
65
1
113
76
272
697
703
277
20
115
141
330
130
644
466
318
272
32
80
268
281
31
227
126
611
63
142
42
166
337
179
51
60
102
213
27
201
500
113
568
87
151
173
310
57
202
187
133
77
86
90
127
428
101
39
228
275
534
73
224
306
56
247
210
238
315
292
203
89
178
16
153
163
80
370
54
130
78
12
170
311
192
598
59
210
77
432
172
146
184
65
12
11
72
183
292
4
214
22
174
123
19
80
873
15
147
2
305
6
49
112
70
42
179
511
95
675
572
129
496
262
199
24
3
18
185
37
190
409
325
718
309
47
92
21
91
125
27
271
34
124
88
88
131
297
61
15
47
122
30
15
12
15
252
128
77
74
188
314
333
25
99
210
38
177
50
268
76
154
144
237
39
16
192
584
164
4
611
33
49
124
195
66
561
115
457
800
368
416
193
75
177
368
503
96
284
72
68
19
18
70
102
129
281
412
259
304
159
188
84
453
683
11
618
36
25
622
166
55
156
210
305
8
283
85
55
95
210
294
10
123
143
708
364
218
462
175
58
468
13
124
119
1
25
1
156
63
253
678
116
333
128
50
18
275
262
32
152
348
11
30
356
189
7
4
53
334
252
211
186
354
74
246
198
31
105
338
197
180
130
6
182
52
306
444
92
237
143
804
83
410
60
62
327
313
223
22
77
115
101
57
9
156
18
235
178
562
234
250
73
193
252
505
121
1073
252
234
72
181
238
339
151
204
218
264
810
246
11
24
43
6
52
56
219
135
312
789
96
2
459
201
142
67
88
203
290
176
187
88
105
202
130
345
80
49
276
357
51
156
99
34
67
8
181
59
106
182
105
91
100
502
14
53
4
2
463
101
204
114
429
86
11
127
203
101
71
214
20
176
51
545
134
161
91
439
734
180
15
58
147
370
90
48
77
428
124
219
125
200
147
605
15
386
119
50
164
33
86
952
92
257
153
2
279
378
163
780
548
72
65
75
73
206
92
102
408
230
71
190
271
1049
45
146
306
295
206
132
48
496
262
48
83
242
154
85
40
332
78
223
31
31
138
22
150
46
360
641
8
119
366
219
6
90
336
131
265
250
153
77
36
277
8
68
396
237
127
1271
88
107
126
70
87
176
12
111
163
42
152
84
50
243
56
24
46
339
364
33
260
5
398
59
169
502
48
31
451
179
104
135
126
395
30
32
108
356
25
156
85
130
167
639
519
244
140
248
282
224
21
335
217
275
48
70
42
488
154
230
132
1
61
336
68
170
360
137
66
317
225
40
118
37
101
45
272
109
125
231
281
123
280
256
150
221
2
457
92
116
201
300
289
59
330
111
43
41
100
174
781
23
178
159
1225
171
341
109
90
154
329
262
405
503
77
21
106
65
149
2
9
111
130
62
739
103
208
60
31
159
962
188
212
27
159
76
274
54
741
562
164
125
14
2
89
5
208
29
135
304
416
6
283
3
97
606
117
46
53
242
241
274
35
279
148
492
19
193
4
473
88
11
49
79
189
33
17
598
539
816
9
25
4
356
201
170
2
192
178
32
385
198
3
14
288
34
479
63
182
15
271
164
307
4
70
683
216
60
133
23
254
301
113
525
283
286
101
229
86
1
530
116
213
93
356
6
4
526
52
237
69
271
115
98
116
13
391
605
64
458
190
25
441
191
25
177
267
198
90
31
282
344
15
1444
192
265
135
88
129
34
814
109
56
41
48
322
360
99
14
165
87
24
22
334
224
162
213
39
119
248
116
751
502
284
256
127
166
881
521
1538
8
427
303
99
90
106
301
112
360
36
37
317
208
104
40
61
205
202
238
141
52
286
28
110
406
125
223
48
37
416
219
29
600
28
75
63
104
461
114
26
206
146
141
94
275
278
222
267
247
392
762
21
57
995
154
559
812
163
339
72
555
186
352
31
323
430
92
118
693
188
16
567
328
164
145
268
19
181
1039
269
30
44
83
43
151
21
85
45
801
198
30
155
54
385
28
198
147
22
352
3
139
629
42
40
50
90
261
9
623
380
36
793
150
177
246
282
573
51
372
22
531
53
250
116
61
296
420
110
97
245
223
325
68
358
385
83
25
655
296
35
125
457
303
102
352
568
23
126
44
1941
485
288
54
454
252
55
12
731
734
167
2
179
696
86
121
181
278
31
17
95
90
234
176
178
9
32
80
30
214
256
361
146
4
143
209
25
106
438
145
158
498
77
89
194
429
475
776
15
32
153
6
174
75
567
27
56
277
179
220
4
166
206
62
83
53
453
62
88
34
14
91
8
316
37
268
195
223
123
229
162
472
223
54
149
151
598
270
206
66
80
341
103
29
13
254
135
48
236
150
10
104
34
41
130
69
330
324
101
231
242
51
335
132
550
74
27
2
125
529
11
194
37
23
16
288
156
67
129
48
439
48
178
243
64
99
86
227
35
156
250
92
10
23
16
532
522
46
62
379
621
7
43
84
28
43
305
586
86
434
59
17
235
121
87
237
57
57
192
359
90
70
74
61
198
230
10
443
123
49
323
54
189
54
60
188
127
20
59
63
131
71
64
59
150
251
227
24
195
399
247
50
293
270
437
1140
72
32
460
185
170
1033
162
120
82
167
485
42
210
34
38
106
209
29
113
299
9
338
411
301
220
43
148
448
621
475
27
72
200
152
63
459
145
147
77
402
284
455
68
114
88
17
45
32
66
381
22
62
21
485
47
194
91
5
110
143
252
36
220
966
491
255
62
46
292
27
385
607
51
590
794
70
134
477
690
82
150
282
28
611
301
141
552
212
110
1006
56
75
14
50
26
854
34
115
125
155
4
131
440
64
313
65
14
75
38
5
15
586
60
917
348
210
98
117
62
833
61
180
68
31
52
29
15
69
18
58
488
145
39
187
26
131
57
68
17
195
271
33
14
7
12
159
680
292
117
478
97
341
4
31
81
112
217
74
14
1
31
170
27
83
95
396
50
79
19
52
5
623
289
91
139
268
52
60
328
74
231
117
114
120
165
332
189
46
6
132
195
79
138
214
18
332
652
612
340
212
154
43
96
204
3
18
403
74
323
325
13
413
15
494
156
64
125
190
367
18
51
274
53
156
7
185
55
79
140
527
147
103
151
24
19
177
134
14
205
16
145
242
488
210
298
161
315
291
6
105
44
69
85
151
84
7
88
89
146
410
307
40
458
183
258
293
167
75
103
106
61
130
358
77
5
111
44
491
57
143
61
448
79
196
256
189
98
67
301
243
72
7
334
117
138
93
138
306
234
505
43
168
30
6
544
399
143
171
588
483
531
40
476
192
84
136
454
23
280
383
85
64
121
762
330
320
349
555
574
196
333
24
141
80
210
85
254
99
696
16
394
316
361
153
108
666
361
439
201
131
328
106
336
156
71
133
49
222
90
189
414
184
277
38
50
352
30
32
326
313
124
135
879
35
527
115
664
38
387
103
487
154
417
251
217
347
201
481
236
347
163
316
345
402
316
1099
112
157
518
52
150
331
146
765
183
569
31
366
116
74
519
50
542
112
61
191
18
67
256
48
26
93
347
908
8
109
241
13
113
71
69
137
574
6
29
71
41
113
94
312
120
72
8
24
25
209
53
12
2080
530
71
582
184
293
160
313
136
22
237
116
287
59
134
547
351
413
303
313
120
58
137
111
81
477
209
122
21
7
5
17
8
187
165
58
119
336
19
429
409
184
127
324
37
513
268
202
222
193
100
103
78
92
85
809
27
269
234
49
262
289
368
338
161
2
41
400
44
209
291
11
175
117
42
105
190
35
53
299
232
95
94
219
591
22
264
311
183
57
163
577
20
92
396
135
191
226
74
26
184
284
410
36
280
1194
132
24
67
35
28
198
325
23
184
248
235
23
114
62
55
255
25
321
132
250
52
111
3
845
154
584
204
730
219
44
52
134
120
91
173
126
161
165
223
191
107
60
29
99
42
528
58
73
242
149
104
3
11
7
60
36
592
390
138
127
94
46
168
706
220
47
27
642
186
7
216
156
197
196
16
69
252
98
161
736
25
123
181
343
107
344
171
65
19
697
180
287
46
86
12
87
36
66
284
410
87
184
386
96
145
255
156
140
239
84
310
166
203
154
1
8
90
100
479
54
755
882
160
249
75
421
235
95
121
332
156
295
343
481
13
125
357
10
289
12
304
181
77
267
1444
67
315
486
493
116
527
323
19
49
50
149
365
30
44
204
141
194
278
172
4
244
324
708
315
246
47
79
179
6
50
2
108
347
89
6
13
280
3
168
97
156
219
276
439
164
2
170
292
28
432
159
496
344
78
509
18
99
157
8
249
202
70
267
166
407
72
76
285
49
64
782
65
123
40
65
153
226
67
123
33
87
215
67
122
42
175
40
397
95
222
58
244
134
11
26
179
261
120
11
528
324
146
79
214
10
61
84
339
25
458
108
8
435
1
268
156
349
61
123
277
159
242
95
20
283
265
47
24
73
374
388
125
176
70
265
433
822
202
150
275
182
119
107
66
554
17
44
12
385
288
73
365
95
692
37
93
249
69
430
49
20
279
234
53
259
393
40
310
154
57
283
73
528
56
62
43
71
58
70
369
133
45
25
235
533
5
252
1
247
101
428
120
40
210
393
12
132
43
132
216
168
58
71
114
4
77
193
167
86
24
3
253
4
107
30
83
404
204
124
111
46
116
302
366
59
55
4
268
47
850
72
63
154
7
283
12
402
110
731
214
16
127
221
125
390
619
118
65
117
321
42
8
269
153
983
417
180
115
34
11
85
214
32
368
135
42
20
12
166
6
225
43
11
88
533
361
136
22
712
128
139
252
5
46
639
142
311
146
13
97
187
258
115
83
90
18
16
153
187
69
72
77
470
90
118
3
332
162
142
371
134
92
133
336
115
62
182
474
64
44
28
114
13
128
23
430
31
37
151
23
547
172
89
46
236
357
3
484
215
74
175
451
187
395
112
269
55
153
130
1239
101
326
382
36
156
648
20
396
150
262
231
36
14
246
23
75
486
265
25
264
38
284
136
232
310
81
659
88
181
67
150
292
609
248
429
91
107
366
47
166
100
422
677
39
81
119
5
788
66
220
241
96
100
152
22
91
82
193
74
273
1
283
283
500
175
277
127
11
99
254
91
1245
127
43
100
355
104
148
215
66
88
241
74
734
244
51
94
321
100
7
67
47
74
37
66
412
291
51
119
121
152
40
172
445
77
253
174
10
72
199
227
882
156
93
17
391
361
103
90
172
600
89
70
63
239
243
70
297
355
476
58
5
54
293
561
236
89
673
263
593
97
116
351
187
19
234
269
179
392
182
48
1
372
364
86
219
246
142
22
131
581
9
483
110
56
2
211
165
364
509
209
437
88
175
603
89
19
27
191
593
42
76
38
21
278
44
9
87
49
245
19
169
27
81
10
159
208
97
1
98
395
8
259
113
62
221
856
39
128
198
195
530
177
5
169
190
43
190
166
142
116
97
272
84
51
636
405
140
417
87
93
290
93
53
603
90
141
62
665
253
5
187
65
277
34
37
366
1
151
274
241
150
569
184
204
334
575
170
42
188
245
82
54
5
34
457
475
232
334
506
2
90
90
577
227
368
83
33
141
120
727
254
356
6
202
97
120
252
356
67
106
106
59
260
37
44
364
443
293
198
62
31
84
45
627
946
151
392
535
88
40
383
174
27
526
359
293
256
565
142
64
230
150
225
866
445
351
10
461
155
73
198
69
104
63
11
25
168
26
225
14
27
173
355
56
6
163
2
558
176
707
89
140
343
28
95
246
35
734
11
215
203
423
86
212
35
45
116
1097
634
84
96
51
301
140
255
240
596
421
331
18
464
136
35
181
49
102
257
168
352
124
103
64
119
119
222
125
351
203
194
180
511
222
66
50
181
380
172
154
453
208
265
134
172
162
149
127
403
25
27
12
37
53
4
280
247
166
234
40
311
38
165
276
231
40
476
52
353
192
38
40
81
47
135
299
130
70
302
440
52
210
52
5
108
79
151
576
193
92
258
181
102
135
609
33
559
155
2
279
242
430
1
470
44
139
1525
502
117
595
702
125
52
657
423
201
299
416
69
156
378
183
75
389
801
94
45
78
378
2
158
210
104
358
65
345
442
14
106
53
65
372
403
205
63
192
35
111
110
23
94
17
155
178
45
120
354
239
112
205
10
119
245
25
21
267
523
443
69
6
19
94
288
103
607
253
47
287
91
61
140
83
168
571
71
62
93
45
45
113
133
78
198
71
444
233
468
654
185
493
268
23
190
84
205
30
113
356
99
32
1567
88
27
831
96
87
45
32
3
68
79
201
530
112
37
188
258
59
514
703
222
156
10
198
310
134
197
216
52
668
188
22
324
62
93
162
8
95
315
84
155
52
104
125
10
390
241
3
10
9
50
76
50
60
135
136
200
137
102
225
754
574
31
171
254
442
69
210
135
533
19
166
171
417
183
38
361
91
264
272
489
198
355
208
11
102
348
47
97
103
190
730
10
115
263
17
505
129
465
661
102
291
172
24
703
118
11
22
4
154
56
195
187
505
281
243
236
31
61
409
140
174
437
121
144
640
176
276
315
185
43
68
32
133
46
416
316
130
389
232
6
332
223
14
195
41
657
79
98
142
136
38
220
281
333
19
38
404
96
68
571
48
26
139
363
151
99
86
81
406
21
124
6
125
541
19
226
4
102
115
20
90
223
102
291
841
560
690
155
90
62
2
44
170
185
173
70
41
6
187
18
385
331
10
435
195
106
71
242
93
686
14
137
107
109
111
503
230
322
60
383
134
391
333
181
73
156
182
11
175
128
81
305
3
1
37
46
58
599
431
381
154
160
79
896
49
354
259
122
183
439
51
14
29
55
44
103
93
314
251
94
241
160
312
90
64
218
199
70
35
416
208
138
32
949
112
237
36
125
92
535
352
220
51
381
6
680
57
21
17
42
43
54
87
165
373
853
450
265
84
41
1
708
707
54
39
23
227
119
138
88
3
24
331
169
249
183
281
13
210
98
17
152
95
81
45
62
610
7
136
28
73
199
65
137
363
400
617
229
129
326
72
1136
482
905
79
1061
54
109
260
2
231
40
91
177
254
17
280
461
36
23
5
270
190
21
79
39
341
110
31
126
74
8
140
90
481
294
141
76
114
31
48
300
49
195
64
20
281
189
89
36
27
3
305
109
120
298
81
45
18
33
279
41
290
31
409
424
121
425
341
406
9
76
75
312
252
14
132
281
25
301
47
52
15
322
107
843
21
169
79
54
100
145
29
147
149
353
5
124
170
680
16
649
437
46
794
577
55
19
5
57
151
33
83
265
361
251
465
54
541
24
41
107
22
46
857
31
90
150
108
131
460
445
117
408
444
315
4
188
114
131
61
49
340
5
202
310
371
54
173
524
110
268
192
82
35
25
87
222
31
98
89
299
213
270
106
367
15
309
11
191
161
59
481
63
442
103
339
678
25
10
25
314
28
146
42
14
24
93
189
244
346
65
860
217
214
333
359
18
152
188
170
63
113
206
6
883
284
3
122
76
61
15
153
149
248
52
72
32
19
77
137
333
125
305
71
496
75
197
457
309
131
102
464
84
140
21
2
517
148
72
640
87
135
111
43
317
489
95
46
176
348
143
16
147
47
47
27
312
198
516
30
21
48
4
48
16
319
67
186
182
94
115
177
12
184
126
314
55
175
39
864
385
206
259
294
83
73
175
31
1337
45
218
111
29
25
10
145
40
539
20
456
135
187
71
115
422
939
286
98
122
214
168
177
457
124
660
82
265
18
207
410
262
49
4
846
909
227
303
222
354
27
197
78
13
184
134
121
273
208
19
92
5
36
47
306
28
314
116
414
32
738
388
229
204
126
99
97
254
129
54
94
226
41
48
211
265
360
80
109
8
33
125
127
132
53
129
44
114
269
176
360
929
141
102
300
377
80
97
148
86
40
32
39
359
142
100
1
466
417
393
706
196
225
22
295
84
16
123
70
34
1
12
2
204
68
38
48
604
296
363
214
410
163
692
124
437
20
538
372
529
99
367
173
347
947
119
241
18
3
727
99
25
413
255
151
116
7
315
431
2
91
324
97
59
125
415
125
443
153
333
761
31
29
276
165
114
125
36
4
34
117
162
200
186
55
224
417
245
158
182
152
161
63
159
203
112
388
282
61
92
2
52
162
375
619
300
17
255
10
27
371
691
408
120
5
95
174
51
407
258
261
206
269
173
54
166
245
70
303
50
292
73
71
185
15
73
327
371
32
108
70
114
197
493
436
199
103
215
706
451
226
274
168
242
539
162
189
164
49
256
94
183
278
36
293
171
89
284
254
174
184
256
86
105
37
85
40
305
121
31
17
116
328
982
34
63
98
109
83
122
29
160
415
562
340
418
99
1054
186
106
356
84
31
74
589
173
185
177
152
76
247
981
36
343
24
213
217
161
48
172
613
104
298
177
188
2
108
362
252
573
81
115
92
44
73
76
110
245
112
520
338
87
155
368
18
50
313
445
92
133
92
459
175
291
322
187
1103
69
374
481
464
249
106
760
208
542
127
87
241
285
126
197
1513
270
36
309
67
10
97
355
202
254
216
263
599
27
47
88
162
854
56
114
236
334
11
33
18
14
394
137
71
542
447
495
32
9
203
102
334
499
298
168
531
192
263
429
93
66
85
159
448
5
176
47
112
744
334
7
41
337
159
69
81
204
52
1002
107
154
408
253
72
225
43
37
325
63
16
202
282
59
466
401
251
9
244
142
9
34
179
223
162
28
117
276
141
140
80
6
11
52
187
57
785
95
47
220
468
130
5
266
187
67
484
638
336
102
63
15
12
145
202
19
432
226
72
89
26
95
103
32
102
360
116
650
226
73
268
14
724
293
279
103
5
355
276
119
18
39
314
24
183
118
151
64
671
364
255
14
16
80
985
125
455
317
325
74
329
607
9
82
377
98
67
78
238
168
29
511
141
38
199
73
97
160
47
40
228
251
32
71
379
204
1332
10
16
62
756
45
97
8
258
108
123
69
133
210
478
100
29
557
35
457
815
322
251
214
568
260
1
28
395
560
152
339
213
563
165
26
18
3
2
135
262
50
348
36
14
2
156
108
33
5
49
181
457
48
137
331
88
338
1
194
1
87
317
176
155
34
15
642
20
186
429
126
87
195
14
103
170
135
14
731
569
222
569
49
61
196
51
63
104
73
379
119
154
89
480
429
171
218
107
20
331
69
322
83
50
126
100
27
104
215
159
193
185
85
238
112
330
180
895
145
103
5
318
178
69
60
267
416
6
110
139
160
441
392
32
240
77
171
23
37
324
156
209
25
169
130
528
199
24
30
128
58
982
299
44
268
499
333
266
561
146
84
81
18
357
167
460
87
674
258
190
19
379
204
193
123
197
127
42
524
179
278
612
100
39
79
135
75
528
59
619
225
890
75
1040
36
767
30
203
80
354
222
101
36
129
498
75
384
462
236
25
33
144
100
72
17
67
107
50
117
223
69
9
457
274
41
230
762
144
293
149
419
499
30
10
95
119
336
36
260
397
133
119
374
789
135
790
219
1
270
5
804
84
18
52
208
112
307
224
114
126
26
78
124
176
331
55
119
97
53
47
258
79
33
2
66
591
568
11
261
88
846
191
140
706
67
87
38
5
463
84
35
247
79
99
289
150
86
279
326
270
160
16
247
120
707
252
117
47
24
36
13
247
313
348
70
118
945
361
593
396
71
35
136
640
828
223
234
307
98
120
181
346
186
962
290
264
42
180
6
103
365
167
225
302
293
166
92
133
308
241
222
192
241
232
140
300
37
250
90
272
144
70
235
299
248
294
43
5
3
273
127
2
110
20
323
195
139
363
118
215
248
163
57
73
332
173
686
167
105
210
26
28
71
82
225
178
208
344
144
143
202
94
459
88
202
41
442
202
152
277
725
96
67
190
330
68
69
176
100
171
251
48
147
4
63
261
384
20
217
32
125
260
45
304
41
188
254
395
189
167
98
137
26
471
132
222
242
63
304
160
971
447
167
258
85
349
553
248
58
732
129
85
1
159
352
87
456
310
97
276
381
138
158
90
293
81
290
27
137
71
428
106
247
123
462
22
178
74
293
193
190
275
63
189
75
44
188
170
84
275
330
13
252
403
128
262
147
185
11
628
735
291
38
44
44
10
30
395
127
168
46
428
101
300
243
257
301
54
183
5
152
42
203
185
152
118
176
17
237
142
259
282
32
106
41
8
358
68
34
22
109
12
214
5
308
64
456
14
4
169
350
92
45
212
922
303
368
87
66
799
82
224
211
238
53
76
114
32
249
205
72
150
19
165
138
218
226
69
119
187
407
122
67
96
326
152
120
177
105
11
498
21
44
172
34
157
222
451
103
364
208
108
102
112
89
49
17
142
234
256
107
491
95
134
552
495
145
13
15
191
48
86
354
41
283
153
6
218
28
514
154
146
37
298
265
234
74
141
248
90
35
74
79
33
339
185
252
526
51
74
94
10
120
100
76
20
48
246
154
3
132
143
58
232
151
246
14
317
59
56
228
27
32
202
40
14
224
19
149
125
156
45
86
213
159
228
207
297
132
23
108
31
355
24
532
550
239
12
191
338
258
184
55
314
108
28
119
2
214
167
53
217
316
137
123
339
30
10
11
60
43
171
407
44
136
148
539
619
90
144
17
109
125
18
189
117
127
12
13
499
236
2
223
285
7
324
200
136
17
225
274
230
242
330
166
486
1
436
173
149
526
184
194
409
115
160
800
61
145
156
114
81
521
262
215
17
5
171
61
56
117
19
458
65
16
85
204
194
24
236
36
146
149
237
407
5
353
43
145
146
131
154
112
96
256
99
664
11
58
23
50
50
150
35
213
87
24
165
244
58
324
292
562
467
1002
2
525
78
9
162
82
174
4
375
101
305
218
849
82
41
492
152
359
37
367
20
27
80
74
232
362
76
60
68
32
274
460
186
91
339
243
146
155
483
138
25
31
386
160
404
133
18
574
363
488
112
25
122
100
250
462
309
174
546
447
290
717
45
149
99
49
30
208
76
43
13
1
363
597
142
104
256
21
125
747
376
260
540
73
31
141
23
357
297
604
335
83
14
179
144
405
23
931
147
545
144
80
230
83
84
168
57
125
175
341
24
94
53
4
47
171
101
131
46
292
103
114
57
116
100
30
7
210
86
218
307
372
7
611
145
7
330
48
37
41
351
64
513
48
141
1055
96
75
327
74
313
19
64
739
30
62
71
248
43
74
161
226
87
414
28
7
101
78
60
169
640
57
39
10
423
70
5
83
34
27
72
561
282
465
354
1
686
21
220
99
150
1
1111
581
52
268
104
144
58
39
162
320
482
158
234
242
13
29
846
43
377
362
36
73
15
6
89
102
345
120
270
48
215
187
325
380
5
93
335
71
23
62
105
146
456
43
303
285
202
647
116
38
89
135
1
70
331
1387
857
149
94
8
21
42
74
250
560
56
545
516
204
63
17
1278
93
345
101
148
45
251
410
267
64
91
41
87
308
293
29
18
237
47
448
330
218
72
67
203
49
116
282
296
147
63
95
135
363
64
126
18
8
7
28
28
49
79
106
455
344
165
71
59
70
274
57
501
243
138
136
106
67
52
412
141
114
25
75
171
11
457
297
210
271
32
386
153
378
16
257
355
282
127
214
46
121
460
430
277
351
235
557
308
208
407
62
536
242
180
64
332
20
45
169
47
19
123
185
12
177
21
103
15
176
62
214
88
