266
140
477
221
210
346
279
253
267
467
77
16
18
436
126
296
52
253
50
241
36
926
166
11
70
559
436
514
23
96
141
172
225
678
62
146
362
191
227
658
38
102
169
306
156
331
239
146
107
238
72
171
211
259
20
38
7
263
185
37
41
288
95
74
37
47
3
9
116
330
122
126
94
562
175
139
24
678
126
469
482
8
96
42
275
38
538
13
95
563
86
131
171
214
85
425
281
81
168
270
263
78
18
1035
318
582
392
123
379
639
261
338
336
49
315
63
4
87
273
130
347
365
12
348
29
62
155
215
17
39
45
167
178
71
451
68
731
159
279
90
102
186
306
23
74
109
261
2
204
147
155
29
621
109
137
203
70
4
112
792
422
65
2
598
128
18
171
10
156
183
120
95
1067
552
64
184
227
161
49
16
91
29
222
261
121
101
66
349
21
163
349
34
750
475
603
312
117
61
31
599
51
222
1092
31
129
48
40
19
71
55
27
180
161
432
359
495
19
44
403
287
37
276
444
124
71
11
342
120
33
195
730
205
368
11
62
295
60
467
368
81
201
353
39
37
33
223
15
79
261
706
165
69
263
225
27
30
382
107
59
291
365
40
301
262
74
276
852
363
91
243
517
13
58
97
513
399
245
193
292
161
82
177
143
253
184
203
94
104
281
108
264
9
87
36
190
320
200
136
258
98
107
147
120
701
323
229
300
51
87
14
211
36
653
201
243
353
42
34
353
115
46
45
176
10
27
5
416
101
486
260
444
542
186
134
300
262
8
52
809
58
339
169
315
233
284
107
717
409
139
701
4
100
139
196
770
6
39
113
75
8
85
193
273
124
273
601
189
718
325
55
200
110
112
483
188
202
668
597
1111
165
28
8
345
99
7
63
530
235
30
63
3
50
51
11
97
110
51
131
1
73
8
212
216
229
21
18
393
128
499
888
71
18
62
153
123
144
67
114
70
48
48
209
103
98
510
196
276
268
6
388
83
71
289
28
375
117
85
75
209
205
10
916
54
21
239
389
137
348
360
28
294
56
50
441
61
709
512
217
198
318
272
19
90
138
25
10
337
176
64
5
109
160
415
29
6
261
325
193
361
86
88
21
473
456
161
156
245
91
316
45
212
122
158
102
32
105
73
135
6
123
172
402
684
173
4
78
254
165
162
211
265
17
187
310
19
286
48
90
45
519
45
1
71
9
45
53
26
144
210
66
322
434
161
255
111
15
42
38
47
218
146
2
309
800
122
94
161
434
309
82
161
885
458
157
427
87
16
56
10
60
161
590
67
34
18
224
63
84
43
3
55
165
383
627
535
881
380
275
92
317
124
215
479
382
270
4
167
210
26
76
9
13
144
271
130
3
213
8
79
226
507
484
99
60
76
897
120
1306
365
146
124
131
2
280
290
307
222
84
87
222
450
158
164
75
27
201
50
241
82
82
281
80
94
202
19
49
57
334
726
431
165
3
179
102
325
59
642
5
261
33
21
190
154
59
100
88
17
75
46
458
320
76
15
146
200
227
189
93
181
87
127
132
58
67
92
132
331
5
224
296
10
317
133
33
309
722
234
148
33
40
591
300
72
587
27
114
419
59
14
29
443
279
58
184
54
20
55
27
176
27
113
47
379
85
13
109
731
124
540
22
50
91
357
670
240
106
25
55
97
68
109
95
62
96
748
4
561
534
140
44
66
397
22
129
123
179
45
7
6
232
617
87
58
251
15
166
117
24
174
12
144
115
126
116
116
339
210
129
418
1093
70
6
206
274
452
229
69
9
29
13
125
374
524
141
73
311
258
31
170
223
105
828
263
13
390
29
262
398
191
232
213
48
182
111
3
140
94
482
376
521
503
12
102
86
92
285
157
409
240
268
260
529
347
19
179
58
18
272
10
156
164
82
756
51
55
215
79
19
114
48
265
42
130
6
154
346
31
66
48
649
268
388
30
581
103
104
271
335
129
3
446
19
147
16
206
98
438
127
22
221
77
186
208
136
164
123
40
26
118
46
215
302
115
129
196
1180
12
539
512
63
47
35
92
654
409
148
155
304
12
15
126
199
193
16
92
51
291
73
50
73
359
201
76
289
52
8
188
175
10
207
712
398
75
412
35
368
81
62
211
47
22
29
29
174
61
172
310
133
156
860
32
217
44
207
252
15
100
122
22
108
734
131
341
163
207
73
161
193
698
400
12
39
53
335
107
84
150
8
422
20
38
100
9
241
297
65
133
172
11
24
244
114
314
87
133
7
493
18
113
106
43
371
531
528
131
255
47
664
7
86
249
181
308
418
174
30
31
155
83
417
39
386
195
309
308
29
19
231
227
71
61
158
275
240
152
108
270
571
2
244
268
93
120
56
89
64
7
514
50
107
20
66
170
2
206
376
180
221
364
201
81
142
24
174
264
445
52
75
274
7
475
10
603
559
87
4
248
407
61
48
67
375
210
349
447
87
34
47
42
303
9
253
24
275
208
67
178
390
124
1
15
3
178
233
78
380
293
190
140
115
257
99
569
282
3
60
204
33
30
224
455
57
20
135
22
144
24
205
21
1064
309
187
30
93
80
160
376
414
32
118
55
46
127
10
32
6
64
11
33
27
37
65
97
346
135
52
53
296
90
400
98
226
370
587
46
15
1538
292
396
274
4
207
63
419
31
1
45
145
194
99
191
128
105
61
215
53
336
504
64
651
355
96
518
55
90
171
97
156
14
240
10
38
5
15
310
196
783
71
270
9
81
40
12
380
196
20
16
35
273
66
368
865
164
355
150
871
38
278
194
227
175
501
112
353
435
68
355
18
340
41
282
101
308
11
88
101
37
124
79
62
12
269
100
50
38
17
87
46
45
126
252
373
46
50
95
89
112
177
66
91
16
29
173
84
119
86
50
246
976
62
123
40
191
118
53
142
451
49
462
27
121
110
73
423
40
191
184
93
164
760
388
10
302
366
419
189
429
29
49
384
204
195
383
139
97
62
140
35
157
153
4
724
10
9
410
18
84
82
35
120
68
42
29
38
155
48
223
451
274
41
274
93
56
424
55
310
107
313
44
594
149
163
450
521
39
125
269
53
28
357
121
31
253
219
146
59
163
97
79
401
308
2
12
63
152
181
234
173
386
78
32
29
375
6
13
30
32
162
17
166
169
296
52
692
9
169
62
66
205
241
155
34
376
344
56
5
361
158
193
94
593
432
7
111
22
449
102
256
86
434
471
309
66
9
166
108
161
311
131
241
40
262
91
93
403
165
54
172
15
260
308
209
7
51
94
3
134
84
26
296
60
286
16
17
129
280
460
558
198
511
22
114
37
60
43
18
417
433
339
83
272
89
70
366
152
318
154
162
304
288
321
85
123
43
68
21
676
52
2
656
275
70
498
412
40
68
283
364
1268
38
187
44
662
408
181
89
724
309
260
37
92
294
82
126
194
497
18
580
34
1
2
425
131
564
164
412
100
9
31
31
121
143
16
137
113
500
128
173
724
20
1306
119
49
45
862
29
143
99
397
49
7
382
90
12
134
195
139
287
174
691
293
128
162
254
152
13
114
94
14
379
56
81
58
123
449
21
85
73
843
302
377
622
44
277
416
338
151
340
12
82
22
257
104
66
245
80
28
38
397
79
381
134
176
371
49
258
165
270
87
499
1691
778
26
236
348
453
241
124
123
255
101
390
493
42
36
822
105
177
401
180
44
18
211
297
456
228
134
57
704
191
68
409
184
185
181
108
238
249
80
62
49
57
146
13
169
123
137
676
59
126
175
158
143
40
200
654
39
192
134
138
127
111
301
7
522
725
8
176
40
360
184
123
374
6
64
33
48
386
46
175
536
213
672
259
127
88
72
65
139
32
134
105
1
22
319
57
48
31
12
28
55
26
238
58
130
109
89
317
173
485
111
34
50
164
157
70
82
173
145
462
12
131
184
96
21
312
215
76
310
416
21
117
116
205
31
335
82
136
73
29
1
97
211
744
1239
73
234
431
670
7
127
1513
24
159
313
71
441
382
4
4
15
214
125
101
520
237
324
69
272
7
138
297
104
56
247
73
53
265
194
181
330
27
244
241
8
1
389
136
21
410
424
20
174
235
68
78
119
312
447
320
24
161
36
315
75
231
297
94
794
107
101
1167
471
128
23
20
69
47
118
307
9
210
178
62
515
459
161
5
84
216
711
107
609
66
90
267
355
26
90
96
105
196
503
28
449
496
458
59
112
58
10
119
198
47
357
47
327
517
18
294
158
59
552
41
398
34
3
194
222
38
81
133
281
92
561
136
1
146
215
47
21
561
1075
54
90
305
207
171
4
28
162
74
175
273
7
29
156
378
400
519
29
238
445
356
93
90
10
14
13
161
72
647
9
319
127
90
83
359
103
864
123
176
129
370
171
144
376
57
297
271
148
186
24
282
179
147
234
9
229
71
131
147
18
133
21
14
133
144
58
8
351
7
22
20
45
12
54
38
75
130
117
555
112
17
20
204
77
196
56
171
25
20
64
29
188
253
42
245
491
373
97
68
789
63
8
39
549
20
417
155
241
279
150
60
406
55
35
379
76
41
216
350
129
364
10
80
352
169
85
103
124
807
191
242
64
50
111
13
258
170
101
217
201
666
20
55
727
117
857
24
34
49
212
101
260
97
1
61
6
502
227
159
228
4
109
188
122
97
155
243
122
171
70
325
15
739
75
31
254
144
373
91
289
235
8
180
229
10
521
71
373
190
103
62
679
144
393
165
195
51
266
301
391
214
213
118
79
192
113
583
504
277
182
296
106
166
255
121
938
190
47
6
60
125
344
99
165
137
183
81
49
37
126
224
144
364
37
67
8
232
332
85
55
495
240
250
245
275
240
259
34
85
356
63
177
60
81
130
159
125
440
472
3
196
66
140
360
189
23
56
48
616
440
279
42
56
45
308
185
28
15
426
145
655
91
9
138
274
112
323
382
99
173
136
32
628
335
20
19
550
83
122
40
35
47
73
23
115
277
330
103
165
3
23
59
218
772
182
1
211
236
88
57
245
23
147
18
142
326
979
98
56
82
66
194
1691
103
379
43
220
174
336
274
404
342
74
105
24
115
102
121
218
330
379
86
77
143
200
206
175
17
126
223
110
33
69
166
35
44
659
133
169
150
13
193
368
389
25
366
113
19
28
157
117
158
253
190
184
109
236
739
123
164
140
272
377
117
67
95
65
105
541
393
59
3
4
87
56
182
404
64
53
434
239
77
190
298
23
85
101
11
308
177
95
61
324
55
87
119
63
297
656
617
293
10
72
12
97
192
320
184
200
62
171
94
50
36
297
121
426
233
4
51
48
79
163
70
311
205
54
3
130
330
323
368
44
187
278
65
13
114
47
149
42
50
1
231
8
324
135
202
201
201
55
87
134
94
40
392
185
65
64
167
89
428
84
38
217
638
26
416
42
35
31
26
8
98
148
161
250
74
70
128
220
4
76
114
89
63
100
59
23
75
243
30
175
269
21
30
81
88
101
212
22
141
52
51
103
389
187
71
5
22
235
46
1
145
648
15
303
434
77
407
417
287
55
87
8
126
167
7
18
452
5
2
97
145
17
305
49
167
45
368
645
548
33
37
100
208
91
119
525
119
10
42
48
133
12
108
351
138
43
53
152
149
520
506
333
174
61
344
30
69
253
236
274
498
25
311
68
301
40
89
44
146
200
313
28
40
328
31
66
186
104
50
846
6
137
773
99
117
77
126
157
214
8
634
335
136
895
181
413
26
150
38
46
2080
22
86
89
101
184
541
546
478
183
164
135
7
176
89
84
39
287
550
151
28
145
82
334
121
34
45
10
256
1
406
299
33
120
195
90
146
5
307
164
409
29
505
326
4
150
349
24
46
15
157
469
4
661
26
192
535
620
77
113
132
223
3
698
167
206
129
74
299
29
67
28
71
84
12
103
72
24
274
89
72
236
237
46
131
225
44
77
105
247
277
89
31
12
286
12
40
189
392
18
58
119
192
381
84
149
346
132
9
189
16
669
169
9
435
227
143
103
9
51
243
239
101
430
66
35
406
146
67
59
344
75
390
637
164
30
136
579
35
642
57
277
90
6
127
143
252
71
595
94
265
401
814
38
57
306
80
120
231
15
137
119
140
74
91
28
132
200
180
372
24
126
293
266
280
395
321
119
405
274
133
67
566
853
284
89
99
159
163
394
33
201
311
5
29
27
94
426
87
41
342
112
326
89
71
54
852
1
241
39
27
114
207
70
512
161
426
118
1
100
17
320
318
89
131
313
10
151
83
192
256
412
241
404
127
241
92
100
100
48
214
928
90
134
325
8
154
277
160
178
90
56
389
30
282
185
51
150
217
1
163
46
277
926
22
75
110
68
91
332
457
122
139
33
159
278
39
189
52
774
73
503
355
281
235
49
277
623
5
757
137
283
36
701
40
11
55
401
18
196
143
169
5
529
104
427
271
309
345
176
9
400
6
152
409
69
52
383
20
49
51
386
34
247
30
258
86
306
222
191
616
565
410
48
420
9
439
98
22
418
208
1583
190
57
593
137
8
553
624
78
240
103
146
368
84
139
75
269
44
30
69
188
204
41
90
284
38
111
333
355
421
5
102
90
39
40
205
363
751
140
48
95
14
282
536
178
385
135
87
279
55
68
85
401
358
3
268
232
46
523
95
86
107
564
220
206
160
599
5
167
114
143
38
53
71
265
376
252
176
286
294
736
188
191
111
93
79
344
183
599
404
190
29
10
32
16
439
68
34
10
85
210
56
45
385
169
18
3
814
335
145
23
524
18
3
259
123
17
1014
242
98
696
212
295
749
987
187
172
84
48
1722
43
50
6
81
156
28
162
243
134
104
115
257
10
5
53
291
119
256
506
344
131
98
201
205
468
31
54
109
78
34
320
237
77
178
191
258
46
242
324
9
64
146
24
97
337
22
7
290
349
359
306
414
237
263
72
142
267
46
303
73
484
67
445
114
171
274
67
156
182
27
106
167
241
16
81
282
91
10
166
142
26
283
152
77
186
101
323
148
47
20
188
15
212
158
338
3
82
78
425
877
356
319
548
86
78
39
168
46
92
184
98
17
331
319
1029
105
42
44
111
159
133
16
221
196
173
181
88
340
43
72
51
93
275
622
107
9
479
58
56
40
49
81
148
38
182
186
723
138
30
319
564
9
572
282
417
696
117
523
294
351
620
1803
20
19
458
232
82
475
120
20
291
52
5
218
123
12
103
39
54
7
409
242
173
11
40
21
25
44
248
432
306
192
210
19
56
202
165
492
226
310
33
343
140
971
190
389
35
187
90
371
147
159
148
61
9
51
4
100
57
136
170
212
178
88
149
169
102
181
259
107
408
27
117
475
313
46
154
4
10
67
353
70
151
227
566
220
140
318
133
68
18
31
545
61
379
321
9
327
56
207
23
320
343
612
663
37
562
237
12
22
6
33
97
159
560
33
242
621
183
184
366
291
111
144
111
174
240
74
444
133
117
164
28
149
462
466
176
286
52
96
36
464
123
384
337
758
101
309
20
2
116
13
163
35
6
17
97
80
266
356
715
213
194
46
598
459
621
44
97
42
447
66
163
12
40
206
30
70
141
138
26
161
183
46
80
31
197
103
421
15
6
481
105
239
94
157
113
14
70
209
219
69
34
140
216
9
136
89
175
163
386
69
144
33
27
200
13
261
485
30
234
45
25
229
155
83
63
199
36
3
241
221
594
61
44
58
191
43
38
112
184
35
926
63
254
50
152
163
444
67
162
7
76
717
2
414
511
213
363
190
119
173
108
61
719
202
36
342
66
224
121
435
391
383
113
198
465
3
325
304
36
142
43
552
776
130
38
335
83
12
176
263
75
115
37
6
238
68
40
184
55
139
11
86
57
255
219
212
579
199
99
238
118
120
110
305
193
211
164
108
308
75
773
78
137
24
29
33
70
114
81
17
307
150
31
7
404
44
32
263
120
3
48
69
147
142
347
184
437
64
174
44
130
145
125
339
125
663
711
110
35
208
228
358
546
123
94
275
10
11
71
82
269
603
216
32
101
106
550
146
36
654
25
59
374
25
119
267
101
46
329
50
488
350
58
152
111
363
396
442
81
106
146
8
381
16
180
115
70
56
64
280
157
42
145
70
159
474
73
240
43
439
53
144
97
52
7
568
247
11
43
124
132
262
37
139
158
384
82
549
215
112
74
192
364
61
184
187
121
5
98
107
126
479
73
406
194
119
1025
511
635
82
108
10
131
344
170
132
71
189
232
1
33
263
136
145
173
82
215
17
212
556
2
232
164
2
164
120
454
111
15
112
14
287
13
362
148
356
8
358
73
142
475
182
209
62
56
593
4
106
118
42
123
131
118
108
148
290
972
2
242
117
34
139
205
59
24
184
7
60
351
139
133
159
264
63
58
132
576
143
27
78
42
3
101
332
639
180
29
190
15
438
271
27
27
68
3
170
6
250
207
538
41
147
126
175
91
35
64
41
605
439
176
285
172
49
47
116
293
72
436
343
265
8
574
117
335
3
52
79
271
30
49
9
73
6
185
73
127
2
58
143
177
399
332
59
300
14
405
50
14
259
921
140
97
818
121
248
7
4
12
653
210
114
344
23
94
57
685
57
43
33
576
595
32
75
509
38
109
105
163
88
1
29
95
192
452
394
201
178
161
249
745
303
192
279
281
1
151
139
86
319
31
142
78
80
426
44
291
267
187
241
225
95
252
454
236
689
189
99
15
17
27
192
44
497
756
365
151
552
432
45
59
39
99
183
173
349
6
176
475
1
472
777
378
38
71
128
74
46
84
434
165
148
123
84
205
88
154
7
414
126
147
383
490
120
133
156
26
615
306
200
197
423
88
434
495
722
333
108
74
330
92
61
28
190
55
177
588
500
167
64
270
136
133
13
64
153
117
8
176
172
76
177
512
24
124
209
552
86
70
95
139
26
116
4
2
96
25
33
130
66
327
16
71
60
320
148
953
40
272
98
335
454
281
315
146
69
45
19
42
49
274
21
105
76
294
58
218
46
247
506
75
591
125
170
536
88
118
5
123
949
83
135
415
125
47
234
379
383
3
199
38
357
31
105
64
108
11
213
292
324
187
432
56
68
51
128
58
245
98
117
299
106
212
354
12
38
278
326
16
16
339
66
181
325
109
57
13
68
114
144
49
55
92
26
313
135
52
18
16
180
156
287
288
256
171
135
397
59
110
288
15
18
911
206
102
16
134
198
118
201
156
245
27
517
145
318
43
187
21
75
122
201
325
11
642
12
123
32
4
70
54
68
111
374
97
503
263
552
51
225
355
3
128
244
345
188
158
40
102
149
481
209
211
313
8
127
197
100
29
14
123
47
36
41
124
37
77
465
690
6
129
181
81
343
303
171
397
99
518
200
17
741
51
42
31
93
16
66
267
157
453
25
87
64
36
91
46
244
175
759
241
77
12
238
312
70
139
754
4
242
18
184
201
154
13
187
198
5
249
355
918
38
143
275
16
20
31
347
105
618
112
27
265
30
281
93
282
146
28
37
64
81
110
204
37
196
487
42
6
268
254
168
322
309
47
3
53
197
1012
215
154
61
176
508
21
33
77
25
141
110
202
856
365
104
75
96
141
141
267
324
132
391
357
7
72
265
237
165
198
38
168
12
308
328
57
152
9
91
128
146
7
297
121
427
31
100
19
167
45
68
652
483
85
14
284
380
84
47
30
197
74
92
234
70
13
194
16
252
6
29
465
58
10
43
135
435
348
23
13
4
147
495
134
171
42
97
38
281
139
57
39
9
149
46
32
280
792
173
45
358
273
33
64
20
776
29
26
198
281
247
142
215
118
43
226
118
334
40
251
165
13
260
499
52
278
2
245
453
457
100
51
355
19
126
46
474
786
457
41
81
3
239
223
142
230
277
91
291
51
37
1
42
7
95
570
48
227
122
19
68
413
198
49
58
42
122
72
214
498
203
1007
332
461
505
291
222
212
16
389
96
214
103
189
203
31
289
70
184
50
166
1
176
233
232
250
53
96
381
27
101
95
83
80
129
557
167
733
86
138
135
517
255
164
68
20
3
364
72
134
186
140
236
23
153
369
337
257
138
51
258
46
64
218
360
116
80
401
37
119
371
17
37
331
334
185
167
665
145
67
55
141
5
416
158
9
810
163
23
255
96
139
135
11
151
324
326
9
715
205
183
73
157
731
25
50
65
223
78
252
111
91
230
323
58
474
39
104
402
293
136
210
316
46
481
29
139
154
293
78
180
115
18
201
530
132
45
81
80
414
966
322
28
228
170
70
64
97
704
299
49
30
285
513
58
159
18
443
192
79
20
548
755
213
42
136
175
192
25
320
301
153
86
207
21
161
238
93
226
73
222
237
34
7
149
110
387
708
125
263
102
88
841
2
141
467
337
480
39
25
106
263
6
44
143
204
483
5
230
453
200
462
87
222
466
164
59
139
74
27
361
7
127
146
138
28
32
4
50
419
128
112
126
253
14
195
558
32
52
375
2
43
485
189
116
41
297
147
61
703
456
427
82
32
152
115
151
89
126
11
995
89
80
264
149
331
136
317
117
140
324
140
932
12
420
20
241
228
38
121
240
27
145
81
118
96
101
118
339
53
198
63
17
69
244
501
213
151
133
484
38
1491
135
42
314
277
134
53
57
174
181
187
167
255
204
305
776
5
628
183
576
273
97
36
287
168
205
181
302
404
344
100
193
482
54
342
108
2
69
27
152
62
205
599
241
781
84
289
24
78
47
224
84
91
18
117
218
14
66
20
216
67
411
415
195
128
16
6
251
8
113
18
88
20
999
38
313
183
70
5
85
141
54
36
65
6
218
7
283
192
385
122
470
247
185
49
91
434
32
35
96
139
209
212
391
98
115
230
91
270
283
149
154
285
50
64
403
31
217
17
88
7
237
121
669
155
170
134
92
81
223
71
587
156
64
174
151
115
369
185
319
8
176
122
428
56
112
571
15
172
47
577
25
20
50
169
29
203
534
844
140
600
717
51
321
292
53
370
44
140
40
303
72
177
51
48
513
19
54
338
234
225
4
48
10
154
593
3
161
84
111
51
812
386
124
119
35
60
9
199
7
336
144
299
567
636
256
111
157
98
21
61
93
58
109
231
132
17
134
238
45
122
101
533
91
27
209
44
21
161
340
88
163
169
1073
413
193
43
249
527
715
46
168
91
185
175
75
97
26
103
156
63
473
58
299
12
158
334
28
109
148
222
62
208
199
547
422
16
17
316
111
307
304
171
71
545
256
109
46
156
955
34
465
19
83
125
19
298
296
535
187
302
43
20
233
87
122
10
141
20
507
268
231
63
432
140
6
136
469
779
43
195
128
667
126
53
2
75
125
126
200
128
399
215
243
297
754
156
175
3
76
94
170
127
480
428
157
637
182
67
38
593
680
72
67
107
49
139
64
127
187
270
11
99
309
36
140
29
195
138
468
455
359
15
77
463
24
83
90
429
532
62
98
132
337
129
134
13
51
105
83
18
354
110
76
189
86
23
415
12
243
259
214
277
235
13
65
107
448
168
67
41
11
26
61
45
190
59
136
114
222
43
56
293
7
162
7
5
195
8
602
477
456
598
109
172
185
559
107
392
123
262
185
269
17
58
85
45
357
710
12
5
337
325
425
191
253
102
39
137
293
47
245
143
129
24
24
89
97
4
157
162
181
43
610
101
51
295
8
9
157
40
62
71
4
496
785
38
684
116
9
386
10
183
625
36
70
94
2
10
548
79
77
69
235
159
75
698
311
146
171
283
103
212
166
232
264
510
26
124
127
94
68
462
333
469
91
196
341
25
254
160
61
193
55
77
261
186
1
56
38
10
9
367
218
94
264
179
142
534
252
729
138
26
460
103
140
156
116
29
20
540
44
286
122
90
206
93
66
99
234
697
405
203
93
61
39
162
462
97
766
295
7
224
516
344
51
21
216
205
149
99
290
207
266
151
243
276
251
202
143
34
97
409
124
64
80
123
96
194
155
102
430
926
41
817
49
350
552
234
501
12
340
166
15
68
817
230
67
229
134
302
42
89
114
202
198
224
150
81
74
49
123
588
11
387
24
326
112
250
14
386
1
89
88
70
373
24
521
2
172
309
355
536
216
233
157
517
32
62
113
61
181
46
340
73
102
87
189
139
48
65
761
54
264
364
3
236
143
183
446
63
10
106
125
237
427
10
278
91
424
44
84
18
122
222
26
251
572
41
79
478
340
150
98
119
5
140
148
81
18
114
163
44
60
192
576
29
100
164
116
161
313
83
103
24
250
491
48
100
318
294
267
80
17
239
86
14
425
17
118
60
42
151
544
132
401
41
227
314
81
166
83
11
540
65
186
28
296
123
66
146
35
60
37
154
116
54
62
207
105
4
45
891
4
4
99
320
193
192
485
224
111
192
146
103
122
76
306
96
204
8
391
57
79
139
312
296
491
335
421
240
320
130
7
141
96
56
195
301
91
28
268
58
1
139
102
21
183
131
191
177
480
191
347
236
236
18
192
272
29
76
65
253
84
85
11
60
222
298
232
6
7
221
20
128
735
48
265
191
241
144
194
533
299
90
101
588
268
72
141
200
73
377
440
34
109
50
45
38
413
102
710
25
217
428
278
277
392
650
200
100
42
415
37
15
5
226
31
15
9
38
34
17
55
268
137
116
143
112
60
198
170
26
49
178
94
33
84
662
284
42
154
370
176
275
123
27
6
38
663
18
66
111
24
47
83
150
47
646
40
1
395
136
569
36
137
625
98
169
79
125
93
158
55
83
143
7
161
237
292
230
26
840
47
148
289
184
184
781
138
17
21
247
132
20
280
676
54
238
3
597
4
16
946
463
417
53
223
84
84
358
326
60
45
268
238
200
85
74
190
16
36
29
4
5
116
49
92
43
46
60
216
347
168
16
141
86
514
353
416
3
169
16
71
38
32
64
234
207
527
387
164
4
90
108
316
29
449
30
270
257
144
12
349
117
744
52
100
45
46
110
4
23
339
108
1
472
56
136
55
38
115
53
50
50
174
44
92
664
384
174
112
213
192
130
22
298
18
283
260
748
433
61
21
101
144
80
63
39
25
63
131
157
199
460
635
78
217
248
303
32
36
281
168
73
75
417
41
143
173
88
39
113
129
168
43
93
521
271
7
464
265
114
212
328
25
307
274
40
308
37
36
6
148
79
462
47
272
171
369
11
831
42
1
149
350
152
132
56
39
14
354
54
107
324
17
259
86
67
30
407
130
270
273
232
125
114
285
26
101
403
631
152
227
433
13
118
30
75
56
580
49
39
315
153
330
32
42
311
194
62
68
230
185
170
369
474
93
234
15
4
21
3
138
313
416
159
324
180
581
8
371
27
384
105
205
98
516
48
135
44
15
14
565
29
96
300
409
45
125
37
86
19
6
54
149
100
202
273
62
180
30
323
270
33
264
174
235
178
23
247
180
415
228
132
115
616
90
113
83
314
334
107
248
271
239
272
43
193
398
144
19
67
583
223
135
23
84
686
385
37
9
79
46
124
65
312
246
20
119
178
374
199
80
118
396
190
694
238
282
128
74
89
140
257
553
230
271
326
4
78
201
88
290
249
25
78
150
263
67
253
431
62
19
95
294
269
22
158
11
53
161
221
163
61
81
43
6
362
54
288
550
393
27
189
212
133
50
150
585
145
66
49
60
120
385
109
265
59
81
189
134
121
5
209
10
216
942
42
131
22
329
52
26
63
4
192
111
54
140
427
447
343
109
44
139
21
6
388
218
104
6
19
38
114
240
168
13
127
137
110
449
111
98
34
113
241
186
61
32
147
8
459
168
315
1
132
434
29
175
144
375
18
67
136
85
49
46
73
255
15
119
356
50
246
1204
53
174
304
284
217
51
398
1
338
3
11
550
26
7
119
179
512
107
212
290
155
174
330
59
120
878
76
10
169
273
357
283
387
26
185
602
33
106
289
214
175
26
225
251
91
476
471
49
87
83
541
275
38
326
43
219
78
226
149
19
2
23
207
414
31
119
260
58
66
324
229
91
417
192
51
112
244
335
82
250
294
116
51
20
160
67
76
84
582
117
131
629
268
66
631
213
537
321
41
76
342
362
11
171
18
18
252
284
364
102
156
116
421
95
67
59
12
199
20
67
17
301
117
200
167
178
164
138
300
61
128
103
283
71
64
359
77
555
206
815
230
217
68
358
19
216
87
68
69
320
108
177
41
6
30
233
148
242
44
444
608
289
164
88
72
74
254
308
106
118
675
733
95
555
75
115
156
202
28
360
14
19
28
114
123
96
284
70
386
196
182
111
120
16
426
193
421
85
257
36
466
247
24
44
65
477
78
429
17
137
308
29
109
30
14
23
323
392
684
47
6
248
118
301
838
330
85
51
29
50
182
313
14
230
776
246
615
183
897
456
66
66
642
3
187
550
2
828
367
83
454
312
258
216
104
256
831
111
77
322
540
19
191
181
425
36
542
35
47
95
638
72
112
405
286
473
21
337
257
152
508
155
32
843
378
143
22
27
183
52
211
170
89
122
5
178
12
306
331
318
10
633
371
1
154
815
290
350
180
118
556
75
23
4
309
83
149
208
29
584
238
90
211
88
246
37
7
425
2
7
480
124
244
101
51
4
81
44
4
98
1009
370
87
781
40
39
88
836
19
320
13
56
395
338
21
164
141
105
349
225
435
52
2
176
198
20
209
118
60
491
7
319
115
93
198
68
203
62
385
213
22
8
110
35
103
111
56
42
135
250
163
63
158
158
84
44
135
312
201
130
131
102
320
386
62
267
104
16
244
95
289
225
85
302
254
562
84
406
323
362
192
644
85
11
167
1119
197
489
39
173
223
104
431
272
285
623
10
835
68
68
76
118
6
635
333
305
110
506
110
219
639
240
14
93
65
141
56
116
8
614
311
433
48
188
15
450
367
19
169
143
374
575
28
58
13
4
253
33
719
151
23
40
94
164
52
141
106
48
182
171
50
27
215
135
233
167
90
204
113
359
366
10
196
40
146
107
267
660
138
81
302
69
172
196
37
318
256
65
296
367
90
581
70
353
79
142
133
377
317
187
98
92
17
225
29
46
174
103
107
134
328
25
50
345
261
10
530
96
95
538
89
35
872
569
367
13
162
104
677
25
29
64
8
123
259
343
378
83
28
150
475
437
144
205
204
357
40
86
260
427
57
15
28
5
211
318
493
106
79
846
126
29
376
621
39
128
119
57
51
811
236
566
142
10
248
95
88
28
64
62
19
123
184
198
5
97
56
175
9
13
365
103
66
273
30
338
15
90
26
15
222
204
150
207
681
119
246
34
210
186
12
97
2
395
523
440
540
70
94
51
46
315
144
31
228
454
505
391
119
227
366
269
172
462
182
129
145
36
7
30
300
59
73
27
640
117
545
131
266
444
92
131
411
718
837
11
464
199
349
543
146
169
525
12
70
122
180
26
372
394
112
354
624
37
145
294
417
30
160
94
62
106
66
638
682
167
24
74
33
16
47
266
579
294
502
37
33
18
511
24
25
325
401
19
96
146
457
112
36
134
499
425
81
39
410
24
439
29
689
114
184
125
30
322
411
190
168
160
115
214
248
338
678
371
150
25
46
174
97
12
237
193
103
216
249
191
199
54
140
346
377
72
101
23
103
142
472
5
375
8
105
33
323
121
136
114
338
117
165
258
193
124
334
58
177
252
32
55
282
127
31
97
61
27
209
112
144
18
27
147
592
330
72
194
284
18
61
190
87
641
157
105
733
68
80
244
64
99
88
215
39
311
191
34
579
122
116
520
239
181
15
50
67
94
73
51
397
191
76
4
769
450
49
41
154
5
148
435
130
94
3
171
151
5
42
14
371
45
341
47
458
617
287
346
132
182
181
49
25
310
35
431
281
341
192
245
24
2
32
72
118
241
303
309
39
375
187
211
28
182
324
674
308
497
228
202
101
230
72
542
55
45
289
7
626
209
274
249
49
106
106
10
199
274
63
41
44
292
16
6
41
54
96
926
269
18
300
159
18
40
152
340
221
66
174
418
18
205
171
8
22
61
2
335
247
53
15
277
98
31
66
478
194
10
141
36
397
447
129
11
366
778
89
102
165
76
147
114
377
103
9
191
263
109
19
434
173
50
270
165
61
39
90
186
61
73
23
124
744
203
216
52
36
78
342
71
315
110
646
73
42
420
12
126
302
180
66
32
87
26
331
316
13
484
555
4
33
201
15
620
194
118
237
276
304
303
526
55
638
168
282
236
58
89
139
245
209
83
224
13
90
229
292
247
266
54
20
204
159
921
62
329
11
69
103
435
201
67
219
7
93
167
51
98
108
132
49
158
121
11
356
240
35
1
17
221
632
429
97
167
553
231
147
65
59
901
17
140
426
20
743
175
14
15
34
299
63
50
5
69
7
681
305
256
145
148
41
27
26
112
353
129
4
91
201
249
489
47
135
12
470
354
302
442
308
171
321
366
194
464
240
84
565
39
5
96
108
5
128
194
81
69
504
209
248
5
94
164
121
120
404
182
72
116
637
11
2
110
437
33
138
42
1567
42
121
183
150
149
16
199
77
323
110
266
192
609
33
1
131
90
1
13
493
293
443
51
93
57
494
322
190
422
33
19
209
107
166
3
259
181
495
339
13
102
554
403
86
387
235
773
213
273
107
56
325
332
246
352
361
290
109
267
204
307
8
654
81
241
809
7
149
197
175
101
2
56
32
204
3
108
485
793
171
116
60
5
38
160
1
54
32
745
31
22
20
51
382
139
249
343
31
24
71
57
566
148
116
58
7
372
725
67
186
95
429
62
351
69
27
109
60
296
14
87
113
194
175
31
136
273
107
205
42
163
442
227
16
243
179
117
72
26
14
243
306
421
43
29
28
289
56
113
34
26
78
120
85
371
38
19
17
17
8
27
877
144
189
269
66
304
230
518
94
617
182
146
227
157
17
12
441
3
170
46
190
68
188
529
223
40
101
43
620
54
31
78
29
693
55
362
18
580
453
464
99
221
82
35
268
293
22
28
163
120
197
562
284
206
182
156
477
415
63
42
228
66
63
97
517
287
5
741
50
261
96
222
48
113
148
212
201
72
295
162
70
80
98
117
558
437
508
27
65
5
61
103
6
202
495
161
99
167
232
281
210
2
60
193
109
60
403
196
58
52
172
191
831
278
73
23
257
15
42
194
247
162
76
273
1
12
162
36
63
468
105
90
159
2
192
53
74
1
160
67
238
794
714
237
53
215
74
501
453
176
665
13
407
59
379
265
337
208
198
207
6
31
375
176
74
67
144
19
455
94
49
116
70
82
98
63
88
365
300
124
125
37
320
167
28
271
272
128
457
385
157
147
368
133
27
324
160
278
726
395
500
481
833
138
179
105
47
484
102
511
171
476
209
447
44
89
178
133
85
215
478
127
226
105
190
889
361
836
22
215
993
76
351
1
116
120
85
218
324
67
25
97
6
7
443
43
205
275
11
316
129
177
252
198
95
3
629
159
9
241
3
184
154
73
317
421
199
436
156
474
139
31
833
156
527
43
385
351
172
31
13
345
109
31
107
330
630
33
48
470
63
23
164
147
153
310
251
193
17
1003
95
69
183
84
46
162
158
85
108
485
110
8
390
168
560
329
74
354
243
248
115
205
147
645
52
238
435
333
44
31
308
158
64
73
92
345
232
113
189
10
227
459
166
7
108
409
60
212
520
393
404
232
102
41
61
187
258
284
126
144
168
48
45
492
401
312
9
197
14
5
79
115
621
179
88
334
111
109
14
86
4
105
223
36
182
328
113
868
753
225
24
27
418
114
60
14
3
524
359
435
238
4
90
59
306
27
25
34
69
270
151
34
159
80
73
79
55
195
112
203
29
287
198
802
441
60
87
162
307
56
485
352
208
616
385
355
497
916
31
566
30
47
66
524
241
339
517
116
60
178
29
231
160
225
314
139
20
824
85
154
131
184
109
294
245
49
108
20
80
4
238
29
331
8
109
25
421
107
217
417
72
144
434
384
340
109
86
44
234
275
174
281
188
50
128
28
98
5
27
164
49
95
2080
322
409
69
144
287
244
1
189
20
266
8
138
123
265
83
3
229
184
151
387
160
465
212
33
106
484
119
148
84
781
177
60
20
186
409
183
140
4
340
365
211
210
210
57
106
78
26
127
214
127
34
118
387
75
322
138
49
53
102
196
33
60
143
201
61
3
149
42
168
419
111
95
43
379
234
434
48
337
320
90
498
213
71
19
45
1
475
155
55
1
201
494
66
454
87
61
209
331
374
58
305
166
270
53
124
391
81
199
637
226
278
76
88
55
127
1094
242
93
165
60
64
194
277
85
200
657
215
58
238
115
63
54
166
169
6
93
69
503
181
36
85
174
239
500
620
3
5
375
16
3
236
191
44
40
43
83
234
271
79
222
531
11
15
11
511
192
431
265
191
997
86
208
214
110
242
260
316
139
37
310
201
283
172
151
887
140
57
302
154
269
175
165
763
152
95
18
125
201
61
54
121
287
72
241
294
77
38
63
9
534
567
114
64
209
357
451
252
28
9
6
374
227
4
552
164
126
34
40
99
299
120
274
518
196
1525
108
35
183
396
8
699
61
54
409
136
586
110
172
158
77
164
488
442
139
159
299
132
38
48
215
134
108
18
25
55
238
374
88
436
337
400
136
535
36
304
211
96
30
213
104
265
10
188
261
152
91
117
5
214
228
45
74
32
31
30
36
242
339
17
160
192
268
194
16
96
6
34
321
194
494
39
39
200
2
387
55
51
214
76
184
17
271
196
98
86
291
558
219
246
156
303
137
184
89
482
40
401
675
298
326
135
46
837
217
230
196
329
226
5
691
26
100
377
350
344
194
220
76
33
96
280
31
423
36
232
424
398
40
5
328
473
197
391
30
108
182
113
5
332
274
169
26
33
57
32
26
749
45
63
8
305
6
110
190
32
892
76
264
593
107
181
21
214
236
43
16
33
234
140
12
12
191
22
32
12
1066
60
153
26
314
487
100
42
70
100
220
44
417
147
165
792
42
103
22
732
465
160
177
48
189
198
71
178
517
120
73
341
111
161
235
27
149
631
15
14
372
116
263
135
45
541
52
26
298
91
330
214
194
175
127
740
2
197
8
67
306
10
14
293
71
140
550
246
1421
87
742
121
73
112
638
80
321
299
342
397
111
141
504
84
230
154
267
32
135
106
67
397
291
463
27
174
84
222
81
112
68
203
52
267
63
78
49
389
892
396
200
13
86
526
391
143
100
58
193
310
205
881
286
458
507
201
98
63
59
249
217
233
511
605
36
207
73
39
19
14
159
186
42
453
263
363
291
134
147
35
167
70
2
124
498
324
286
119
837
45
243
95
111
269
492
5
86
58
570
29
429
312
260
1
53
476
255
151
140
119
74
69
56
107
23
6
500
353
63
32
63
16
79
142
371
223
268
40
163
669
234
115
196
245
55
217
248
700
116
101
209
102
125
61
157
53
113
699
208
16
456
27
326
573
258
9
383
109
83
81
309
161
3
112
11
82
65
290
331
73
715
500
138
45
38
69
169
39
113
225
243
135
168
91
95
44
128
2
24
289
27
1414
59
25
89
151
200
9
135
22
504
129
96
226
15
163
15
41
209
6
153
193
107
389
221
121
939
170
24
154
972
79
785
67
100
22
29
63
156
8
1
10
214
98
234
84
21
2
67
84
78
473
29
93
333
328
12
166
410
33
33
371
181
171
60
426
384
71
247
61
229
93
106
173
384
70
447
227
8
561
100
290
87
63
178
181
215
334
13
126
123
86
15
55
260
338
297
19
144
369
116
50
221
569
298
60
165
316
620
159
13
179
120
9
257
524
54
10
114
43
130
149
108
575
77
29
519
47
340
313
123
48
202
577
368
134
194
57
10
347
331
462
13
7
788
87
201
6
92
175
80
24
168
238
194
9
76
4
116
274
31
126
1230
52
176
83
59
180
606
72
329
219
88
308
206
43
724
130
139
14
59
32
61
171
14
151
38
21
117
138
54
64
777
44
218
13
154
99
228
232
54
287
157
585
124
84
30
346
439
307
657
421
30
294
404
112
40
37
98
480
11
59
1
129
4
203
45
48
249
41
190
8
104
172
41
204
696
324
182
154
213
56
419
209
50
180
137
91
169
87
324
194
128
14
34
419
111
13
170
156
73
466
62
285
400
65
414
12
232
137
304
308
222
104
77
457
224
365
49
522
97
107
38
254
924
331
332
388
350
76
675
56
127
342
167
338
136
949
755
383
98
373
40
396
320
111
173
139
208
354
345
135
51
65
126
7
409
122
336
198
80
381
306
393
83
72
37
2
199
118
17
7
338
91
1007
473
94
11
38
218
57
754
343
66
38
124
430
263
84
13
263
58
137
251
209
64
2
326
113
750
18
604
738
583
233
219
32
458
46
195
350
590
164
313
115
92
293
17
355
83
182
313
372
201
92
155
101
251
154
439
120
50
31
110
235
65
231
119
67
220
164
15
138
58
199
408
194
216
7
367
555
249
331
438
34
146
120
162
20
281
663
45
6
14
159
89
125
12
123
142
283
423
40
516
86
341
130
484
7
496
119
9
12
12
24
239
95
139
255
178
3
74
69
131
231
236
147
396
280
221
197
267
211
11
64
73
295
54
19
243
13
265
644
174
57
517
187
214
616
3
195
11
210
202
136
167
222
27
272
194
53
350
303
26
289
154
148
510
93
115
111
28
328
163
1086
569
321
46
93
71
9
82
14
669
259
84
140
98
565
51
94
502
320
183
130
266
188
155
15
19
689
238
104
36
19
224
117
48
50
29
117
56
146
178
115
521
38
93
54
664
40
241
8
203
167
99
55
280
110
22
154
246
190
199
508
415
119
48
215
13
52
69
360
48
708
274
175
30
31
3
168
108
308
23
350
57
402
623
168
116
35
25
1
64
166
46
366
113
31
32
127
285
295
183
149
4
255
189
346
99
2
476
84
614
417
362
71
338
58
99
505
34
136
74
6
411
72
258
901
19
33
70
38
38
1
80
124
167
317
366
583
15
89
6
96
425
68
29
133
1
136
28
264
86
332
61
198
43
151
367
38
44
36
78
152
283
75
19
166
386
584
535
47
36
1
241
123
182
172
17
437
13
172
645
104
169
51
99
70
142
36
158
33
46
186
264
304
166
69
360
249
785
207
52
82
54
720
177
82
179
3
185
128
361
250
2
74
123
166
636
943
236
84
40
220
208
185
415
194
54
281
399
290
28
16
479
147
123
144
240
262
120
182
129
223
296
80
272
302
277
95
16
32
47
110
109
111
34
3
566
51
2
273
344
157
174
33
2
112
180
19
99
81
388
8
74
101
469
15
781
27
63
529
235
210
25
753
71
21
124
102
699
51
253
144
234
368
249
135
103
42
1069
97
88
325
174
285
166
4
393
318
418
197
561
47
184
417
13
323
39
82
97
13
368
267
309
152
323
108
903
117
322
102
191
72
202
293
134
499
158
95
396
180
544
148
301
484
117
214
72
475
292
271
356
1138
66
82
54
137
353
1387
747
14
291
29
943
671
193
349
157
96
101
310
259
288
1275
6
442
126
238
70
218
150
29
463
340
567
384
14
228
76
312
68
80
33
243
534
62
251
6
155
319
263
23
6
396
349
60
80
132
4
235
165
178
23
222
91
116
83
725
117
78
25
10
596
318
43
394
316
36
23
567
117
102
65
144
86
64
147
57
170
378
108
181
241
22
78
27
209
452
87
454
119
674
59
72
193
51
106
80
45
2
518
294
8
180
9
69
126
164
324
371
425
96
58
110
109
351
11
174
55
128
405
256
153
1
69
185
461
157
272
9
19
258
36
65
322
249
294
645
167
480
380
62
84
166
332
6
457
727
106
128
180
162
133
100
196
111
3
85
92
315
378
303
424
341
7
165
37
42
509
439
73
23
13
16
3
711
25
25
306
87
254
171
30
191
151
237
22
331
110
62
165
20
22
37
120
101
740
15
159
156
226
67
325
154
9
41
501
66
467
53
43
92
147
1
61
52
7
60
359
82
277
116
940
218
183
221
34
34
205
183
77
99
550
45
215
36
202
372
12
59
196
286
244
2
173
52
80
11
288
164
31
293
114
70
30
339
33
181
328
100
458
66
352
118
76
151
524
163
435
210
99
277
121
545
96
412
412
10
222
382
43
493
342
129
29
182
120
628
69
21
238
935
370
179
99
143
34
3
31
421
14
155
376
257
65
356
268
30
186
192
177
128
145
134
29
106
261
123
85
177
62
40
174
113
304
87
69
133
141
55
73
422
220
318
82
50
249
93
293
176
44
112
85
397
211
67
342
27
77
81
47
71
11
228
232
311
56
264
302
90
32
199
417
476
100
10
255
96
18
76
541
175
65
77
41
13
53
33
16
290
51
4
99
300
81
67
244
262
722
56
17
51
167
123
319
470
38
62
369
115
116
64
35
20
247
127
73
44
186
306
171
14
733
213
49
328
146
147
323
145
558
262
96
59
746
369
128
104
32
285
142
254
158
236
373
229
168
104
437
138
377
253
121
90
80
265
742
61
263
286
186
1
79
101
370
255
75
266
296
155
231
43
136
210
439
410
388
136
31
1206
16
67
276
82
79
172
60
17
544
23
340
51
50
205
152
303
180
1023
49
574
9
6
92
165
158
271
223
585
150
66
593
123
723
716
337
390
61
52
631
414
77
106
84
695
47
127
41
293
259
154
13
24
20
41
1093
49
94
187
341
461
216
94
253
84
222
14
64
88
332
114
361
197
79
79
175
462
192
28
26
177
74
455
542
263
47
517
180
373
219
579
688
164
151
251
102
161
48
38
15
271
848
454
148
45
27
22
157
291
580
373
102
332
95
261
203
29
28
277
100
131
14
162
132
180
416
351
35
80
192
768
414
293
64
501
401
324
377
17
572
35
38
118
72
87
531
296
239
138
17
281
391
138
45
80
116
144
474
357
99
61
413
66
14
8
193
100
540
761
185
243
50
143
270
86
78
128
564
397
88
373
271
201
218
193
214
56
203
228
73
118
237
67
549
616
272
963
120
332
3
195
124
138
151
22
166
165
39
296
86
529
171
9
64
222
243
473
892
98
180
69
48
725
455
219
262
789
265
500
211
58
185
696
125
19
278
12
5
235
324
46
14
1085
7
315
71
273
20
294
259
509
155
101
57
77
9
6
33
113
172
585
175
98
114
184
194
45
129
84
695
559
86
11
664
40
29
212
474
79
36
650
90
26
113
416
137
775
101
82
11
125
149
11
15
136
118
116
488
202
4
291
256
21
42
633
450
235
932
4
217
133
126
172
90
82
571
127
143
9
115
450
65
83
166
11
107
113
320
278
68
74
105
830
14
159
491
451
223
358
118
29
180
419
298
11
34
5
125
276
75
43
394
88
191
106
97
188
93
213
410
33
217
48
102
137
61
65
81
42
17
1
10
15
45
285
16
38
31
264
23
29
101
245
179
245
366
26
102
52
40
50
62
177
509
119
123
203
7
387
129
138
403
241
15
293
119
747
172
14
240
22
238
445
251
121
290
69
232
2
274
60
156
289
315
91
505
44
301
182
170
121
175
366
286
140
146
999
299
710
244
45
35
397
304
27
243
462
268
312
395
246
65
447
196
151
137
27
132
270
61
104
158
351
27
166
119
20
19
90
19
302
23
100
355
374
199
311
59
23
18
52
8
573
165
38
15
86
195
377
101
122
153
543
17
82
309
92
178
56
50
81
282
6
206
319
915
720
52
225
268
254
183
712
396
154
442
694
841
207
211
410
111
332
575
458
305
529
127
70
332
342
13
46
197
558
102
500
429
60
65
110
855
896
70
267
572
103
64
3
591
115
64
400
71
92
160
395
252
32
71
258
247
306
131
28
2
80
224
184
256
334
45
144
73
280
103
173
398
157
114
417
1
84
101
375
249
303
30
51
110
28
187
99
379
43
12
19
227
189
931
7
235
361
30
64
124
119
92
452
38
14
343
660
220
165
34
40
82
322
47
55
470
185
646
89
292
42
23
526
441
306
19
278
558
197
613
413
242
20
400
114
98
36
183
153
505
460
443
166
323
64
736
914
205
449
30
11
667
4
209
77
90
119
510
198
177
172
51
79
264
78
303
66
1092
26
210
231
49
277
40
11
251
29
97
109
171
503
28
51
486
4
111
302
64
315
222
435
258
37
57
134
265
82
50
403
122
80
173
90
129
21
321
7
211
106
18
72
26
43
34
767
11
191
455
227
68
186
261
19
105
746
8
13
87
603
141
686
42
60
244
86
18
152
285
57
33
53
124
61
34
335
211
291
311
81
58
51
148
61
248
32
217
227
81
178
244
168
41
243
177
131
15
65
473
50
67
294
256
340
184
293
7
133
63
95
140
310
95
127
171
268
119
74
132
8
175
124
94
40
4
153
4
215
112
196
62
547
332
6
375
130
77
28
169
139
420
570
157
235
459
74
139
182
955
37
361
482
666
480
108
97
892
63
329
161
61
244
626
9
1
311
710
192
33
138
12
273
170
574
50
377
34
133
361
1286
191
220
210
59
92
2
87
87
70
11
60
2
288
230
57
135
270
36
145
267
84
410
58
240
214
45
345
34
44
173
172
240
327
19
354
24
104
229
38
409
88
98
202
753
378
166
401
365
26
185
393
113
402
20
94
115
218
427
183
187
318
4
42
9
63
13
56
197
103
234
82
74
330
22
40
137
33
43
4
52
125
480
90
98
106
379
27
196
83
137
296
68
121
16
189
724
546
161
261
6
104
204
296
197
143
98
20
237
6
63
94
101
72
51
85
97
96
221
216
150
208
445
153
94
94
403
57
5
587
418
20
211
41
785
422
98
153
287
161
323
156
80
15
225
100
8
21
71
462
507
192
1049
297
64
9
31
135
86
704
79
222
236
25
485
51
3
148
269
39
21
242
30
133
275
255
934
245
38
436
20
342
349
20
132
26
39
110
647
121
79
27
183
232
1
154
80
258
404
8
113
576
185
211
25
93
279
101
397
115
325
547
369
240
117
214
6
74
134
296
68
198
116
148
35
318
33
16
142
190
153
51
325
171
364
132
56
109
107
208
103
1021
120
118
236
341
225
86
63
40
114
35
227
22
42
117
500
5
350
105
34
150
357
89
308
4
242
57
26
176
205
133
77
2
746
173
453
40
64
224
115
318
178
191
303
231
452
199
95
184
13
42
13
355
115
40
476
115
116
631
117
149
42
100
482
81
175
129
319
142
347
187
88
113
405
31
82
449
275
74
204
986
55
8
27
184
389
456
69
51
203
187
1
197
216
78
16
5
341
55
357
53
290
180
117
176
151
252
40
746
286
35
98
413
15
158
80
201
121
43
208
831
52
33
227
953
137
239
70
95
172
558
152
145
95
157
247
706
40
64
56
445
324
84
487
30
197
62
273
119
111
47
68
157
133
142
119
117
799
104
213
445
20
194
148
53
305
370
285
149
286
254
160
78
173
130
20
455
75
259
160
65
339
167
24
569
6
172
96
145
58
325
356
70
591
70
147
741
582
83
316
102
168
554
48
220
208
215
101
134
423
109
2
16
146
85
191
118
341
50
205
128
65
254
20
149
14
560
83
13
227
87
186
664
53
297
119
9
101
118
448
124
111
336
129
146
60
21
443
153
36
62
134
68
417
119
73
274
248
140
430
146
202
221
173
335
266
9
163
67
15
408
56
177
98
83
106
938
192
386
194
477
252
144
63
215
249
282
501
82
138
462
34
21
75
159
238
281
102
148
550
605
283
113
240
384
159
101
88
188
3
22
17
133
126
262
114
1
69
415
892
447
95
4
57
64
11
249
151
338
430
733
17
76
95
20
23
127
7
87
607
45
245
317
31
104
281
215
146
119
638
141
35
54
211
251
85
52
9
89
57
56
46
25
172
93
246
72
483
393
77
161
548
74
330
92
64
5
61
1294
34
383
488
344
220
102
652
329
264
410
74
32
190
141
250
204
21
353
89
590
31
223
49
71
29
46
63
253
149
481
2
112
15
306
42
123
85
203
70
19
306
353
256
47
776
67
23
45
111
26
312
108
114
292
422
405
125
411
424
47
162
400
93
179
18
152
219
151
192
111
765
78
666
118
1
32
71
131
112
112
110
100
73
157
2
53
336
142
592
3
67
225
187
457
12
21
25
23
15
187
140
121
233
54
366
305
249
6
23
50
12
500
10
144
11
207
224
91
400
113
236
12
646
109
148
56
27
150
36
54
682
268
193
200
117
148
14
195
58
101
159
368
257
55
89
15
4
138
377
232
50
339
456
29
54
50
263
85
703
113
82
90
295
115
37
20
182
389
99
127
408
58
86
470
139
504
139
93
8
87
153
548
108
342
398
24
67
74
62
417
85
80
347
213
268
233
596
41
396
409
214
155
215
14
355
42
326
126
254
115
310
515
79
15
79
163
770
169
24
103
271
257
81
245
499
990
671
568
90
128
67
37
325
294
161
315
495
234
100
87
86
3
313
103
108
63
38
26
261
325
172
226
95
976
90
4
1619
804
102
26
100
271
59
79
396
343
80
366
25
194
93
3
338
164
106
116
180
522
145
167
234
352
97
303
752
2
48
235
159
570
344
189
193
1
144
420
625
14
191
19
152
109
42
388
208
59
389
36
53
213
63
500
153
96
16
350
586
76
1640
25
28
489
402
64
50
127
30
84
73
184
415
444
401
268
198
62
123
1
41
35
72
68
228
39
6
489
9
103
66
226
42
215
106
212
2
114
685
179
159
43
50
55
109
14
106
119
354
176
640
109
67
137
95
418
86
71
7
184
145
165
169
15
177
208
32
205
166
440
50
6
146
425
24
143
103
462
11
205
64
28
627
364
454
239
188
236
47
49
136
81
168
346
1035
242
84
96
43
15
238
465
552
214
34
345
128
220
341
33
63
196
298
40
86
77
189
291
284
51
158
364
125
254
27
40
82
810
585
27
134
389
106
47
220
173
484
103
456
227
144
10
30
522
141
1036
27
201
379
38
37
39
854
6
17
19
573
20
643
163
56
27
16
202
162
2
163
23
179
742
17
54
38
64
78
71
712
314
93
65
434
371
306
131
140
198
175
136
202
136
361
65
105
174
19
283
347
685
84
306
81
401
315
268
78
1
19
239
6
287
62
122
361
43
29
65
104
117
69
237
210
294
147
49
685
221
279
70
281
54
88
89
196
90
495
77
83
392
69
76
413
14
19
23
213
19
87
545
88
58
201
40
67
318
36
223
315
151
98
7
260
106
148
328
71
261
108
342
114
590
95
160
10
351
45
417
33
422
35
7
88
316
26
33
222
465
144
34
21
66
103
133
671
173
90
77
147
43
89
325
223
362
98
6
113
32
13
29
652
93
413
95
274
310
92
151
318
449
480
102
113
1075
75
420
155
65
860
74
336
597
450
161
619
166
659
177
59
18
53
641
176
374
103
791
50
493
15
641
134
9
67
87
242
262
250
34
89
150
23
103
8
38
65
14
7
201
81
68
20
228
87
37
87
11
58
19
331
350
6
324
106
20
37
40
33
139
73
849
40
330
4
120
103
904
377
15
137
5
77
104
393
542
38
65
116
47
144
35
444
31
29
29
18
57
225
65
90
69
408
277
184
15
192
147
119
143
10
1004
300
39
84
116
336
339
147
153
406
1264
427
397
42
119
93
280
390
42
149
56
64
13
71
160
14
270
100
454
15
328
103
1400
35
2
106
23
164
63
80
453
141
174
207
21
284
73
335
39
558
14
6
470
33
267
164
47
399
243
111
18
141
501
154
651
288
448
28
83
9
45
196
10
13
172
227
803
4
55
202
204
93
135
17
74
196
47
260
62
27
77
99
331
81
391
39
129
162
235
242
69
163
134
147
98
17
17
122
372
247
272
22
20
8
160
40
249
210
82
673
749
341
106
164
2
130
186
27
383
86
251
494
81
264
752
52
6
677
209
9
54
546
66
171
49
228
319
108
184
153
608
152
78
292
66
314
376
47
23
70
27
314
280
35
11
160
133
11
334
629
77
21
528
29
68
140
100
402
59
130
224
526
392
299
1116
201
231
159
244
28
66
229
10
98
14
108
62
81
317
99
70
30
175
421
483
18
35
115
266
4
107
201
375
350
346
31
108
506
398
415
39
46
2
96
18
129
94
59
1294
273
215
264
274
113
107
52
99
495
63
3
16
103
54
285
61
167
174
38
249
769
146
109
18
259
32
174
111
56
414
376
138
317
321
222
36
191
56
179
316
21
631
682
636
26
31
77
63
353
364
138
269
1
336
109
123
83
148
165
774
250
52
607
51
364
471
420
59
71
766
1230
291
120
151
28
211
28
8
93
120
204
63
373
14
5
101
245
163
6
507
238
93
291
168
520
406
169
203
28
121
574
1016
17
38
27
61
108
30
49
67
167
182
92
147
7
837
532
92
244
382
27
23
121
573
25
137
253
81
7
194
70
473
382
29
13
20
195
101
376
27
6
255
33
254
257
45
744
140
117
74
114
8
71
331
102
287
77
16
406
265
189
121
81
132
38
243
284
358
313
33
152
7
8
207
679
11
291
442
230
86
28
62
143
5
170
257
41
187
307
380
146
108
7
242
70
294
438
134
172
480
344
245
222
1
174
358
118
8
451
31
59
671
102
279
30
553
73
147
165
769
284
348
100
564
92
456
81
15
366
264
149
13
56
48
164
453
345
149
190
88
385
128
428
147
143
278
25
28
45
355
94
21
81
129
343
18
7
158
234
107
242
35
44
58
547
313
179
69
298
113
19
430
262
91
393
454
167
250
365
38
73
61
164
470
117
272
252
366
312
25
239
154
1071
599
305
210
25
151
58
133
71
260
20
265
621
67
168
239
140
165
71
366
4
98
32
11
398
9
180
112
270
10
309
471
19
288
15
213
88
134
24
136
19
14
113
53
73
207
132
55
24
229
15
32
14
273
62
504
51
60
162
66
81
278
132
240
41
255
115
423
161
233
380
11
238
162
140
493
455
375
39
169
5
548
83
75
155
377
28
183
860
266
72
11
88
185
102
337
83
107
389
35
675
28
53
193
141
309
74
161
44
58
74
116
247
209
401
301
386
39
11
468
125
70
27
189
566
604
58
411
120
476
450
156
42
294
24
89
279
334
114
26
2
41
204
81
135
192
4
47
305
40
115
92
332
52
479
11
171
24
363
47
59
262
248
71
35
159
117
37
142
33
14
347
130
606
5
116
150
22
276
130
113
63
311
55
5
68
31
230
15
91
13
420
82
421
12
503
36
90
64
215
239
321
746
17
23
342
101
226
348
371
189
234
60
359
240
135
558
240
438
7
185
680
483
213
27
345
68
24
347
17
274
34
17
48
156
147
261
5
328
228
54
8
277
35
12
52
385
328
58
35
346
373
225
30
129
7
441
138
81
325
25
156
20
244
61
77
257
2
150
294
96
320
119
89
462
109
759
298
8
181
132
349
46
19
31
14
535
51
275
74
265
30
86
163
205
17
241
147
17
192
5
54
86
23
1758
565
102
52
140
289
26
827
2
82
437
585
45
493
162
35
213
28
194
131
40
457
336
283
230
226
289
203
19
165
6
99
65
102
37
165
123
123
15
340
10
309
78
346
99
331
247
132
108
72
250
106
193
76
27
582
87
27
148
176
558
391
363
36
138
325
258
186
5
18
630
214
214
276
160
83
183
372
388
169
226
204
80
265
1
145
41
168
235
223
237
43
27
48
65
208
264
244
42
299
250
372
532
307
270
60
48
81
11
19
161
139
524
109
94
127
5
42
238
62
148
177
48
104
160
219
613
312
447
25
60
240
99
464
56
46
10
349
151
405
78
170
118
18
139
100
89
388
253
748
122
101
146
189
185
100
123
56
165
60
266
146
55
51
59
100
53
199
38
110
82
50
79
72
65
374
171
300
94
87
122
142
87
9
42
610
867
158
115
525
434
114
392
401
6
109
394
110
84
140
157
136
9
436
78
56
423
6
38
60
25
200
663
91
93
1082
447
70
17
126
108
226
335
109
245
173
23
170
21
13
22
792
118
600
218
175
492
84
42
177
34
881
404
179
73
24
178
302
359
301
43
824
222
108
77
8
167
158
165
41
46
88
30
560
1233
40
325
56
11
142
50
47
53
181
142
85
426
62
40
196
12
5
51
30
344
8
128
349
166
28
14
749
282
75
36
715
38
5
217
5
4
190
21
69
636
37
141
52
120
80
106
133
117
24
222
44
354
103
115
9
228
32
438
454
227
479
1062
100
295
332
6
69
122
142
6
597
262
64
538
312
23
287
201
8
263
185
194
201
1
84
128
220
261
467
450
22
56
21
155
53
121
78
71
202
84
2
77
5
308
543
118
322
69
1230
74
219
137
144
285
34
911
215
524
101
94
35
156
748
11
316
314
56
253
338
116
410
969
446
90
15
47
212
71
57
305
116
747
133
34
82
91
225
308
25
58
205
26
32
417
25
15
428
379
448
468
4
7
5
17
502
214
90
525
102
83
84
248
121
67
79
749
6
73
82
261
121
735
154
77
170
158
81
177
50
459
93
44
27
58
84
188
330
308
438
250
186
2
142
157
95
633
264
13
5
10
134
138
95
268
548
35
184
309
222
58
196
50
177
197
315
371
68
552
58
112
91
41
40
84
100
21
149
357
711
92
49
208
248
26
166
62
106
228
414
114
96
10
444
43
35
14
35
39
159
285
461
89
51
312
136
696
388
151
37
350
6
230
696
283
317
661
211
95
57
288
139
475
542
73
304
65
116
53
348
43
5
25
99
116
187
368
99
24
845
84
159
621
188
210
27
196
283
271
59
822
123
29
12
53
6
238
5
8
134
229
385
114
366
100
76
203
99
132
40
175
17
96
432
80
29
277
749
19
348
143
623
21
295
88
179
4
168
55
75
30
19
347
311
9
82
76
56
1
34
242
208
318
218
357
89
33
273
74
73
176
119
222
73
339
199
370
190
128
232
71
77
77
268
466
201
272
15
634
242
233
47
82
7
280
127
53
26
251
72
136
86
30
71
658
337
83
44
383
23
101
264
170
227
111
215
3
399
397
341
267
45
532
171
13
13
11
123
122
68
107
97
78
338
92
61
131
754
592
90
132
151
40
64
24
965
102
310
18
111
77
175
106
46
14
1165
101
501
435
330
259
614
263
68
209
433
135
117
210
57
7
255
226
318
342
20
76
361
62
307
466
261
195
172
18
35
151
554
245
60
8
484
186
38
56
7
39
46
75
37
57
11
14
183
51
71
441
44
480
277
34
5
19
214
420
53
45
127
365
172
46
45
433
97
1567
713
197
86
118
444
55
783
101
301
192
7
276
446
169
328
781
57
67
181
23
165
308
46
162
146
190
333
560
84
103
12
36
85
205
238
379
151
61
207
160
315
87
309
262
477
198
92
595
322
654
77
62
60
203
91
65
207
165
61
331
270
34
819
236
60
32
56
193
38
747
30
149
111
6
81
133
30
112
155
176
400
183
257
258
8
78
327
380
38
135
62
161
534
72
114
149
205
21
423
353
83
165
218
125
745
137
403
39
380
515
46
1086
385
235
13
131
212
76
358
20
95
70
412
281
480
183
452
569
101
157
50
102
5
318
204
401
250
241
73
330
299
222
121
204
34
359
71
93
82
237
759
39
145
702
397
370
31
100
17
171
100
194
179
20
232
11
242
167
412
229
67
53
25
330
189
76
26
251
27
18
296
27
841
184
332
184
260
18
169
195
473
99
127
166
9
148
59
68
246
273
217
169
33
30
156
16
47
35
15
25
601
32
29
411
345
52
119
92
227
185
180
348
150
241
114
241
82
28
27
14
264
527
59
180
771
14
43
330
1
219
73
475
457
552
9
310
223
58
179
156
207
86
19
28
73
37
13
121
635
49
36
157
15
861
314
15
164
100
227
523
699
215
16
13
335
220
187
78
551
47
92
135
65
28
101
59
340
316
21
83
25
497
246
123
53
29
99
109
102
86
16
614
71
76
193
205
60
102
100
146
55
926
407
224
570
176
80
148
412
509
60
656
263
49
164
34
595
503
27
31
258
1017
518
1
102
33
28
322
145
7
116
2
110
345
37
209
261
48
36
365
134
56
50
7
117
553
869
167
38
58
11
368
132
57
57
299
459
6
296
311
176
78
58
7
156
65
69
13
116
84
213
247
465
310
205
83
190
279
267
49
15
92
42
48
84
395
148
172
212
32
231
604
42
384
324
104
419
62
56
212
184
34
4
52
171
544
30
301
78
39
4
52
7
393
145
10
227
115
244
72
258
13
716
258
286
14
156
158
519
12
1144
61
121
219
546
20
40
104
71
81
90
164
141
76
215
215
993
52
183
107
48
115
102
219
245
204
124
55
95
127
103
57
136
338
647
273
167
174
190
60
226
16
59
24
86
310
303
8
159
258
520
18
545
13
41
42
529
78
37
135
237
302
56
304
205
83
325
21
153
171
914
480
329
41
53
407
36
159
116
192
15
190
44
171
53
385
321
49
211
134
126
313
84
224
182
627
76
581
96
66
529
158
206
23
40
514
58
260
7
19
452
89
110
12
222
392
529
18
42
220
382
598
229
599
203
585
366
104
91
379
329
232
76
165
27
571
60
211
764
107
145
140
201
169
114
74
79
284
78
190
145
334
131
192
363
195
93
820
165
22
185
88
513
163
255
67
45
395
129
342
334
142
198
128
87
463
476
259
384
538
40
459
34
61
119
133
233
73
320
290
168
95
339
390
67
732
207
637
398
206
53
740
391
111
398
64
694
85
189
279
225
438
259
957
245
698
209
211
242
83
207
402
444
439
282
382
36
404
12
117
78
108
455
286
592
114
41
300
196
55
66
514
506
727
222
154
889
54
527
72
14
478
23
121
301
210
31
511
160
2
99
38
1691
209
334
476
198
203
3
119
222
62
194
416
117
97
40
294
8
242
25
252
235
10
368
68
236
3
221
277
36
2
160
40
158
34
67
57
36
882
58
86
231
120
74
81
336
34
457
149
23
88
1
63
45
195
830
259
77
223
911
23
112
80
485
21
343
21
176
238
157
66
61
27
124
35
812
25
78
36
528
52
222
148
85
114
546
88
30
252
164
223
267
388
136
64
77
33
475
726
660
64
126
34
428
6
3
24
61
30
749
31
380
446
109
424
415
289
661
323
91
323
155
101
141
668
53
868
17
32
23
199
201
18
89
19
108
442
167
88
257
105
141
211
247
30
62
118
69
511
14
92
47
25
181
170
391
133
51
123
736
141
579
59
298
83
90
107
201
34
172
70
494
6
87
23
4
38
83
172
60
214
273
73
225
101
68
64
81
166
302
149
59
51
34
97
156
80
81
70
301
365
248
223
89
42
231
288
286
311
871
802
107
333
49
239
54
631
101
493
113
117
509
392
203
465
238
442
11
118
379
276
163
169
386
173
156
41
98
254
99
99
301
247
90
78
109
133
366
258
497
60
194
124
100
848
74
263
274
1128
100
38
49
199
33
165
25
117
491
100
12
503
350
620
138
33
225
50
3
119
454
46
14
103
86
9
213
63
502
137
239
63
195
18
118
205
46
194
345
9
474
70
4
33
123
16
33
8
448
200
93
47
69
141
65
316
4
253
440
497
182
171
37
188
294
392
63
79
361
33
144
135
481
122
75
9
32
497
624
123
151
297
178
52
92
79
45
52
2
21
1000
809
548
554
844
65
351
60
32
16
198
32
606
59
68
157
237
14
48
60
90
355
13
636
131
347
602
623
249
365
219
448
177
90
1011
34
47
391
285
32
57
25
203
44
26
31
92
76
206
159
122
121
6
514
560
180
172
32
80
67
461
22
73
487
1
318
73
97
21
72
138
126
124
151
97
134
50
72
121
193
88
207
31
126
356
377
173
39
28
43
58
315
16
368
48
11
73
404
394
96
33
431
577
64
104
54
387
315
220
51
330
103
274
90
1
371
412
13
90
73
22
329
606
161
291
50
205
72
60
1
29
134
15
54
690
243
103
957
146
133
21
278
224
243
119
159
55
263
127
88
209
216
44
224
26
53
253
280
330
277
89
130
13
211
311
79
106
964
138
106
71
151
94
13
59
213
336
454
147
403
34
422
284
6
326
77
506
20
454
68
473
171
340
103
10
104
118
126
16
127
125
567
178
133
167
230
257
132
489
587
912
175
231
25
806
66
13
26
822
926
134
5
20
11
168
266
675
418
105
77
267
161
306
422
61
139
690
132
51
143
155
17
59
325
7
452
176
98
329
69
106
94
446
140
139
156
59
67
35
311
59
427
32
285
216
90
208
79
20
224
410
32
44
145
99
10
100
100
313
105
187
448
294
68
265
187
50
144
58
233
115
123
312
140
3
241
4
93
160
70
224
335
272
460
24
79
565
113
38
27
322
140
272
354
21
90
383
168
78
145
205
117
17
315
7
411
4
16
137
265
57
86
215
320
443
94
55
109
517
215
1
598
303
508
49
378
475
359
74
613
358
44
52
422
362
72
52
4
341
230
121
26
128
2
49
418
81
62
53
163
346
6
266
16
402
1
272
157
37
149
95
230
286
72
155
39
519
16
350
79
6
107
721
9
115
101
264
201
11
88
132
81
177
117
114
11
36
43
290
85
78
383
163
3
16
219
339
88
7
328
141
141
55
58
380
389
347
52
340
1
3
153
19
43
204
96
97
292
269
2
116
154
68
352
166
160
255
49
5
66
76
306
36
198
2
64
184
291
299
333
70
59
28
299
416
110
405
522
19
124
206
19
204
55
117
12
81
55
183
750
360
215
100
428
488
21
395
209
124
338
482
10
46
3
72
33
95
33
200
284
65
248
425
31
647
109
205
269
3
93
180
14
213
10
90
172
18
223
69
209
98
444
75
115
335
55
99
342
389
89
282
32
434
117
114
887
253
434
44
220
791
173
159
237
183
363
301
537
54
116
290
198
10
260
153
13
184
55
52
9
69
387
155
586
17
504
57
151
562
71
467
51
350
371
65
36
142
64
226
188
28
371
250
9
356
458
184
188
62
217
188
38
94
74
271
195
54
283
56
289
96
32
3
101
89
134
167
415
535
114
163
393
285
219
154
114
386
349
1400
89
263
140
73
210
147
51
184
51
608
477
72
311
142
301
59
278
184
38
37
77
32
58
97
153
81
7
187
119
578
295
236
39
28
22
12
4
401
594
338
100
10
223
65
311
143
95
342
124
328
487
326
17
32
137
180
15
64
108
60
339
209
369
23
151
343
29
165
477
61
226
164
92
164
234
1100
10
70
702
93
68
116
13
36
369
207
302
19
141
52
198
327
92
53
917
31
130
95
199
140
10
66
118
126
795
268
593
58
542
133
114
9
174
40
74
472
94
14
166
58
126
13
353
146
5
228
2
35
222
180
624
146
58
47
29
211
215
13
301
318
511
112
132
113
70
550
243
215
158
167
33
494
39
390
146
206
320
239
155
1567
88
132
350
50
116
12
127
233
109
49
382
91
171
42
225
188
707
352
197
4
76
2
232
102
121
494
157
101
324
245
13
656
93
64
71
43
192
160
4
195
418
26
42
214
157
157
109
24
274
44
327
160
267
768
35
129
244
283
20
618
55
376
460
344
33
109
291
773
430
30
42
686
54
453
32
82
174
1225
638
589
86
183
76
312
644
309
105
101
545
26
239
129
103
806
52
338
254
178
784
23
115
814
55
247
72
455
113
9
152
295
99
179
23
339
168
54
52
121
22
426
271
657
54
16
230
234
12
214
243
219
6
12
167
703
64
71
124
234
20
93
80
321
206
865
536
371
79
91
415
258
295
25
76
124
530
369
168
62
56
148
75
285
82
67
210
242
53
211
246
12
147
465
2
269
139
159
83
453
236
189
80
13
298
279
118
3
84
361
201
260
134
13
89
43
229
49
37
138
453
36
195
2
122
39
235
695
175
34
115
106
24
99
25
204
79
496
140
52
96
17
161
333
83
98
55
144
42
56
235
102
466
235
96
286
719
243
182
175
89
35
496
8
95
16
383
90
127
45
125
574
71
170
19
692
40
18
624
130
75
264
425
36
258
165
277
286
139
659
8
100
30
95
16
210
196
3
57
376
24
220
450
47
232
65
21
94
57
48
20
15
393
2
137
62
228
168
20
221
322
104
110
526
15
22
324
83
80
146
23
113
807
372
622
70
135
26
156
501
190
67
366
136
852
95
98
471
531
760
93
91
874
116
57
118
36
18
170
106
75
418
80
37
224
263
103
232
876
2
124
48
45
70
682
36
41
22
138
1133
131
148
29
582
146
123
23
479
58
161
125
101
272
84
468
360
188
319
171
21
331
331
1039
175
294
245
378
251
68
111
409
38
40
104
147
262
41
339
233
3
4
45
31
9
28
29
502
510
13
744
110
120
511
91
96
17
535
118
120
2
131
158
202
309
258
70
64
59
29
357
296
34
1167
43
403
76
79
116
161
206
31
224
129
447
207
130
579
126
29
479
80
25
68
206
4
477
209
81
256
63
384
322
54
127
165
35
138
101
149
111
17
517
337
290
400
311
199
521
24
53
224
659
202
82
173
391
84
80
81
27
316
278
38
776
9
321
512
44
131
235
64
48
401
109
423
179
75
254
427
122
99
172
233
571
25
39
167
73
4
161
1
277
2
446
60
184
61
244
32
423
389
343
120
457
93
137
806
660
29
134
275
303
101
111
35
211
24
91
327
13
163
335
257
279
130
22
202
395
9
127
29
56
63
196
68
160
33
55
191
36
55
24
489
174
352
109
484
90
163
394
44
40
162
11
106
32
472
3
36
524
203
20
201
319
562
36
88
46
386
121
23
553
28
357
107
143
133
498
192
335
746
351
830
227
248
550
341
109
182
128
9
547
100
71
54
144
240
252
170
387
51
219
206
141
476
23
197
41
60
1302
312
49
136
211
283
157
333
377
158
146
119
158
351
898
269
147
96
361
651
302
44
132
19
25
54
161
61
190
63
44
28
124
307
58
340
569
118
261
270
443
8
397
558
147
105
36
49
492
83
227
270
14
353
5
98
292
283
53
130
56
105
22
39
346
326
13
61
148
78
36
129
432
172
85
35
459
5
137
116
90
56
111
204
144
109
98
30
72
486
38
113
25
120
112
169
76
445
62
260
115
2
266
18
93
71
79
302
105
56
1290
29
121
11
508
389
64
60
119
123
25
59
124
182
164
33
221
174
452
553
589
247
583
127
75
262
186
38
198
15
862
1
212
24
140
172
135
42
251
745
12
164
80
40
217
9
27
183
68
166
54
223
217
71
153
2
255
224
168
5
159
452
320
167
104
65
156
130
500
4
114
163
6
273
300
530
326
111
178
55
252
702
258
223
113
39
457
64
286
61
610
141
380
249
50
156
39
197
78
56
124
79
54
78
31
107
3
177
98
1
541
380
89
87
129
88
272
195
637
61
46
582
39
28
293
169
383
430
369
60
75
51
374
233
33
536
35
12
77
17
96
191
93
166
173
85
76
900
165
141
384
75
305
61
93
56
1
25
144
450
62
89
240
183
62
64
112
103
313
61
228
39
49
248
79
373
255
231
313
227
75
69
552
22
46
364
99
8
262
174
54
49
62
47
100
103
97
361
150
17
266
246
334
136
322
77
116
144
19
45
38
94
443
8
308
215
32
105
325
162
175
326
65
354
202
40
4
139
81
268
29
222
209
37
31
135
143
16
176
256
662
333
116
407
220
100
43
87
58
307
463
223
222
47
23
15
30
275
502
192
246
521
34
47
35
141
345
127
41
44
363
730
177
153
72
327
129
189
38
447
28
435
236
25
170
334
109
189
137
126
35
73
176
576
248
17
392
231
254
173
29
138
140
25
38
130
39
218
192
149
595
83
89
255
469
119
81
52
28
126
107
1216
147
733
138
524
30
3
77
285
109
326
31
100
21
83
457
373
47
292
401
170
785
19
137
98
804
19
125
220
89
1393
161
19
139
409
121
187
1
17
15
422
52
806
123
434
91
38
512
541
60
69
124
301
539
439
11
17
20
68
602
518
124
492
162
176
79
18
528
73
17
238
193
67
38
313
317
170
60
137
91
29
464
56
25
288
236
348
147
20
25
32
57
102
1
61
4
110
520
162
403
570
90
194
114
75
935
277
84
206
634
149
74
520
116
133
1
270
92
80
87
326
215
188
64
16
295
113
146
199
667
12
229
6
15
635
607
98
32
51
281
427
390
353
335
446
433
252
298
148
66
39
722
235
8
124
107
154
293
35
182
82
338
49
58
221
203
34
177
8
346
111
34
222
169
76
472
244
746
131
158
142
754
132
301
78
70
81
153
626
50
149
291
282
170
136
533
165
252
1
252
425
494
103
30
769
533
53
175
27
37
37
459
237
50
251
28
91
42
241
620
23
166
616
140
46
11
47
154
1722
40
202
230
196
9
11
286
94
897
39
325
3
197
2
443
222
875
227
88
171
44
424
129
87
126
49
59
18
301
141
88
411
25
151
327
16
157
24
163
4
4
19
141
79
57
16
9
194
132
148
282
323
145
7
89
207
324
107
117
463
2
99
32
214
362
142
91
28
127
38
148
217
139
59
176
23
206
70
84
77
27
270
184
964
12
37
83
154
224
3
118
56
249
240
29
112
405
269
192
301
183
214
28
211
33
70
489
137
30
112
59
31
158
38
28
41
123
29
192
39
101
323
195
323
171
26
3
382
635
262
305
24
110
363
74
538
444
41
81
260
305
18
243
10
188
1171
156
145
15
194
399
70
141
526
70
87
1
40
581
43
16
82
11
73
33
352
127
8
408
54
207
28
84
246
19
183
97
271
3
46
659
37
50
52
283
421
282
298
28
59
166
73
101
276
173
200
254
178
132
20
120
22
199
27
72
183
64
585
37
65
237
171
524
34
69
461
27
132
62
7
311
164
667
203
80
145
138
124
294
506
237
349
48
317
7
52
403
447
182
362
127
329
234
9
128
328
34
357
319
481
11
44
160
34
256
53
138
145
464
59
226
128
484
159
654
212
166
11
630
172
392
188
5
455
17
23
346
43
89
30
42
230
75
107
236
571
409
259
269
795
390
165
148
262
108
38
253
92
475
69
49
127
82
44
303
118
507
96
524
50
492
147
526
216
48
553
50
224
501
86
24
132
102
7
25
7
634
45
252
703
251
274
1
57
287
27
471
236
52
161
120
210
74
66
399
10
448
24
379
551
368
520
458
553
150
107
740
160
280
264
109
366
187
75
102
109
87
145
310
52
814
107
298
17
135
77
13
99
122
94
5
37
17
414
180
185
49
154
87
75
135
122
138
238
38
665
44
85
306
18
7
851
33
369
1
594
424
25
334
176
715
59
439
210
161
46
481
18
103
81
45
40
77
216
384
184
654
310
496
51
46
31
127
55
208
342
620
160
93
281
191
403
133
94
81
139
203
148
308
79
1106
343
46
391
407
50
182
673
143
605
315
21
52
176
29
186
93
107
38
3
76
489
43
337
2
123
568
234
41
6
93
193
420
26
287
473
53
188
13
156
75
256
302
399
565
484
71
10
41
309
490
74
157
395
136
87
144
77
7
5
145
144
9
183
443
118
962
253
663
446
319
109
346
122
159
57
454
48
114
413
492
45
34
59
87
124
223
275
608
386
204
36
108
91
97
57
383
21
263
152
22
264
172
10
132
188
135
349
25
38
57
264
91
1
180
146
141
37
24
189
56
15
143
182
31
165
47
421
158
128
153
113
30
97
98
44
234
260
252
4
20
13
212
194
72
203
206
184
53
7
105
453
64
13
24
225
109
227
158
36
256
14
226
86
10
233
115
1
337
120
12
19
308
285
315
409
124
209
115
385
55
241
96
469
443
3
203
173
118
430
204
25
22
125
33
10
60
19
34
551
44
143
12
32
194
259
5
37
160
218
353
127
239
106
14
65
513
46
945
83
421
556
621
17
97
84
219
33
229
197
41
330
31
269
808
30
138
5
483
155
57
107
99
133
56
948
251
1255
36
3
322
348
383
44
40
283
49
130
212
24
233
511
98
299
515
12
345
393
305
70
60
86
42
250
105
302
814
411
326
103
91
471
105
282
682
189
49
42
53
266
62
53
26
46
375
84
315
130
65
606
74
316
16
74
870
131
443
17
139
15
6
34
62
118
420
236
69
255
41
284
6
16
92
218
70
67
404
88
638
24
294
452
95
89
179
131
52
255
169
597
359
44
69
67
163
68
956
8
91
217
111
44
36
162
158
100
804
171
688
1268
187
36
117
4
291
111
60
61
124
154
438
328
140
125
258
31
478
40
58
8
43
37
138
169
40
77
23
58
116
16
438
332
432
515
34
133
250
3
273
101
45
27
3
465
134
220
228
115
623
714
416
311
58
164
40
71
173
189
16
508
96
100
176
218
493
312
134
76
528
277
552
711
547
292
346
83
56
45
257
49
73
182
323
51
131
282
128
31
352
292
43
508
924
246
54
304
308
56
266
90
179
376
570
109
26
385
516
12
233
12
205
417
149
18
233
26
71
63
176
45
93
49
511
192
524
332
53
260
161
393
495
79
85
25
18
145
41
391
204
372
48
337
115
32
35
166
480
22
175
46
623
513
190
132
117
49
76
17
43
105
56
76
289
280
75
613
481
95
145
87
1
81
222
210
81
25
253
57
165
202
232
60
55
22
543
40
213
297
271
133
588
17
385
93
266
7
15
90
40
127
130
1054
301
1002
101
81
295
44
229
121
122
7
112
260
72
407
229
5
39
41
64
181
160
80
85
439
1436
101
228
515
410
181
102
159
117
33
40
51
108
36
138
175
27
118
20
137
54
244
37
334
84
41
115
169
63
22
212
343
120
504
215
352
42
474
176
397
42
629
68
66
32
28
174
30
345
409
118
9
88
113
229
119
47
91
54
36
180
229
225
48
238
148
1124
379
161
457
72
428
531
111
120
12
12
156
78
251
144
34
241
117
40
47
128
513
160
33
28
254
53
236
67
46
14
689
35
90
181
105
305
208
73
104
414
237
126
46
15
1138
436
749
164
91
126
162
284
78
392
329
13
41
24
23
76
7
188
399
14
79
39
191
54
68
219
176
52
531
487
60
32
291
87
408
41
15
39
77
266
349
86
122
114
19
95
54
172
6
20
217
27
71
92
10
364
7
17
141
210
21
33
43
380
456
7
47
45
108
134
239
164
244
588
12
26
165
99
269
375
184
1114
212
43
115
126
169
262
45
83
158
278
26
33
354
115
90
300
46
252
376
334
53
90
80
73
104
126
80
268
193
407
65
151
785
187
133
810
102
5
47
601
529
186
148
23
86
30
49
31
500
71
105
291
329
53
34
314
34
66
244
49
50
89
218
190
196
39
304
210
19
324
163
31
259
285
107
112
63
33
193
108
60
774
267
44
211
55
271
135
311
367
182
382
53
1100
124
436
106
36
61
108
156
24
385
398
376
52
138
274
118
203
345
181
691
64
13
34
82
109
266
48
208
459
144
423
234
114
126
250
2
77
119
120
1600
734
314
298
10
136
17
480
19
270
37
103
206
33
46
512
300
297
419
128
466
224
159
284
674
69
170
38
527
373
126
31
11
94
35
61
526
142
11
831
270
165
19
63
252
13
178
1236
54
64
1
147
174
375
100
36
306
34
286
12
153
111
6
20
198
63
367
111
533
236
468
60
72
38
27
90
126
481
51
21
75
388
10
77
157
173
81
957
47
176
24
430
5
46
119
29
1
175
332
18
84
553
252
53
1
191
450
160
4
18
248
33
613
114
5
156
138
134
57
89
206
23
314
446
116
319
193
72
321
47
30
309
70
183
36
201
110
462
26
113
81
113
58
76
121
431
12
181
1
222
188
179
370
49
15
7
223
69
9
399
743
2
921
306
286
141
146
103
134
2
188
76
52
64
205
632
118
11
87
179
119
232
132
57
467
94
75
809
121
55
327
72
367
333
195
11
164
606
204
240
126
437
63
54
87
101
61
225
476
281
50
93
16
168
151
20
62
3
631
28
89
217
180
75
9
109
98
70
87
243
859
470
682
121
22
582
47
12
21
64
36
297
12
135
707
332
1
26
246
154
166
175
332
11
229
338
172
183
259
504
206
941
188
192
583
179
45
486
29
749
256
302
413
398
86
50
13
97
277
153
89
76
289
38
15
92
572
598
304
19
41
14
307
147
34
212
242
34
279
79
76
88
71
117
11
273
232
161
25
255
48
289
235
231
71
118
56
8
367
15
82
182
98
173
686
123
384
11
416
696
8
19
303
387
180
260
11
23
278
46
277
263
110
121
145
611
888
221
66
653
114
280
62
315
14
7
53
118
158
13
121
349
112
355
104
187
642
77
168
189
75
184
110
309
3
126
974
102
287
351
788
140
94
313
568
78
8
257
121
179
211
35
292
132
102
450
463
47
86
25
206
428
55
447
116
261
46
433
196
61
199
197
775
138
473
44
16
321
50
210
90
128
43
8
135
223
141
85
359
264
71
58
217
147
135
599
567
409
331
3
59
287
244
133
285
57
410
45
257
322
193
158
147
29
303
186
203
19
106
659
186
251
593
11
87
18
26
89
510
941
56
92
15
17
42
160
208
150
243
59
67
420
81
385
84
19
196
1025
169
103
390
58
125
36
6
18
306
25
66
110
49
83
142
235
188
90
94
226
332
171
112
5
140
160
165
270
18
78
148
161
1070
57
237
111
138
160
400
27
94
24
48
36
137
201
45
558
274
263
214
118
62
22
219
102
127
73
178
19
376
67
407
375
648
52
387
111
208
347
93
38
430
159
57
81
68
12
144
68
242
65
146
34
400
68
200
133
189
180
323
140
170
455
213
218
392
497
94
479
233
101
13
117
108
396
339
97
612
63
52
29
8
12
154
343
76
298
29
187
245
372
224
72
10
160
123
2
111
388
94
58
56
31
9
92
108
125
118
139
244
100
260
20
220
21
97
39
34
231
172
74
411
120
299
148
457
22
123
21
270
163
16
159
305
110
2
183
225
261
277
174
179
4
793
984
362
99
350
227
303
184
614
88
170
298
296
525
186
421
109
97
52
138
307
189
190
11
59
3
80
2
116
56
143
46
163
440
31
465
256
138
109
171
386
256
189
32
109
1019
133
225
248
147
212
27
491
709
439
76
222
240
385
188
78
348
46
135
190
11
150
167
5
149
32
28
125
190
31
401
169
499
240
283
67
99
28
393
650
427
188
717
262
660
16
346
69
96
58
400
468
678
64
66
300
94
425
60
164
119
213
45
37
190
58
388
235
20
24
18
147
75
191
58
144
83
34
460
84
231
18
323
300
85
1
489
27
92
99
109
142
393
947
98
59
249
1000
39
17
566
101
33
65
589
179
362
230
167
186
13
163
53
704
54
39
24
235
74
71
164
65
155
65
247
81
201
638
169
193
98
40
129
27
99
3
45
14
461
140
192
65
138
26
53
6
169
199
107
210
64
199
250
1099
4
111
15
45
24
143
59
217
198
81
119
312
18
186
42
107
15
354
223
93
92
72
190
49
228
64
189
154
173
154
76
367
253
22
53
125
680
51
164
141
141
123
354
49
139
4
288
381
119
24
29
111
321
126
6
81
479
346
69
88
712
154
167
593
745
13
250
83
75
147
917
93
21
17
341
172
399
77
133
116
185
99
198
78
437
17
370
6
14
183
58
120
37
54
99
73
182
200
56
96
51
466
298
80
616
73
344
99
95
215
202
17
170
72
961
70
241
237
32
313
114
144
146
143
379
84
113
261
382
279
293
135
282
725
393
70
18
368
127
146
45
69
49
147
393
16
68
485
63
629
271
622
286
14
78
169
219
208
10
454
132
599
124
475
517
112
480
4
717
987
188
36
130
162
591
88
118
155
311
19
182
190
34
240
61
87
28
1
55
9
76
77
238
85
248
51
253
12
74
21
170
212
75
421
73
445
63
4
295
23
1085
19
214
136
197
9
196
15
188
153
34
145
8
88
38
212
26
93
20
266
35
784
72
74
390
161
285
356
81
310
277
314
196
144
98
152
26
380
1
138
216
51
703
31
258
46
13
40
144
194
695
119
65
610
11
9
282
110
429
1258
4
309
287
45
187
74
240
276
76
357
6
146
102
131
49
20
191
476
730
355
543
181
57
61
48
32
40
151
260
14
231
24
493
813
216
151
21
290
126
61
189
156
304
184
33
12
97
200
218
90
1337
21
209
59
304
84
48
152
144
8
252
106
32
804
84
42
288
170
126
146
156
67
28
93
354
337
130
10
547
27
156
69
233
16
29
474
105
568
61
529
85
114
425
257
48
146
81
11
388
251
74
158
264
25
240
166
46
341
31
450
74
3
205
65
14
117
20
46
516
108
12
1
119
38
185
189
323
252
199
16
45
556
112
37
353
35
424
46
103
400
29
95
456
388
15
265
192
131
118
29
21
48
2
59
10
72
131
7
321
224
248
182
145
339
387
12
174
461
587
49
99
324
217
196
17
68
216
530
74
11
79
9
223
398
58
7
371
127
81
68
13
171
284
327
1664
146
364
49
248
536
446
94
185
15
34
23
42
9
624
701
167
201
19
184
85
2
204
153
3
487
42
3
104
242
230
260
76
324
367
1196
475
530
112
70
602
247
59
202
151
586
52
329
67
64
75
372
315
91
271
318
44
125
74
44
198
112
23
55
180
6
159
22
355
220
807
113
327
84
349
93
98
518
122
53
357
199
312
30
217
286
378
239
137
158
37
38
135
51
96
11
114
30
396
170
23
3
246
19
2
43
610
339
1129
960
86
438
10
581
153
43
165
23
700
648
135
40
120
188
252
211
165
263
472
228
471
312
83
516
127
107
406
16
551
336
173
60
79
59
51
13
299
14
16
106
357
35
51
769
16
150
2
92
114
227
159
311
4
132
18
123
386
101
38
104
71
162
75
508
151
214
31
106
662
34
275
299
425
240
49
33
37
68
7
25
138
31
91
44
287
256
420
289
38
408
35
40
297
170
86
67
344
62
9
4
293
48
22
101
66
363
119
136
17
180
112
277
710
48
361
51
486
519
51
17
116
144
163
1
78
270
333
263
300
20
199
142
16
76
194
163
497
226
93
104
94
136
313
45
319
351
461
313
126
382
182
274
104
373
158
13
27
67
306
279
239
1
19
20
992
466
290
207
99
34
465
404
367
96
240
138
198
288
731
106
205
186
113
42
151
53
305
30
168
287
79
510
182
231
13
175
373
275
628
29
5
14
115
127
132
910
237
293
369
207
557
41
406
200
31
535
915
430
99
192
64
18
125
488
48
235
219
95
39
675
178
182
381
7
353
96
147
104
68
53
152
548
31
333
326
257
21
180
234
381
652
127
15
142
43
135
987
106
134
129
274
5
5
238
203
154
105
94
102
9
610
45
144
595
105
177
77
3
214
425
57
7
164
60
2
194
128
