274
191
186
9
98
68
199
112
31
99
378
48
87
103
461
323
85
44
6
91
100
27
50
76
206
8
146
49
346
17
7
216
441
181
154
75
90
8
48
190
154
30
105
68
86
66
1025
58
7
80
38
879
85
351
67
3
178
416
172
138
18
151
83
215
90
18
124
3
334
14
347
17
573
67
138
195
5
313
59
5
70
21
74
506
145
125
318
202
1136
202
628
155
441
391
121
528
534
147
367
146
92
56
198
23
66
331
487
175
3
260
10
288
599
317
76
63
79
143
17
564
81
218
95
557
44
680
108
22
126
9
730
220
59
206
27
558
168
109
69
1
173
22
19
17
500
112
513
188
321
213
335
216
35
5
101
292
156
747
189
295
535
150
2
296
66
170
35
308
482
154
24
42
161
31
113
163
46
255
239
878
158
334
2
136
29
137
108
166
13
52
290
141
95
163
554
191
394
161
505
357
144
72
245
480
92
73
130
271
477
27
11
503
297
24
7
22
1
175
232
81
135
66
606
360
602
115
179
118
1233
77
568
52
223
171
55
105
11
59
704
34
52
322
54
98
67
452
176
28
188
139
72
160
33
485
177
62
455
43
208
733
69
353
22
21
300
551
261
100
52
425
1332
66
119
201
88
367
127
269
252
38
451
43
43
35
635
26
112
62
160
168
198
101
528
61
192
148
76
230
6
9
24
68
999
173
612
52
86
46
77
111
343
329
440
75
30
172
112
26
175
65
84
5
454
90
239
3
12
166
392
357
367
2
140
322
262
127
50
461
2
399
107
622
200
171
252
54
288
227
216
85
136
245
314
267
219
984
740
237
78
57
18
25
248
102
335
657
79
85
344
237
645
228
531
164
52
853
181
12
154
342
89
119
607
545
147
189
804
435
266
31
222
169
282
962
5
327
7
155
56
171
108
92
229
770
203
224
8
148
362
179
288
338
333
72
20
74
54
61
275
22
157
103
237
135
264
199
4
65
282
142
70
133
289
101
134
163
455
643
350
197
376
93
184
622
478
1294
102
31
270
6
240
38
164
276
82
585
676
514
288
83
36
15
194
94
252
735
157
226
221
72
243
255
28
206
10
1153
28
374
232
251
554
665
110
19
153
222
415
362
141
131
41
762
6
208
255
143
50
5
381
15
139
315
27
42
64
96
573
36
159
93
26
68
339
371
84
79
343
414
561
7
134
200
8
215
261
411
114
29
74
38
61
584
154
280
439
96
673
63
723
34
357
78
49
16
125
35
262
339
88
68
139
92
33
110
553
74
51
185
550
119
26
294
127
690
146
253
30
196
929
252
221
27
56
220
347
64
12
27
243
680
226
12
412
213
342
195
81
78
16
494
284
198
420
449
3
66
297
117
89
48
51
379
102
248
202
176
31
7
412
221
50
211
482
156
249
221
496
251
145
168
114
22
291
341
467
81
62
133
52
455
96
103
197
144
97
3
123
131
245
136
65
116
17
48
303
79
5
34
631
464
197
95
10
226
38
28
189
179
123
219
104
65
95
110
63
63
228
181
283
761
104
269
258
329
542
123
185
49
32
346
161
23
209
164
58
93
154
206
141
461
214
90
107
995
400
128
73
102
44
140
36
496
126
369
301
388
63
224
68
52
299
89
103
741
105
96
793
29
280
105
43
46
298
180
647
225
245
255
782
471
225
55
486
88
125
361
17
101
109
185
82
184
570
107
73
398
169
177
290
28
15
117
90
38
167
366
86
37
23
72
206
142
249
301
348
170
75
255
95
577
165
126
378
317
5
187
33
379
211
97
257
279
16
264
326
40
198
12
128
157
189
76
262
205
271
167
77
14
63
127
140
277
254
601
146
133
269
150
508
265
3
121
169
186
240
55
104
81
105
215
340
18
25
368
294
125
9
145
105
159
559
5
98
295
282
47
195
167
34
263
240
7
375
558
190
145
49
422
30
121
43
156
126
71
386
501
99
387
267
1
237
620
63
69
10
234
96
403
10
34
225
274
211
736
46
123
281
148
56
161
16
18
23
12
21
466
105
163
73
105
314
439
95
117
160
32
189
471
32
3
61
172
12
14
10
148
712
21
136
445
276
25
95
130
28
8
740
374
242
267
81
113
4
133
59
95
108
117
66
153
118
49
81
100
99
34
56
85
428
106
489
23
7
105
72
190
17
303
678
68
1352
104
94
644
15
174
244
88
376
863
91
108
148
138
506
91
25
118
237
357
143
108
243
395
279
50
46
42
193
9
150
186
490
131
113
275
117
113
250
41
36
169
60
22
124
91
65
135
5
82
577
21
66
187
30
17
451
78
150
193
58
13
245
102
103
371
182
60
132
290
384
436
7
565
122
406
42
299
59
692
52
45
202
676
119
575
19
451
324
121
331
7
79
156
33
132
283
88
13
231
92
298
70
253
124
346
157
247
128
39
68
53
47
94
140
887
27
385
4
220
34
78
230
69
8
209
20
455
197
358
22
538
30
26
314
30
325
470
45
82
530
125
107
514
298
37
93
113
61
54
882
696
732
181
416
620
109
5
93
450
997
15
20
197
212
562
246
357
283
375
44
39
5
3
61
477
19
388
37
65
211
121
209
181
202
513
46
78
89
299
106
593
42
356
141
24
204
353
859
245
91
65
103
97
10
224
12
63
208
230
460
52
544
84
57
164
374
492
178
101
170
131
52
279
437
368
460
120
212
389
39
420
2
310
298
344
34
277
189
73
72
396
230
250
180
46
193
19
219
33
7
476
201
41
114
49
23
321
542
112
22
166
104
235
107
594
94
17
82
5
82
154
54
172
253
406
607
340
45
202
136
41
201
72
611
103
55
126
46
93
88
156
52
607
105
243
215
70
84
124
109
272
54
245
818
758
72
163
41
108
5
408
15
150
180
271
308
25
118
385
433
43
3
3
27
139
143
236
34
78
521
970
19
198
471
293
111
41
347
88
71
250
240
227
134
223
44
24
53
303
117
591
46
407
360
300
263
34
199
214
219
142
123
108
393
395
155
466
301
68
293
166
33
437
119
36
39
15
354
4
53
75
50
153
158
724
391
136
347
78
65
334
69
69
93
43
21
22
507
140
187
84
251
44
119
176
17
214
487
34
671
296
172
22
90
190
210
10
47
155
5
441
161
179
130
17
42
140
4
127
113
40
344
94
82
898
263
508
932
240
335
74
39
111
450
2
9
106
182
183
21
1
322
46
36
208
4
59
147
57
220
165
8
296
222
96
99
101
99
132
41
11
83
455
27
260
216
90
7
93
333
24
377
246
124
19
101
382
10
34
18
9
566
114
74
80
278
78
273
178
213
78
56
237
72
59
167
35
43
605
234
33
12
6
391
39
36
349
30
71
9
22
228
51
175
194
104
25
1
29
86
123
186
638
87
355
375
226
88
498
211
10
739
201
119
296
199
218
465
39
412
69
346
96
47
377
39
25
17
198
246
251
58
193
35
99
69
420
127
114
114
494
9
95
116
493
115
257
283
30
147
90
223
91
164
55
218
235
31
101
230
170
136
549
177
101
16
15
113
128
2
287
374
310
50
32
52
76
345
55
520
69
243
17
46
60
285
463
28
56
286
98
33
411
80
203
181
360
682
524
264
128
208
405
255
434
408
6
16
91
276
204
501
148
778
135
262
576
65
163
304
253
31
139
5
225
151
196
185
245
67
91
284
608
467
519
67
66
153
34
75
348
241
49
188
668
257
52
22
185
73
91
454
9
57
188
111
85
279
223
7
136
77
55
214
46
212
17
389
289
180
30
408
218
142
54
674
124
32
100
300
205
99
121
370
410
417
11
17
126
1691
151
101
102
48
450
39
272
23
116
384
369
63
12
62
16
85
507
11
170
77
160
313
225
107
501
17
169
226
207
73
362
193
471
73
86
579
28
214
71
342
19
303
272
198
122
188
128
261
128
5
174
29
272
305
160
185
348
35
51
30
219
2
130
71
133
124
781
85
49
6
343
236
16
55
107
177
86
188
132
147
12
28
135
85
129
789
79
153
47
265
203
181
397
236
199
14
504
218
214
16
457
345
130
698
107
520
145
459
50
168
615
517
331
249
4
156
255
48
64
26
14
157
83
51
122
123
278
73
352
322
122
216
97
34
214
55
21
198
115
36
4
95
618
135
358
48
183
35
517
443
456
192
95
110
167
10
28
1149
145
263
322
387
39
119
86
275
677
113
18
52
65
348
36
150
294
24
46
34
101
131
1
7
483
201
17
72
67
533
8
179
343
107
100
479
81
207
578
462
53
346
69
244
388
37
161
21
470
4
641
38
67
196
81
55
57
25
16
46
39
174
325
26
302
282
28
28
35
69
308
148
135
7
190
27
253
79
154
292
18
318
25
760
383
164
291
247
13
88
59
57
201
160
149
12
257
144
142
309
190
65
619
22
3
4
492
213
25
63
577
324
57
92
208
98
109
20
195
55
257
791
121
204
304
54
283
127
47
301
930
54
91
82
2
268
65
20
6
161
7
342
15
14
162
1194
140
72
4
430
235
48
348
753
134
233
121
421
153
3
1239
918
3
533
327
9
678
23
770
468
275
37
36
203
231
4
99
72
183
258
100
111
51
188
39
218
32
313
46
165
87
576
19
543
701
109
10
341
78
135
9
118
373
567
495
52
3
243
85
53
348
277
4
13
609
1
321
245
41
116
74
48
40
24
229
266
55
83
494
516
7
280
186
11
12
109
113
567
289
295
57
18
7
166
17
753
14
167
593
25
75
49
286
183
122
605
47
400
33
112
648
127
150
91
5
107
19
53
165
705
22
123
26
141
9
118
134
45
53
12
19
56
52
329
63
84
17
141
75
30
4
143
120
103
244
97
400
158
193
22
412
87
222
181
53
131
209
295
401
186
172
351
456
307
179
777
63
450
113
101
384
246
25
143
91
147
531
123
534
344
67
389
215
687
172
188
9
82
189
3
163
477
242
356
68
307
6
185
475
167
86
379
507
17
235
117
107
124
8
366
53
612
241
104
523
156
101
147
59
277
216
258
198
221
227
188
93
197
28
204
11
137
32
229
336
22
607
107
3
244
81
91
1453
1222
119
281
104
204
39
552
294
268
136
169
390
69
9
71
137
8
127
31
68
226
184
72
11
644
18
200
75
174
175
125
230
88
16
2
155
225
113
15
259
216
300
71
276
5
326
199
49
19
173
59
508
574
653
248
94
42
55
99
36
59
7
37
602
294
22
89
136
470
31
255
126
51
32
274
147
632
114
516
76
45
628
52
761
717
595
143
269
217
155
17
33
273
100
21
235
80
3
20
33
112
289
66
166
129
47
390
23
6
423
22
309
27
17
99
45
68
276
441
78
184
14
41
168
468
364
125
2
124
63
185
25
41
49
268
318
330
151
217
38
3
161
226
374
715
97
38
10
57
3
202
147
170
427
66
114
115
4
17
53
580
69
88
245
662
435
226
39
628
215
67
19
156
81
276
527
42
66
22
244
14
403
27
584
132
3
9
133
429
11
85
461
458
127
520
661
102
202
63
500
1
22
560
599
15
171
4
232
164
32
313
14
316
468
80
114
175
121
54
38
202
146
60
302
308
38
738
209
631
311
69
128
93
83
577
169
494
20
304
973
51
80
607
281
80
41
337
7
127
36
252
222
518
128
104
376
106
258
61
54
662
31
21
137
347
345
243
131
53
39
507
552
215
31
99
22
106
55
272
3
17
17
116
406
352
116
702
74
512
113
204
505
173
644
209
408
130
655
252
540
3
176
502
353
231
411
1
37
194
14
404
402
242
23
121
96
61
105
263
172
342
164
10
193
326
746
137
236
306
33
172
453
22
156
378
44
128
292
304
256
99
29
154
71
625
23
448
151
1006
361
13
69
548
84
151
675
136
100
304
66
156
265
700
13
42
268
95
309
150
11
335
61
829
96
233
55
340
502
1282
92
198
213
501
74
121
899
49
75
83
421
57
37
450
9
228
351
320
84
293
167
242
502
65
1047
149
46
391
350
182
88
20
217
192
61
403
245
457
225
82
261
417
171
50
24
80
91
174
80
73
777
417
251
44
148
117
386
680
133
40
113
616
43
185
447
59
148
12
297
30
156
47
2
134
19
197
18
224
640
204
104
504
282
32
205
159
955
230
135
25
166
92
201
443
37
9
63
227
293
54
6
99
241
56
212
101
137
901
66
22
13
502
195
248
55
198
664
208
111
121
62
190
58
272
54
280
1
3
247
412
331
269
43
46
54
605
451
221
85
109
23
28
395
172
61
172
125
610
149
251
430
76
64
603
351
49
60
52
95
53
390
217
483
141
51
132
43
546
228
50
210
195
44
195
152
393
78
63
567
87
97
79
104
475
76
125
9
69
556
87
560
132
16
252
341
12
69
127
178
437
223
324
443
463
101
305
47
25
148
95
207
211
340
102
921
763
494
81
24
13
266
137
75
216
114
159
269
146
302
280
108
183
59
4
5
33
295
35
893
299
73
82
4
62
78
43
189
90
77
169
257
50
79
98
18
277
270
146
88
185
70
62
199
599
151
75
126
383
189
205
610
95
349
111
712
47
192
73
47
882
133
10
7
11
185
18
337
353
141
345
330
192
217
66
33
502
77
665
23
21
109
127
31
155
630
293
444
18
200
233
235
423
20
129
216
115
230
1310
5
15
674
142
253
126
521
108
416
171
36
24
74
161
498
50
165
829
71
81
197
20
148
200
547
34
159
102
242
372
459
426
48
266
16
125
37
207
86
204
218
17
77
259
449
136
11
342
44
149
35
521
136
6
216
294
311
5
653
50
253
85
323
351
368
42
142
110
250
56
106
58
86
239
288
197
35
303
746
153
880
14
169
46
67
63
202
17
14
307
39
39
268
181
35
65
84
418
211
627
94
562
336
470
260
296
44
128
411
409
16
728
393
185
68
219
58
327
60
438
161
372
270
88
61
380
669
2
26
87
193
135
206
4
129
180
169
280
6
297
61
338
599
21
237
54
298
209
27
47
162
387
1268
236
539
226
59
631
110
34
155
58
55
67
131
86
152
213
190
39
99
417
7
60
107
44
85
33
51
84
20
205
296
994
28
488
274
502
34
89
651
41
563
75
12
118
74
99
84
294
166
226
31
723
87
115
139
503
204
196
156
296
344
409
95
213
198
42
443
237
407
18
52
482
201
89
84
520
7
47
130
667
20
777
381
22
398
41
127
58
91
7
87
336
117
58
12
154
35
68
321
124
292
294
17
135
444
75
17
147
3
119
264
187
375
471
329
32
224
513
313
147
66
381
1
41
163
261
246
229
87
17
193
149
238
201
186
112
649
43
688
403
19
90
27
106
115
92
4
351
89
226
35
102
26
201
161
116
53
376
122
128
321
149
49
6
649
136
22
168
12
23
115
119
166
308
421
113
118
94
48
250
657
12
132
476
172
9
309
885
2
274
205
202
14
228
40
649
86
282
21
21
89
59
196
178
46
33
119
15
109
6
362
49
1
62
442
105
78
343
46
16
437
33
347
57
234
234
340
35
22
112
78
162
4
553
99
123
59
135
139
15
419
146
12
180
125
24
266
183
883
338
6
318
86
99
303
253
37
320
33
72
567
23
268
332
34
157
76
16
112
110
509
145
74
30
277
562
315
816
174
154
40
666
42
17
83
96
142
333
742
84
504
469
11
789
148
19
391
163
237
68
453
35
344
372
37
64
149
46
490
410
48
187
129
71
87
250
61
199
51
199
161
274
179
83
20
365
15
597
42
162
158
326
75
143
148
351
417
100
240
37
49
88
204
160
105
568
438
75
2
57
89
194
74
155
84
328
41
12
936
73
37
47
185
37
310
424
169
176
356
16
76
126
162
191
17
118
136
24
448
85
514
529
169
170
193
82
16
91
498
188
27
105
311
68
78
288
480
61
257
174
101
734
28
171
61
107
762
252
47
27
40
27
353
701
259
195
354
371
104
480
88
13
145
380
5
208
415
349
263
57
682
193
455
388
194
327
28
26
1058
28
1
97
67
326
3
60
501
58
60
411
221
40
6
169
116
170
316
55
33
113
299
4
139
378
203
168
814
78
109
231
3
316
69
98
120
96
52
63
123
64
42
77
509
286
550
449
97
390
2
25
288
139
7
86
270
292
429
12
29
29
409
219
27
37
125
261
211
237
242
17
410
391
413
38
561
16
157
95
12
81
154
106
8
315
644
192
79
48
412
90
244
19
230
45
209
10
406
21
172
113
28
88
472
146
152
147
49
103
312
659
96
686
49
90
6
505
135
305
24
90
334
189
11
416
149
7
27
173
358
65
199
27
223
90
150
22
89
156
635
380
17
41
142
16
381
71
135
81
4
104
39
272
414
8
55
8
155
135
73
56
209
30
559
30
660
597
500
333
141
143
22
96
66
38
318
77
50
202
498
77
106
202
332
51
46
611
13
595
81
138
35
415
170
208
86
239
22
170
133
41
23
316
70
318
273
208
356
237
15
452
144
6
1
50
149
5
487
302
5
366
775
174
435
207
362
408
109
391
215
63
373
22
59
381
460
271
65
517
108
160
24
231
44
113
181
139
12
231
17
4
89
299
6
373
449
15
204
660
115
150
222
226
370
321
4
55
2
246
35
496
168
170
6
246
188
90
124
105
86
26
285
65
2
221
137
1
334
3
32
39
103
119
206
6
154
372
112
185
112
6
31
27
149
319
128
284
24
133
85
127
171
168
668
57
204
64
392
87
134
226
136
380
6
49
160
31
46
34
135
232
228
425
116
210
277
184
13
261
309
77
121
329
26
192
232
252
201
43
16
307
935
189
306
111
286
62
367
118
84
873
38
79
2
68
269
40
490
243
98
185
112
49
126
29
178
45
419
168
20
399
165
315
186
247
20
113
279
418
111
558
218
592
108
119
92
24
44
1400
494
37
1
123
161
96
151
287
334
177
125
303
370
173
47
123
361
46
123
135
425
37
230
54
23
816
28
17
120
13
115
901
405
104
114
126
101
388
60
178
353
104
83
109
109
126
95
121
104
229
451
79
269
24
126
151
349
97
44
81
209
236
160
194
22
36
40
445
485
152
270
24
466
188
91
213
17
139
439
11
60
13
96
274
206
145
21
192
42
306
121
110
17
102
21
645
39
155
244
21
296
30
150
110
145
143
93
269
326
139
9
24
161
187
397
216
195
7
89
426
310
35
255
212
175
109
24
221
381
719
115
152
93
58
205
45
91
282
35
6
68
28
185
20
222
545
60
14
112
35
143
73
113
363
305
109
249
366
19
1159
26
57
303
272
336
69
170
259
94
84
138
644
579
435
325
9
47
1298
121
12
151
55
65
124
33
131
100
49
272
177
1860
318
44
134
22
93
540
149
67
405
225
186
26
17
481
28
85
189
827
21
72
342
25
124
378
147
42
21
63
199
220
114
65
140
137
37
272
34
65
11
45
20
198
52
266
4
7
9
101
7
7
411
196
202
20
378
449
55
3
9
22
83
44
960
352
35
222
21
3
487
23
355
50
123
327
54
4
140
440
224
184
30
190
74
49
427
19
65
157
737
73
3
163
25
288
257
5
97
175
115
40
171
107
211
246
191
1
989
189
87
290
448
14
87
43
269
363
5
118
125
101
227
703
11
59
349
145
525
248
105
76
233
137
33
456
34
139
333
53
50
27
130
222
113
91
241
126
361
49
198
51
678
146
439
29
156
316
114
77
280
44
9
38
238
38
282
813
344
465
432
257
663
31
441
81
386
158
311
85
191
10
85
48
43
121
274
28
47
269
910
286
42
62
241
222
210
100
177
333
759
231
63
525
200
48
235
44
171
26
352
641
116
1
524
477
98
46
758
148
27
197
208
33
15
35
97
159
17
74
574
56
316
19
967
145
677
384
16
112
376
17
193
214
3
254
50
151
204
57
480
18
248
619
205
141
15
185
235
291
408
7
49
383
67
343
225
93
12
161
80
478
296
403
161
1
97
317
34
4
442
150
123
344
255
45
76
172
253
303
335
139
54
219
438
572
73
13
152
183
79
289
364
56
69
105
193
308
576
329
294
6
495
122
30
565
61
320
19
341
93
85
153
32
269
59
155
151
162
124
92
151
164
490
16
279
43
19
103
2
113
70
41
547
83
495
10
425
301
35
138
108
55
109
53
76
69
357
362
85
174
29
179
244
409
101
192
129
23
294
15
452
518
295
194
361
198
60
445
70
13
219
33
62
96
184
425
370
32
99
160
372
294
216
43
434
258
170
26
38
142
301
103
439
378
250
99
156
20
71
654
11
58
214
283
890
230
586
10
302
447
445
154
45
89
21
290
12
518
295
86
76
250
476
282
210
694
170
450
176
430
80
32
56
337
120
27
501
448
893
438
101
130
64
277
74
108
694
135
106
196
70
32
23
435
111
19
12
102
285
204
49
1
22
502
40
175
81
34
24
180
259
35
40
39
112
54
294
403
62
32
93
76
106
125
123
7
13
598
47
178
219
49
105
69
372
90
99
254
162
357
84
47
196
48
368
195
54
30
506
129
117
22
173
363
88
83
1
1251
4
133
110
84
206
75
369
113
58
29
192
264
83
57
22
3
194
773
73
304
149
230
328
370
114
78
429
93
82
462
21
131
682
114
54
322
3
244
533
608
134
141
355
130
409
173
187
26
26
1
252
697
24
47
43
111
200
92
91
115
149
96
329
3
10
27
102
119
15
65
320
53
40
79
48
33
76
21
306
134
1211
105
116
373
291
28
167
145
473
99
75
484
15
21
514
784
408
133
440
25
16
866
69
132
113
10
37
69
319
39
66
507
181
494
12
106
55
642
28
59
179
29
56
1
16
124
625
185
142
8
457
726
59
471
678
289
333
248
77
306
107
63
127
14
257
374
94
2
54
76
325
194
134
557
429
63
199
828
29
604
142
435
362
158
327
41
24
803
89
610
140
391
53
544
114
105
217
23
104
80
119
448
53
116
409
268
42
187
302
62
102
550
433
274
81
233
457
16
260
433
171
1
303
19
66
342
756
67
35
46
100
105
147
137
299
98
131
13
78
62
156
1
108
76
26
491
55
187
220
506
152
14
116
234
113
97
167
219
198
414
115
53
314
192
16
2
144
691
149
5
225
354
471
770
171
230
38
68
192
382
49
35
656
611
102
111
595
2
12
74
199
44
39
425
67
229
240
107
55
159
231
85
381
53
349
18
697
134
121
86
281
76
193
77
39
358
89
50
11
168
240
226
560
25
153
116
284
218
603
317
128
78
23
81
227
273
52
68
112
3
386
41
35
53
496
6
11
349
246
232
226
1
101
319
56
84
29
306
81
705
89
78
120
82
105
438
44
889
1
218
133
99
268
127
160
40
26
1444
40
453
69
4
704
189
6
305
538
112
15
99
83
88
107
60
26
131
221
142
224
524
4
94
103
181
526
128
409
18
47
11
418
390
114
2
74
5
117
374
29
293
460
77
80
488
175
671
36
133
119
66
176
403
20
227
34
118
255
12
67
49
27
19
38
90
495
10
67
48
120
69
226
186
215
53
15
18
70
450
651
520
288
437
201
122
9
522
117
184
425
226
37
41
318
24
340
480
1600
23
240
143
366
146
26
4
366
97
164
208
619
180
200
51
23
189
268
234
196
167
225
168
205
98
26
559
21
47
67
365
106
295
177
173
90
3
269
566
108
196
1040
264
532
242
1
207
117
77
7
472
173
28
904
240
242
352
642
307
448
170
282
82
83
45
44
111
267
93
149
31
341
99
331
333
165
614
192
69
44
128
425
308
189
60
54
41
54
55
256
90
1328
132
31
114
120
35
837
104
214
61
42
53
624
254
207
238
33
40
274
25
61
30
380
88
101
222
890
13
429
122
216
214
47
76
15
1176
415
1
207
49
303
125
36
226
45
55
92
157
797
70
93
489
2
641
268
767
172
43
153
47
277
456
58
1133
67
153
431
277
49
228
16
455
265
371
181
298
101
38
12
392
70
78
45
78
63
42
163
94
289
264
428
88
107
177
40
13
598
244
208
58
154
264
103
359
25
90
88
224
384
82
4
133
73
91
212
349
86
217
153
182
157
73
286
14
506
30
91
392
479
132
30
460
96
71
638
281
134
15
6
90
87
30
296
190
43
198
410
276
5
337
27
10
123
1
191
279
307
281
540
284
351
193
393
595
280
23
75
262
99
27
494
224
30
174
12
296
24
106
251
61
149
223
1069
125
7
6
188
223
898
55
53
124
83
623
7
135
28
132
54
39
77
282
10
68
548
62
348
370
40
21
289
94
169
387
7
568
275
219
198
510
847
849
354
4
10
113
181
122
120
84
259
386
276
74
37
257
519
97
60
9
133
40
76
593
82
174
85
479
13
72
64
119
238
804
144
341
151
16
45
197
29
44
1
404
26
47
263
86
290
253
279
564
19
53
98
230
126
213
59
31
104
105
403
8
142
333
67
183
78
3
53
196
12
33
137
217
366
750
517
92
172
208
502
116
3
508
247
27
18
131
74
283
35
163
119
76
66
208
91
117
559
124
299
495
170
476
392
6
68
54
207
363
615
31
179
316
59
4
270
215
291
11
62
50
240
107
297
286
83
60
46
293
391
267
210
335
139
283
677
21
331
235
143
211
632
296
345
183
300
97
211
147
170
654
23
81
85
265
78
235
132
2
122
86
151
56
97
127
27
176
476
88
254
33
386
160
26
239
425
314
144
684
82
304
5
100
8
58
103
93
69
63
721
388
1
69
92
130
53
425
47
413
946
193
72
143
268
26
114
221
60
215
90
339
103
91
22
26
127
125
30
62
181
138
157
87
587
10
283
8
35
441
700
238
275
12
334
289
535
307
94
7
214
346
43
15
39
7
67
145
10
335
311
124
400
52
102
202
183
111
12
187
387
41
23
253
503
39
126
1131
528
340
410
266
2
60
378
664
247
101
132
157
194
130
165
19
122
34
46
120
138
164
175
691
262
68
306
46
129
352
124
98
569
81
82
74
122
65
29
350
292
462
22
287
62
794
198
93
115
333
22
27
102
550
200
1191
472
173
198
2
183
48
601
47
463
69
202
426
91
153
349
16
360
371
2
79
66
44
29
202
182
174
243
178
64
99
125
217
52
63
271
172
237
413
14
354
122
135
25
39
76
8
221
53
25
90
154
734
39
82
43
69
120
232
17
88
76
19
74
5
61
111
238
623
97
234
456
247
719
174
178
142
24
28
94
466
153
116
134
12
227
598
423
373
49
44
305
157
540
163
90
55
68
575
150
305
140
447
146
103
156
11
82
310
296
138
198
311
261
462
30
138
272
580
58
462
376
5
344
386
285
211
312
164
73
173
269
67
25
11
621
163
654
54
21
147
155
40
17
234
13
108
50
352
154
166
78
34
1
509
228
180
205
172
263
79
7
496
75
68
139
19
49
493
289
75
22
323
400
158
86
136
189
139
614
37
119
100
16
99
16
136
75
212
207
423
68
733
488
101
232
47
33
60
63
75
42
71
7
78
113
78
6
41
38
142
3
54
17
90
130
136
34
39
30
147
12
122
154
9
22
70
300
12
307
36
12
228
44
14
8
92
28
170
219
368
62
206
157
81
61
278
117
116
15
61
10
65
97
156
144
32
128
267
662
117
82
277
134
8
126
76
277
341
16
241
317
203
27
581
36
92
7
39
406
72
90
426
101
184
85
251
53
2
193
233
21
165
630
75
116
141
104
187
60
32
185
124
482
359
243
74
617
355
216
182
193
55
67
2
3
285
437
459
222
117
390
630
139
46
5
132
283
69
26
81
26
107
61
595
129
315
224
124
129
337
195
79
147
144
340
122
43
191
37
91
302
87
50
45
624
288
26
56
60
243
122
265
93
67
345
186
499
684
112
800
272
1
193
2
95
129
214
443
242
198
169
253
128
270
122
494
257
49
12
479
256
29
663
446
143
3
64
47
207
467
16
69
58
224
169
203
607
167
49
342
296
371
233
497
202
239
7
117
150
29
403
33
473
18
505
268
139
117
348
441
5
55
117
208
646
237
189
163
860
80
199
178
22
482
83
60
27
106
31
688
165
231
315
764
152
28
77
9
303
4
462
25
99
251
17
35
71
152
22
117
41
100
278
100
409
14
166
99
288
36
235
147
134
201
72
272
67
624
403
108
59
295
32
245
12
33
60
304
35
56
190
78
51
133
33
62
248
30
190
69
83
80
72
722
116
82
17
31
352
82
1248
79
71
81
113
336
71
129
614
73
491
132
564
166
271
112
25
20
263
163
643
69
192
94
78
9
4
266
5
49
311
29
396
14
279
521
353
569
89
240
417
93
101
136
21
425
88
29
213
182
143
84
71
15
79
401
337
68
68
96
61
87
287
75
79
308
529
91
209
551
119
535
118
124
469
25
76
80
206
190
139
85
20
22
155
205
35
122
164
25
314
104
28
65
76
519
743
129
188
13
104
855
282
95
326
459
49
309
8
74
34
648
20
276
972
10
333
91
310
450
13
294
153
155
43
13
764
26
25
696
8
4
367
196
112
82
335
388
169
151
576
165
106
95
185
14
44
747
124
591
374
6
153
85
924
23
51
26
60
31
299
578
554
357
485
260
177
42
10
85
226
663
491
40
448
33
478
100
33
68
13
116
558
312
502
299
23
5
51
49
196
78
236
510
136
238
318
146
77
112
333
51
252
74
12
179
14
216
191
224
302
647
100
52
204
48
414
368
69
329
103
119
146
20
81
63
88
100
437
162
231
200
25
44
81
92
239
170
85
97
9
238
128
176
124
12
134
111
297
36
113
164
45
63
85
762
407
42
212
72
324
278
245
126
239
322
206
158
95
56
28
449
52
19
18
82
135
1085
1067
203
250
48
409
744
62
126
133
180
47
268
753
101
93
88
97
241
2
112
53
366
393
13
299
383
550
81
586
752
511
130
206
37
141
69
114
88
129
38
68
209
669
335
99
55
207
671
225
43
51
75
34
363
28
366
194
4
205
267
383
418
109
62
416
110
228
164
105
173
492
409
14
586
130
33
109
1047
451
147
145
450
54
150
530
256
96
258
652
55
154
127
14
901
392
126
24
458
136
3
159
28
453
96
21
99
321
83
14
108
189
72
328
386
212
1040
161
63
8
48
14
125
156
152
78
402
84
158
267
43
477
138
17
18
586
402
208
690
245
325
315
376
139
546
108
48
325
130
131
386
263
30
38
262
68
300
346
211
40
69
23
855
192
236
238
22
337
365
517
292
234
337
157
53
135
100
42
46
266
174
204
116
79
230
133
38
27
452
54
18
498
383
155
14
6
28
166
121
125
33
28
686
654
134
253
23
257
933
507
34
49
283
113
175
437
94
40
3
27
111
243
136
73
250
81
73
61
41
74
883
17
1
107
368
122
306
43
182
167
97
102
134
261
72
255
114
253
17
103
170
18
276
357
328
75
243
271
223
37
14
8
35
13
532
475
282
338
139
74
111
184
172
90
251
130
87
368
273
79
3
60
62
140
18
241
157
29
1045
1941
52
73
367
76
1
8
344
246
38
107
69
415
480
198
483
150
120
99
441
182
378
116
263
355
185
189
143
380
337
41
23
73
28
631
106
40
36
373
464
424
205
81
203
39
636
221
17
170
100
21
272
61
230
4
29
38
41
89
524
72
80
19
462
343
197
28
149
30
403
157
274
123
339
97
420
633
16
655
24
34
84
697
173
170
297
50
124
72
241
104
21
153
99
240
174
230
13
152
298
37
553
106
63
118
115
18
43
116
90
675
98
439
42
17
487
270
56
115
73
45
581
29
194
138
431
17
237
1323
417
190
181
246
315
571
261
331
83
229
181
74
140
89
197
92
490
53
22
118
322
65
181
351
322
211
548
193
73
145
30
366
182
148
61
226
118
389
262
136
121
30
623
251
310
6
443
31
182
538
85
361
285
165
187
23
55
300
81
305
266
145
31
57
377
30
469
121
139
19
50
105
321
28
816
68
20
21
179
274
106
111
232
149
5
82
636
548
82
11
566
86
376
320
68
53
87
12
133
438
34
308
134
112
138
13
53
25
445
450
130
222
193
215
4
183
17
399
191
38
58
261
267
31
484
74
139
297
496
178
335
72
46
79
38
102
284
9
19
287
58
717
209
95
174
74
15
188
6
197
424
208
57
312
154
124
313
47
10
342
120
290
158
131
7
71
56
30
431
505
328
60
352
22
155
73
277
289
109
174
158
78
104
35
220
536
1
15
571
416
155
68
613
84
39
227
195
142
7
113
65
56
123
21
422
63
539
375
223
30
133
1
487
405
41
132
652
168
203
45
108
477
535
13
147
305
11
197
158
875
45
6
110
68
770
59
58
230
635
95
889
60
151
362
1201
104
162
86
222
355
317
161
391
27
148
1054
81
66
88
145
707
814
282
211
485
10
30
35
97
296
18
54
114
222
216
142
62
68
45
124
110
171
220
72
141
164
606
491
227
267
25
2
216
642
12
901
110
53
158
257
76
40
28
259
360
206
352
499
300
20
31
140
587
92
69
18
42
127
47
188
525
304
46
54
686
184
315
243
260
63
219
76
221
296
57
28
24
35
354
112
41
189
276
23
13
141
158
2
81
79
196
366
161
284
84
323
371
334
3
109
238
76
320
301
223
199
554
230
67
515
72
419
259
387
267
453
231
895
34
210
641
344
404
82
24
263
18
295
353
250
20
266
67
54
20
111
30
11
11
187
123
90
260
167
58
13
35
118
341
160
235
12
229
403
636
318
61
131
360
231
13
207
296
49
160
190
153
8
130
167
297
17
362
189
113
63
42
222
109
72
167
202
165
274
244
180
60
435
281
142
373
159
64
37
24
101
206
282
639
390
238
470
204
60
253
152
176
51
166
89
60
901
27
105
5
238
353
86
128
56
114
7
47
361
305
12
154
297
322
234
10
188
99
6
149
60
135
245
45
31
1722
3
291
951
302
277
40
89
120
238
209
127
53
950
382
136
144
75
320
349
90
34
76
130
275
24
210
37
204
113
29
46
250
266
94
290
491
62
673
214
162
112
39
30
42
9
165
536
712
32
1
911
280
191
28
25
163
161
174
9
270
253
19
11
143
386
383
266
2
65
39
773
259
157
319
314
109
167
637
7
63
1149
184
226
139
58
242
210
44
661
51
491
127
74
187
331
313
487
79
70
198
345
114
41
30
63
177
565
32
209
143
33
21
145
96
61
50
628
18
222
203
39
353
298
178
211
17
11
162
224
59
327
116
216
50
183
165
10
705
14
231
23
149
22
281
171
128
20
196
89
37
55
119
57
1036
177
634
509
267
369
99
25
118
183
44
63
381
4
89
154
252
189
115
129
34
38
27
62
90
133
145
307
238
436
306
116
216
67
152
3
213
238
131
116
10
716
282
369
134
245
134
192
541
1075
469
1
104
26
234
446
400
255
313
71
59
190
103
57
23
290
88
151
282
187
183
14
164
44
13
71
29
102
138
99
17
186
228
214
24
37
148
897
33
12
118
219
62
428
211
94
642
468
167
326
322
7
27
201
334
142
32
62
206
70
152
37
588
317
120
28
632
4
69
72
261
246
165
98
2
201
127
278
43
154
103
432
101
469
3
1010
907
24
33
22
245
13
81
135
231
434
1187
344
130
347
59
314
120
408
77
221
177
63
100
147
26
128
43
154
1028
193
354
51
193
41
70
418
392
377
51
24
300
38
44
399
9
51
64
209
145
241
1032
118
701
220
160
10
102
133
88
57
442
8
257
194
167
405
468
95
133
59
30
1
11
481
3
22
403
75
314
64
124
79
607
90
624
37
219
493
6
77
105
48
51
140
116
235
10
64
99
25
327
90
180
89
232
81
145
20
3
218
386
68
39
372
212
310
43
174
11
515
88
235
623
91
711
335
78
37
190
132
60
77
441
251
242
178
44
203
383
28
97
75
21
151
433
77
212
334
37
42
194
20
15
66
246
84
669
55
71
1
37
158
24
525
211
79
38
78
116
885
66
45
262
291
279
13
36
309
182
55
49
267
415
220
47
271
122
140
411
150
454
92
631
131
207
190
370
228
71
106
195
149
30
7
204
1
205
36
509
57
53
179
144
119
488
21
31
236
20
518
46
430
56
206
167
64
209
282
14
262
790
493
71
86
394
12
159
124
41
80
111
224
98
24
18
1
111
13
179
255
185
106
78
870
10
115
519
423
1
123
288
448
246
28
87
153
848
117
267
12
98
64
64
1
1136
289
313
165
240
123
195
97
13
128
111
845
191
173
75
52
232
157
50
13
164
159
6
26
29
11
80
39
394
532
107
33
18
52
85
272
188
102
207
48
206
85
164
137
386
23
84
46
292
159
169
181
47
468
453
26
6
135
68
216
325
122
30
911
288
462
70
206
199
49
105
237
189
858
188
183
61
67
806
226
106
263
307
76
529
29
438
145
129
14
111
359
2
50
17
92
57
467
9
346
351
125
2
71
79
14
74
382
503
182
154
129
413
16
230
149
175
103
63
58
97
332
101
133
387
339
50
21
364
15
344
75
396
479
430
121
55
740
54
65
146
269
213
102
142
63
526
780
196
18
210
55
278
129
238
403
81
11
423
678
551
631
254
187
858
157
342
166
460
349
331
90
81
201
81
48
282
261
5
504
23
306
811
94
225
151
221
246
3
601
256
259
7
366
218
227
11
170
560
1105
581
118
69
15
53
108
470
215
35
180
78
10
223
75
169
141
83
36
139
45
13
290
284
21
251
247
111
648
135
111
252
20
24
96
312
351
228
117
12
116
87
247
3
149
164
248
11
122
6
66
49
2
55
642
84
294
216
65
192
90
85
272
662
35
52
459
60
152
269
68
330
53
12
210
29
1414
185
53
108
4
24
143
236
62
469
50
37
104
206
744
240
58
56
100
366
127
48
856
133
160
13
274
153
227
20
244
167
173
51
85
959
605
13
43
207
168
1
117
66
197
150
610
735
129
105
123
373
64
17
85
24
253
435
355
568
99
96
429
7
361
118
276
121
873
116
101
200
868
17
283
13
8
65
16
179
84
210
55
350
302
574
102
196
82
13
295
20
587
505
484
23
342
417
86
337
347
464
458
13
13
64
139
56
43
587
542
153
200
97
60
713
38
1
69
85
39
3
4
96
463
340
54
44
9
259
66
116
27
45
46
39
316
74
53
444
202
230
354
206
182
190
58
338
185
164
417
117
133
299
56
163
294
62
5
162
135
318
433
7
151
38
151
16
218
144
262
112
401
261
310
179
604
546
39
54
43
1271
267
538
667
664
80
243
9
162
33
67
190
131
266
206
203
286
335
231
190
324
938
187
87
109
161
462
429
155
47
119
6
328
38
223
321
318
96
59
37
14
52
80
80
289
192
217
6
1002
250
311
12
234
53
153
155
41
176
553
10
48
275
4
37
164
44
90
200
17
262
811
173
65
170
128
7
53
151
350
54
1191
186
2
411
66
435
214
359
158
14
480
167
81
104
389
202
535
156
157
175
48
494
2
218
283
51
86
173
12
242
49
298
929
175
337
107
64
187
291
190
26
444
408
7
407
3
49
113
232
219
188
54
44
242
320
308
38
576
112
70
3
171
59
27
67
124
144
139
629
62
1105
51
196
230
251
143
100
197
232
144
230
271
313
204
193
15
33
65
64
47
7
757
123
329
245
265
68
293
60
108
51
616
349
787
385
301
41
150
13
144
48
336
418
215
36
77
218
49
51
114
501
47
79
442
87
66
232
4
137
285
11
512
161
784
16
37
250
52
392
17
199
35
15
55
75
6
208
63
23
167
141
151
11
399
73
291
56
20
209
91
140
103
261
56
4
413
483
9
43
333
38
205
118
65
454
213
28
40
1
579
77
279
361
318
247
330
352
330
66
164
99
27
1261
97
770
15
66
96
371
340
94
4
99
31
119
314
213
463
165
35
369
65
62
200
101
117
6
100
176
231
43
50
12
194
288
25
81
168
189
125
259
234
117
13
199
993
38
376
216
308
555
262
190
217
141
66
248
205
52
233
24
155
78
348
28
32
223
252
35
92
395
75
280
337
222
404
381
14
274
331
170
18
229
97
189
666
43
901
210
154
201
133
311
725
177
87
116
673
235
7
224
169
131
79
127
78
110
20
386
239
451
60
100
156
73
78
724
148
14
64
111
56
214
69
370
15
143
873
36
73
433
201
566
273
142
27
282
74
35
21
68
245
541
1428
124
408
110
126
231
30
127
400
181
362
330
81
83
94
46
32
341
89
106
317
399
528
176
162
371
361
114
748
204
93
295
11
130
280
262
122
168
17
83
249
12
93
232
164
43
453
94
124
61
71
145
147
42
199
562
224
73
567
460
151
56
115
487
210
125
371
6
214
70
20
45
804
12
395
847
200
34
27
78
299
243
59
156
150
143
343
101
283
11
198
70
67
66
27
122
60
327
285
47
31
96
98
37
14
39
71
138
553
355
2
573
35
232
82
531
59
60
588
94
73
85
399
122
130
291
26
19
159
49
19
58
250
39
203
675
168
89
201
22
172
215
665
258
447
23
191
48
391
253
511
425
6
312
180
76
16
169
172
21
109
291
99
54
431
440
997
455
75
403
316
302
92
523
439
274
134
45
29
2
49
2
28
149
401
81
256
438
286
102
26
91
783
393
42
82
444
165
15
401
84
80
224
181
388
291
30
232
218
157
460
8
514
20
107
140
689
62
28
71
527
327
368
89
168
58
788
336
233
17
628
91
511
241
29
252
71
33
154
334
91
14
451
25
69
313
21
188
247
49
217
282
240
41
73
32
265
7
52
7
587
40
45
134
153
70
1
102
220
461
96
876
277
6
14
32
87
278
706
53
227
38
29
166
473
303
153
98
57
206
92
116
13
115
352
495
416
280
18
971
218
225
115
222
45
10
81
29
388
127
68
86
231
120
80
26
23
224
8
82
21
403
315
177
30
62
80
521
401
17
32
581
242
774
550
480
75
15
172
36
65
69
296
152
282
254
1462
496
173
313
296
364
135
358
422
24
1
548
216
99
206
185
506
317
490
37
175
87
472
105
211
112
316
102
194
608
31
832
407
156
74
469
41
83
385
2
662
277
49
161
59
295
166
3
26
39
34
111
157
53
3
235
97
47
78
346
137
93
72
185
197
221
3
199
37
406
359
48
88
80
7
14
1
28
45
79
107
332
931
316
124
96
450
485
166
420
133
115
150
31
520
63
535
17
26
112
23
13
70
181
79
291
115
63
66
25
86
497
119
147
252
34
118
52
4
102
606
471
197
615
77
49
494
6
106
200
300
181
365
29
77
219
27
18
31
327
493
735
5
138
358
50
83
53
14
315
17
348
65
383
330
557
548
30
100
59
216
70
387
67
226
465
46
62
665
99
165
33
48
160
120
26
33
502
175
179
95
232
846
47
55
95
338
315
500
8
239
233
57
25
565
131
102
304
130
175
6
427
369
203
576
63
18
43
605
251
455
207
434
25
407
476
140
52
32
290
64
209
99
101
244
57
83
4
59
295
411
34
124
395
369
113
87
37
179
121
280
327
119
211
174
422
17
200
242
57
5
584
129
70
57
314
153
530
15
173
658
128
86
386
100
253
31
159
32
387
391
897
9
130
24
246
483
94
40
111
118
93
96
64
125
450
61
204
47
139
434
228
247
15
18
469
465
540
8
367
139
163
1000
54
64
25
139
283
320
178
637
231
72
202
422
148
217
640
216
8
37
98
55
233
32
89
128
405
11
19
157
3
15
16
78
657
412
43
530
177
200
22
110
31
339
36
445
77
569
181
404
116
340
24
76
333
103
246
27
212
409
383
102
189
662
335
98
70
54
67
116
352
63
20
312
424
138
37
145
27
215
138
156
199
156
70
3
22
14
20
424
144
86
985
11
5
294
292
589
235
253
10
311
616
8
80
141
78
348
692
164
60
200
657
160
273
228
207
584
122
45
17
309
9
120
92
230
130
156
150
909
631
213
57
122
67
264
38
53
53
57
691
164
404
32
417
860
62
162
669
122
190
82
356
25
39
23
532
40
11
323
65
249
57
86
261
202
772
193
174
374
259
40
221
290
606
639
253
35
2
118
34
182
35
127
21
87
45
51
260
33
221
155
313
152
11
13
116
56
10
113
23
119
59
2
216
32
87
71
165
183
32
185
47
31
147
15
52
47
274
222
456
518
19
49
117
19
47
7
109
482
81
92
439
88
194
19
199
99
282
386
16
10
41
59
48
176
684
16
36
189
302
66
226
161
502
282
44
54
463
128
320
967
152
22
223
22
649
273
90
470
235
316
147
130
724
176
83
30
192
435
116
243
191
398
100
320
190
165
188
11
212
159
327
164
40
296
306
117
291
62
262
337
150
274
279
14
252
281
401
260
111
96
41
379
479
44
126
32
124
138
359
349
82
105
284
103
217
861
33
87
400
482
243
673
134
334
50
49
598
447
35
2
44
456
25
201
220
6
108
325
186
456
192
16
34
36
15
5
45
347
69
5
113
486
84
505
197
164
666
163
165
21
230
85
172
58
163
385
53
13
373
234
6
167
71
150
225
443
59
216
390
350
78
396
775
126
323
644
378
6
197
513
300
112
884
350
12
255
107
153
70
904
124
118
161
298
330
29
314
208
474
58
161
3
578
141
94
271
82
19
470
257
113
95
37
511
258
60
683
12
43
489
431
123
13
114
380
62
226
14
278
118
257
125
8
394
125
317
342
412
67
4
98
195
46
43
212
175
200
35
135
127
849
119
97
19
151
264
114
56
5
245
30
64
136
228
489
80
295
325
397
656
18
44
258
37
92
410
135
96
159
301
206
213
135
335
142
127
388
30
217
100
167
217
436
19
21
1
195
354
88
336
102
18
63
298
46
63
523
27
67
60
103
16
69
287
890
473
78
35
25
38
265
391
188
287
64
336
147
59
121
60
72
81
215
67
124
198
569
76
135
445
743
26
49
262
32
108
89
367
55
229
133
13
237
60
12
10
483
85
343
736
152
726
65
17
52
168
97
88
479
33
59
78
398
373
23
31
284
247
16
596
1
152
51
288
114
224
103
300
292
156
37
110
363
322
165
1248
6
490
370
62
491
21
4
311
173
66
68
112
148
46
46
306
251
39
238
603
229
215
266
115
32
53
342
170
41
7
2
58
78
64
276
100
189
564
35
426
21
56
13
112
230
529
103
25
334
9
86
4
3
55
272
260
242
51
27
26
55
116
17
50
261
166
21
134
138
561
218
106
276
145
347
237
77
97
512
528
16
154
264
15
384
462
241
166
111
65
152
133
140
57
353
138
44
219
876
4
499
342
22
103
43
379
15
139
90
154
192
115
203
6
134
557
124
187
130
19
211
29
173
319
80
36
449
466
6
116
185
39
11
296
209
23
115
686
98
371
173
346
519
14
663
378
85
38
575
309
156
210
14
138
451
479
471
89
145
129
402
242
51
396
544
125
12
840
364
164
120
113
178
32
427
122
408
76
30
7
59
82
583
354
236
10
48
100
64
127
150
125
237
58
52
246
114
5
231
259
20
67
7
238
376
429
25
129
144
239
305
144
41
192
86
109
461
109
85
155
75
186
87
86
368
368
18
12
63
11
132
53
56
294
2
308
215
415
375
46
101
56
71
74
95
127
933
113
103
52
47
87
274
84
2
336
812
47
86
693
1
192
1004
194
223
190
80
169
37
113
450
595
91
36
314
375
75
44
251
21
59
12
337
166
31
259
24
300
30
9
231
53
7
60
87
54
23
95
12
201
92
82
221
52
187
207
126
63
75
168
612
400
384
121
60
193
490
64
403
91
218
4
363
83
188
812
69
203
195
182
81
67
19
359
38
298
213
359
195
113
161
351
264
104
591
549
270
229
77
670
16
520
62
290
212
145
349
62
28
184
200
301
103
157
2
207
1227
161
99
384
207
499
9
229
225
187
196
969
158
202
120
59
29
6
1079
442
14
240
192
11
312
28
453
98
184
34
212
616
85
268
5
313
4
5
205
75
1023
170
76
17
13
18
59
13
6
122
56
681
24
157
286
277
305
112
146
404
89
174
96
108
976
258
28
244
79
290
10
91
138
199
315
193
282
85
147
298
83
49
274
154
477
112
425
56
48
562
577
198
45
1
104
35
78
27
190
194
53
419
332
608
179
78
39
1
46
125
419
59
56
152
175
23
228
118
118
435
300
76
676
9
268
77
299
293
73
299
256
152
143
337
76
219
62
106
537
184
16
44
321
347
142
369
39
36
267
105
285
137
295
111
253
125
232
32
99
75
142
259
12
104
3
277
315
161
24
419
397
267
25
3
185
67
139
333
71
32
133
378
800
89
17
90
227
46
376
343
867
76
20
57
161
37
237
170
78
30
76
510
26
249
41
26
121
446
39
77
11
131
111
4
24
52
41
114
221
157
26
102
33
302
329
349
136
259
185
451
344
108
212
662
44
317
51
113
87
99
17
123
460
158
33
438
817
82
35
37
385
270
139
215
75
38
1
38
142
588
419
10
11
367
137
204
538
51
64
171
34
713
91
161
203
238
85
32
69
94
222
75
274
3
14
19
269
111
195
48
167
223
280
15
197
84
326
328
142
45
126
467
158
75
289
30
104
60
318
43
162
140
787
355
44
162
1
457
158
595
44
19
769
244
163
268
947
78
31
155
118
472
6
136
15
161
189
657
236
147
94
36
34
89
578
481
104
148
175
5
236
192
390
37
105
348
249
152
117
204
214
28
192
131
66
28
22
70
353
2
79
273
10
451
73
7
3
609
472
9
38
24
797
293
79
8
385
298
264
214
26
200
21
20
54
7
201
78
411
194
558
123
132
35
423
619
14
23
51
174
179
48
53
150
13
49
501
134
218
63
52
8
1
22
324
34
386
208
183
71
118
16
11
262
227
670
6
196
83
188
50
201
230
21
76
90
108
56
158
160
148
896
463
74
498
80
245
65
95
94
298
1
262
223
424
120
297
79
268
466
418
11
51
38
284
262
15
109
97
180
247
122
126
177
159
360
154
9
82
190
10
52
389
22
134
447
254
127
719
96
88
143
63
104
14
128
263
25
55
51
31
134
142
220
410
230
13
238
93
123
330
165
120
45
202
806
76
236
125
384
350
52
78
436
585
25
36
7
392
51
216
3
249
188
201
389
123
401
110
233
300
60
370
258
146
56
981
271
213
135
185
438
51
581
35
42
44
21
150
167
276
1142
61
284
626
25
93
514
69
235
247
80
635
174
274
526
150
67
470
46
317
39
50
17
104
171
139
68
29
264
285
3
85
84
13
29
177
200
181
782
300
232
20
381
636
11
110
49
20
49
117
470
401
23
837
32
589
27
13
306
261
406
13
146
555
30
42
156
34
57
306
89
221
85
373
48
220
274
90
377
41
457
290
23
367
23
38
8
299
170
212
861
315
350
52
123
36
52
366
20
12
149
1525
190
13
29
77
17
335
51
216
74
22
36
30
308
155
131
208
478
34
407
40
532
769
100
205
112
1691
113
80
201
150
136
470
143
101
132
674
375
731
141
1118
71
139
335
469
203
195
824
391
31
240
536
209
91
307
349
67
52
293
151
11
251
216
212
278
9
120
316
82
197
170
18
211
262
93
190
145
17
181
385
397
82
90
207
32
285
160
377
261
443
30
65
138
189
94
703
98
107
88
115
15
57
403
488
136
275
11
71
142
55
331
313
73
73
116
397
395
72
125
214
32
218
24
100
59
76
119
429
59
11
174
276
461
58
681
112
857
244
50
174
144
735
122
680
108
19
173
105
16
460
161
488
70
3
10
169
1
154
135
70
98
186
565
8
213
482
348
148
43
39
481
28
60
387
169
5
8
555
287
16
36
40
234
277
151
192
206
125
144
247
649
173
106
543
180
174
60
47
53
165
285
621
132
178
166
38
8
13
177
80
78
193
181
133
179
290
324
98
552
245
213
787
37
174
161
27
9
195
255
378
355
97
545
12
213
171
85
526
173
217
19
612
529
297
533
421
341
6
213
116
76
442
98
50
57
187
198
128
27
95
34
59
22
68
164
247
132
218
186
388
288
412
33
256
185
54
350
31
298
17
50
25
140
175
290
3
45
117
10
141
9
6
288
167
92
11
14
91
91
104
120
103
1
46
833
289
244
222
7
302
247
521
54
755
172
77
554
218
383
81
330
625
77
254
367
207
325
480
131
233
9
78
16
261
160
208
99
112
557
252
100
2
248
9
4
323
588
182
32
44
433
1102
145
309
358
173
303
14
109
172
110
170
189
451
287
254
143
206
285
66
87
736
373
288
252
92
134
175
96
448
258
89
342
194
89
38
329
237
14
29
15
52
24
26
137
176
461
756
345
26
17
23
84
5
109
245
141
77
35
155
714
208
22
187
4
390
26
141
327
26
64
393
125
145
87
213
128
337
668
348
64
124
560
495
203
101
55
48
241
302
29
22
39
61
330
27
236
360
40
104
264
427
15
780
31
159
158
258
216
748
149
71
137
152
142
523
78
188
149
93
291
21
24
536
301
27
121
331
447
31
143
241
371
756
54
592
134
496
235
19
149
114
56
35
650
213
162
175
343
31
178
1
4
20
97
445
494
171
277
66
146
369
226
118
264
93
191
555
270
223
95
263
405
146
426
432
933
197
118
158
456
116
362
202
185
11
364
16
14
526
139
408
73
125
367
474
83
910
37
366
716
82
307
379
370
150
68
222
273
249
29
236
220
501
291
148
148
262
622
318
11
128
188
204
365
2
282
172
585
269
549
62
22
461
236
397
571
262
104
112
52
206
38
27
174
685
733
198
194
88
333
172
8
122
13
89
159
558
292
36
40
135
14
155
460
348
128
106
1
91
65
318
70
195
246
35
116
561
32
208
173
196
15
36
153
22
582
149
243
44
343
178
3
16
310
249
671
8
19
85
48
201
7
27
199
77
128
80
98
35
14
784
521
237
1031
150
101
185
117
85
109
41
118
1
282
75
113
161
279
549
21
272
19
251
459
133
300
417
325
99
469
487
184
284
8
45
117
376
337
25
346
281
212
296
297
293
15
670
108
156
162
98
214
458
139
278
45
219
24
456
195
76
349
126
259
346
28
55
388
151
82
290
122
102
48
74
150
126
615
309
61
431
144
257
141
79
218
384
84
39
400
125
120
72
78
10
140
268
61
98
68
44
371
211
321
208
266
185
5
464
282
134
169
141
187
277
834
279
29
22
364
56
21
26
103
279
489
382
18
308
82
224
91
231
167
366
106
175
254
543
37
20
36
279
11
9
218
268
7
29
335
160
68
338
260
418
40
72
123
11
258
680
22
189
78
12
16
91
550
4
137
11
126
65
48
53
138
392
87
112
37
199
567
48
98
162
141
50
19
321
36
299
289
1
34
38
795
179
67
51
26
127
55
38
4
491
64
156
323
7
42
7
147
202
24
17
517
374
7
22
5
74
172
29
205
79
516
322
289
305
121
101
316
42
729
835
146
228
15
65
583
90
149
52
320
281
57
22
305
313
282
581
125
25
179
43
434
21
236
106
227
86
42
336
443
28
167
206
55
128
223
866
2
90
167
36
75
334
199
47
552
48
624
202
140
262
116
1
27
44
174
97
81
50
115
100
114
724
255
292
15
102
131
46
36
62
88
120
667
382
419
68
123
207
291
152
330
408
245
168
16
48
162
169
504
163
134
1
154
27
982
122
132
321
57
111
225
7
303
39
58
30
601
47
143
87
36
125
211
131
75
405
158
122
112
69
55
257
725
139
107
238
302
62
155
50
15
23
459
80
172
452
61
32
35
318
87
75
644
256
455
254
149
384
120
678
382
80
224
76
417
237
92
150
77
52
459
115
99
233
70
160
76
199
227
175
32
384
81
49
346
16
1
692
625
116
305
135
79
571
46
30
145
93
319
38
236
368
343
114
825
167
103
328
109
408
303
90
493
32
450
132
59
281
3
351
165
144
203
138
43
393
105
50
163
66
43
470
357
16
32
109
830
24
397
517
34
172
115
196
320
108
175
56
187
125
172
24
203
521
46
39
200
64
118
335
3
31
31
255
142
91
78
344
393
216
107
121
194
39
24
259
130
90
6
87
15
93
540
386
352
140
286
115
226
373
18
95
54
213
79
80
82
190
95
67
111
149
429
216
299
167
399
55
744
218
607
95
232
25
484
76
26
8
230
458
45
247
226
184
498
127
144
35
293
44
586
224
361
762
43
151
106
24
86
637
220
657
40
190
81
332
554
673
365
68
117
483
502
124
39
97
22
50
171
90
25
619
58
15
182
62
87
288
36
212
328
457
60
410
197
14
262
6
7
138
218
772
181
153
100
39
25
379
40
137
126
327
148
46
22
299
160
185
130
308
147
134
17
68
334
701
70
123
120
336
328
344
187
339
325
162
5
98
206
83
411
401
57
16
729
254
486
75
439
38
291
268
326
99
185
173
258
331
68
57
475
230
127
14
7
125
335
126
14
22
132
106
59
400
14
131
74
278
232
108
31
26
147
131
41
183
103
115
269
473
323
176
88
194
341
175
209
163
127
137
184
320
635
368
267
1019
35
8
46
4
5
11
43
169
27
179
225
353
21
280
581
276
27
91
439
16
58
553
138
240
246
172
170
108
902
199
18
259
406
138
40
245
24
97
58
188
14
92
29
59
469
200
298
315
204
41
122
707
279
492
726
125
165
92
282
94
18
957
103
139
194
77
183
127
265
340
443
71
520
352
61
148
199
102
1
124
344
90
371
238
472
147
337
100
34
56
298
159
88
90
28
259
556
229
224
113
65
660
4
215
93
245
184
279
227
181
272
33
55
576
229
23
436
752
21
1138
244
71
20
69
137
99
14
303
116
133
121
41
243
213
420
233
37
122
157
150
9
855
125
50
166
232
117
152
126
260
58
282
149
86
6
109
318
603
83
2
359
86
364
314
176
569
16
86
39
58
77
455
77
161
715
1
157
14
119
291
1
114
8
25
5
508
261
52
32
29
112
262
522
186
167
306
17
21
156
172
86
771
1
99
228
137
108
315
8
65
387
16
123
711
168
137
236
64
43
125
6
58
35
51
192
76
50
34
576
187
166
63
261
59
147
960
483
52
68
401
810
55
224
43
96
118
72
66
29
92
61
89
145
351
238
274
448
57
52
95
148
41
291
70
125
104
197
37
96
101
112
122
111
174
279
76
490
36
7
346
7
452
195
187
64
188
159
146
374
457
394
98
284
275
27
138
304
130
546
366
11
377
4
291
137
214
305
26
319
223
468
119
37
62
325
92
165
167
167
259
211
131
54
176
41
119
581
228
3
55
449
106
133
218
173
738
108
155
72
273
90
254
104
118
107
184
39
65
55
419
602
152
175
506
74
377
531
208
446
194
174
38
321
271
358
30
805
51
144
3
235
318
152
66
90
16
269
276
641
112
281
593
56
14
2
409
428
147
253
528
676
13
1076
133
310
38
366
299
117
197
44
180
39
87
353
158
596
170
47
63
48
102
33
103
78
109
99
240
186
105
400
20
143
256
410
21
370
140
373
76
145
61
730
140
345
627
91
528
232
28
766
118
365
50
13
17
110
216
66
135
671
318
66
36
49
66
479
211
312
1
306
244
21
40
119
234
157
197
375
12
113
485
71
66
177
103
255
8
24
346
79
11
71
113
126
95
25
98
471
141
72
110
40
24
115
102
76
340
20
371
172
305
100
13
142
134
10
504
593
161
75
478
63
468
302
151
148
43
177
218
278
271
430
661
35
518
26
475
90
63
15
164
118
37
25
225
10
144
215
49
37
27
64
440
595
70
113
303
30
67
86
239
113
34
462
74
113
278
16
216
127
33
516
44
570
139
136
355
118
142
238
46
97
128
186
245
70
41
25
83
184
159
125
10
4
62
161
183
73
107
175
174
192
66
549
205
33
68
286
168
81
87
67
63
46
149
59
62
79
58
159
347
310
21
84
55
236
72
424
122
232
620
60
165
411
44
55
59
274
57
139
459
109
202
98
59
356
115
143
119
35
447
65
81
38
63
267
291
249
51
299
665
15
205
14
127
103
35
325
396
1071
79
202
325
149
225
341
133
11
173
2
21
2
53
239
111
339
188
270
20
116
242
692
225
156
601
75
28
124
32
120
285
289
231
113
52
160
139
53
273
61
157
259
7
40
23
11
29
97
442
317
213
80
27
8
190
310
176
208
85
103
385
370
249
142
241
139
19
139
400
27
70
113
30
844
8
14
14
109
598
28
22
229
378
512
188
103
62
18
124
13
431
222
239
133
602
65
724
320
63
125
54
361
385
30
100
121
389
36
98
264
378
454
121
150
10
400
756
78
181
74
254
450
132
326
330
259
40
252
78
195
198
199
323
161
195
159
162
30
50
11
13
287
62
28
92
323
177
437
303
473
7
488
250
355
374
115
8
285
169
14
300
191
873
66
127
74
61
112
19
100
338
109
325
26
21
396
136
77
299
343
67
23
126
667
4
445
210
70
652
194
285
33
183
287
30
309
402
681
460
28
226
494
72
7
9
63
263
257
235
55
440
175
128
254
64
25
112
119
154
43
403
43
387
104
60
100
367
194
82
58
31
183
51
275
73
288
523
143
1758
546
10
14
39
43
11
96
66
186
629
48
26
11
286
45
115
369
118
41
347
85
561
256
11
97
383
64
111
168
79
865
50
76
391
203
371
283
116
170
316
66
359
56
769
422
94
47
160
16
16
33
309
190
124
303
39
193
466
49
51
140
349
236
36
63
210
32
17
131
305
194
177
169
143
541
218
295
33
200
245
77
65
211
101
39
104
225
143
7
543
213
55
251
262
123
19
328
35
28
7
214
556
239
455
140
212
7
237
521
58
258
441
90
100
101
67
420
798
138
154
606
258
1
680
119
14
668
247
147
84
124
345
228
134
335
116
241
33
199
162
201
168
177
162
186
1261
112
13
213
30
41
45
70
63
4
432
8
171
263
48
185
95
89
155
7
258
350
98
95
24
34
242
64
239
35
193
8
416
32
70
155
149
144
477
168
309
326
113
477
253
26
57
368
215
99
55
69
221
115
99
83
388
96
165
78
647
53
129
55
6
66
151
212
148
23
158
425
247
332
3
179
225
86
585
189
323
124
589
28
12
43
166
898
537
111
149
87
103
115
740
97
229
486
65
50
51
113
125
535
235
349
3
239
86
123
455
435
203
347
217
75
82
130
136
79
21
282
622
6
297
56
121
56
65
126
2
158
116
319
131
3
185
833
295
562
87
87
36
53
50
16
84
238
231
150
53
547
84
39
41
22
163
707
242
40
129
249
41
8
244
90
431
2
153
291
187
27
6
294
64
333
339
33
518
54
955
108
72
1
386
363
143
113
584
307
820
33
34
282
48
46
63
25
113
104
320
973
325
32
111
70
51
94
499
83
74
792
406
14
235
73
13
53
46
629
390
232
7
243
108
12
131
197
22
481
85
64
504
353
190
1236
77
86
134
63
53
62
91
15
207
54
400
49
182
45
138
255
517
151
12
846
172
106
85
1258
448
110
78
65
208
307
60
292
47
48
1096
115
231
450
529
265
91
154
276
237
77
504
184
383
138
1
253
266
38
636
27
22
10
42
149
228
578
250
518
200
71
1011
35
107
109
159
334
73
319
108
269
72
72
501
232
174
211
208
35
67
611
43
25
329
236
170
175
84
1199
334
301
401
148
213
372
79
326
421
310
45
112
38
244
42
365
14
459
51
38
364
896
163
455
543
172
18
223
318
183
245
47
194
566
361
151
1178
102
459
109
442
185
564
123
573
755
22
117
169
87
44
169
326
67
15
44
91
266
1
159
505
31
340
45
6
144
1
233
221
201
119
14
527
691
29
335
247
90
97
373
984
26
2
15
190
179
572
61
1065
314
245
185
376
58
75
336
59
163
500
17
34
351
427
291
230
169
130
29
71
28
661
1039
53
61
59
195
39
507
420
253
236
487
121
365
79
112
110
23
418
23
54
147
316
261
245
284
41
12
296
299
95
5
93
13
152
310
203
440
57
286
39
109
214
53
175
731
589
211
689
88
333
38
236
149
287
163
3
138
334
10
480
348
124
58
258
114
131
233
568
59
112
13
264
113
116
387
153
119
32
91
93
13
77
249
27
83
17
1071
140
219
68
29
411
16
479
136
270
250
1
501
11
344
36
55
8
8
535
387
366
108
46
132
205
552
1085
225
126
512
190
46
121
33
221
409
268
9
502
448
260
262
98
104
566
105
265
43
37
275
93
64
26
281
56
97
97
499
319
685
267
642
15
321
273
16
92
308
227
657
154
15
177
149
56
8
230
163
65
64
321
66
81
26
21
12
51
505
317
34
2
127
11
377
1
424
379
290
30
93
640
313
211
24
336
90
152
228
116
150
287
73
46
173
274
95
177
205
668
106
223
5
63
5
197
245
329
1
360
299
16
20
562
44
994
166
139
256
167
36
127
70
2
179
57
326
417
875
134
153
25
207
102
24
160
120
287
92
259
46
89
415
190
98
16
172
31
121
79
73
957
69
26
162
228
446
96
82
81
411
323
134
39
416
627
53
40
150
387
100
366
763
227
11
155
209
469
7
143
63
169
6
327
345
370
256
66
117
214
298
15
491
195
704
133
355
502
105
347
3
103
11
16
70
203
146
777
57
16
104
93
723
23
7
84
139
38
537
36
570
256
545
100
696
30
38
53
243
121
436
134
196
850
83
47
176
227
237
104
150
78
53
345
996
100
221
67
7
272
8
144
166
333
384
554
394
200
1
117
35
78
30
150
11
68
668
383
284
362
53
198
312
126
302
344
52
136
145
215
19
66
187
94
581
283
307
235
95
129
17
907
79
424
370
204
641
17
90
125
42
269
879
329
76
114
8
35
8
12
92
355
75
185
532
196
44
852
46
828
67
29
284
179
325
16
471
399
702
51
227
85
252
189
11
118
85
56
247
130
62
81
53
145
77
198
4
882
445
146
320
135
74
39
20
329
218
121
119
177
229
235
305
208
212
63
255
98
21
1090
49
59
47
34
86
294
234
90
182
7
17
657
132
52
32
60
407
9
118
32
331
153
215
150
61
88
304
25
145
343
278
462
241
342
204
664
35
976
700
464
24
39
64
152
98
162
125
27
177
156
33
434
160
303
115
432
108
72
86
36
40
66
123
59
4
84
324
305
82
527
229
119
262
218
122
5
391
40
465
194
126
102
60
1216
119
270
145
1
65
38
15
2
218
206
83
117
282
356
104
53
292
219
75
68
81
184
17
350
125
32
13
232
118
160
250
102
139
38
93
51
176
130
30
363
32
28
132
610
46
33
197
149
163
200
75
325
148
535
13
553
915
383
145
86
40
297
520
184
512
41
115
684
322
178
45
115
6
72
574
91
97
1073
24
129
7
187
24
128
194
116
318
544
117
7
326
267
11
235
302
247
33
49
28
288
22
251
97
42
501
14
278
85
6
491
794
130
266
246
22
395
220
284
31
995
9
288
116
14
32
295
195
110
357
13
343
52
101
473
66
13
210
229
458
217
178
70
339
153
113
101
206
203
109
90
109
430
53
128
466
210
66
78
65
7
372
388
392
14
70
13
610
195
65
269
87
39
56
92
223
53
20
131
15
163
89
166
113
687
223
515
204
445
850
138
5
111
65
17
165
20
29
497
533
7
14
39
8
362
420
47
15
281
540
24
228
128
225
152
115
46
56
53
14
71
145
71
198
18
115
160
47
44
694
13
48
9
142
66
399
236
23
270
1242
423
90
300
270
80
68
63
38
31
10
378
169
121
364
166
75
17
386
115
12
94
173
493
62
1
75
224
239
431
60
258
508
750
4
78
136
36
354
196
367
513
100
171
141
11
205
773
293
18
65
57
78
248
121
282
6
386
103
80
95
208
94
291
290
3
284
514
30
23
211
69
23
69
348
160
43
408
80
16
36
87
220
360
45
97
325
239
460
29
511
165
246
73
53
77
525
157
214
24
379
99
349
329
26
170
20
62
519
308
7
51
27
273
48
102
378
222
165
238
286
658
56
6
127
67
73
227
65
256
2
275
299
81
31
161
130
238
38
157
665
292
180
204
279
247
75
129
100
538
94
163
595
15
560
260
104
20
326
776
31
70
80
10
6
85
23
279
61
40
58
167
155
416
171
97
193
68
179
610
538
202
189
514
66
296
341
2
53
87
211
47
80
183
84
170
229
551
600
128
4
30
273
369
373
63
60
90
286
25
441
13
151
80
89
68
6
735
456
165
196
280
133
42
24
170
1
49
314
247
192
198
286
65
67
55
11
43
209
78
230
111
63
91
50
220
111
826
587
41
108
108
55
21
221
177
53
268
130
51
95
89
296
706
717
446
248
637
70
977
123
384
91
9
1
310
2
98
80
42
59
138
360
598
239
65
66
508
455
50
34
42
109
222
322
22
186
435
21
161
225
23
28
100
57
96
178
176
392
79
76
511
200
187
350
432
175
64
25
159
309
261
206
7
423
151
323
126
17
272
262
476
63
14
345
50
55
120
273
90
254
106
86
11
55
317
68
67
123
37
236
221
10
172
289
8
228
488
182
87
68
158
24
62
26
138
105
122
263
396
104
13
137
222
23
67
238
566
81
163
373
27
57
79
70
218
166
347
250
440
261
428
175
681
670
46
53
25
131
15
169
334
254
796
14
50
892
38
21
147
70
121
56
108
262
105
190
134
72
86
371
195
121
8
316
66
54
207
178
264
88
404
15
20
13
278
65
62
25
24
2
180
256
15
24
102
340
210
163
29
124
503
461
93
278
202
50
85
17
388
30
60
14
142
6
19
6
87
566
25
77
85
119
348
99
371
427
150
456
196
33
69
270
42
230
133
75
82
193
193
419
121
318
232
89
133
235
309
108
22
374
37
34
609
522
126
67
165
639
85
18
280
423
53
13
33
646
107
163
208
52
33
53
97
119
25
244
31
312
281
61
221
272
490
465
400
105
92
189
85
249
137
46
71
247
355
164
30
127
233
192
494
277
179
612
607
595
264
70
220
146
36
335
13
88
561
160
381
79
678
323
222
131
249
324
92
14
160
178
364
496
583
85
82
87
38
18
320
26
340
7
18
154
295
152
202
92
517
335
150
176
72
138
86
168
344
32
491
371
120
261
64
736
488
75
579
226
261
416
478
283
273
158
63
781
547
22
19
118
206
25
87
166
1114
167
154
59
273
52
262
107
40
294
335
69
106
327
195
356
230
323
190
192
808
40
550
119
186
112
122
48
632
191
197
22
66
18
267
304
139
271
121
187
862
259
37
127
86
362
20
100
12
162
176
112
20
1008
209
2
78
201
27
62
359
39
139
142
647
90
318
91
44
25
168
261
249
351
102
21
268
29
526
104
125
10
369
446
266
298
331
44
51
12
351
38
79
96
637
168
122
485
467
42
7
135
102
160
309
149
464
260
227
30
153
98
24
104
274
224
213
4
219
5
9
60
200
124
172
155
366
150
289
130
179
102
74
258
25
76
55
133
110
409
92
4
38
76
316
752
1306
105
240
597
74
662
21
3
611
205
360
225
341
22
133
3
266
26
107
102
263
261
234
183
10
4
19
215
547
208
487
82
212
241
323
140
224
644
74
79
161
40
113
152
108
131
333
240
164
116
359
330
22
722
87
703
48
195
53
215
295
71
121
60
21
27
1021
82
156
111
42
103
153
147
320
168
1363
77
149
526
195
107
32
703
545
237
8
518
231
24
62
83
126
218
1116
284
15
49
104
349
153
56
367
229
84
15
123
687
299
268
1
76
362
15
4
195
292
2
31
2
178
419
291
273
210
183
254
11
211
137
57
14
25
287
667
339
295
46
6
198
319
81
51
236
121
103
51
49
942
138
222
746
98
67
101
198
318
113
99
178
61
114
362
404
184
322
384
227
608
64
49
37
650
36
278
24
14
93
190
512
364
50
47
340
430
214
480
127
51
617
94
5
224
133
173
290
31
209
101
90
91
179
356
514
2
285
271
371
191
494
32
203
97
237
541
260
53
72
36
126
21
115
196
54
1006
13
722
2
266
13
14
37
357
116
293
600
147
26
605
95
97
540
397
678
159
487
199
28
507
131
20
151
109
187
237
80
227
159
190
169
51
61
570
200
146
16
5
5
516
251
261
109
1064
70
478
56
20
82
220
212
315
115
277
70
8
222
259
191
150
73
42
29
69
594
236
138
541
252
225
201
137
130
3
452
111
362
146
143
198
440
2
36
6
94
60
25
209
70
123
200
228
209
129
23
127
67
172
262
533
161
477
980
84
335
84
616
853
92
3
154
186
721
48
261
33
125
376
13
310
195
51
29
196
414
86
194
28
452
121
145
246
274
1028
7
113
181
367
631
82
219
346
327
76
121
113
208
6
383
362
508
361
61
599
21
43
56
305
144
133
437
290
60
326
110
72
104
164
37
53
134
129
128
123
149
454
217
107
112
417
212
204
46
4
67
33
247
161
774
360
87
185
352
164
171
23
227
69
128
94
85
361
86
277
141
151
190
82
104
136
327
58
574
288
31
103
56
581
97
52
68
217
107
97
281
128
74
366
173
144
78
91
102
164
164
379
117
268
250
122
611
187
259
11
299
331
223
455
32
8
278
16
80
145
243
170
38
264
148
173
35
193
289
404
18
469
88
330
551
429
41
520
10
67
90
147
37
129
126
61
131
258
214
71
56
267
563
289
13
37
134
55
109
87
77
12
193
707
45
1453
188
384
23
61
461
205
21
57
22
158
471
21
44
471
38
120
29
290
165
101
391
42
246
17
81
157
53
636
232
120
291
32
10
201
66
341
42
101
156
36
156
471
20
369
252
14
172
110
15
28
259
270
132
336
447
242
367
28
124
114
117
197
603
76
331
72
49
319
12
384
145
156
105
152
376
308
523
69
96
119
22
122
73
520
75
207
789
12
379
27
234
43
143
95
405
475
109
6
34
56
27
501
14
1
179
136
249
12
42
58
73
23
53
125
458
499
45
425
27
113
55
213
76
307
836
40
378
228
94
17
9
10
128
19
122
144
632
613
570
201
80
50
70
80
116
653
340
149
125
76
236
123
383
517
123
188
111
20
119
259
30
339
164
546
215
119
37
94
83
38
146
81
205
12
141
94
226
393
20
104
441
82
66
27
143
55
606
474
397
303
113
134
31
234
20
134
243
230
448
54
151
138
29
334
440
50
78
390
391
34
129
11
268
504
236
273
929
1
88
285
317
138
313
272
308
57
282
27
21
15
165
20
72
95
46
174
74
288
83
264
409
575
115
327
263
206
642
867
11
239
559
20
43
19
265
196
117
27
94
23
323
133
73
67
99
86
398
884
184
79
95
71
168
106
36
388
14
224
80
395
106
493
240
232
133
1069
232
182
119
13
138
158
56
98
130
135
140
10
660
52
549
33
127
44
295
364
165
53
102
296
62
254
284
82
85
32
175
59
70
131
24
431
99
99
77
358
215
268
76
43
16
82
613
14
408
107
65
183
60
324
407
70
121
60
281
260
74
538
391
136
110
111
245
145
8
113
101
131
205
100
126
190
135
43
287
137
12
66
364
36
182
68
16
42
316
148
6
655
268
87
34
546
33
565
131
682
32
75
74
169
115
38
170
49
49
147
553
125
252
126
42
20
206
57
17
1136
106
442
38
1381
140
158
306
101
304
406
208
87
30
144
89
575
64
27
48
3
749
442
150
174
287
1026
6
10
39
17
113
390
208
20
283
446
42
142
149
67
363
102
98
410
34
89
77
8
187
216
548
22
51
251
9
11
79
51
5
295
241
9
28
139
12
47
75
313
21
15
196
186
12
14
383
346
11
4
114
412
22
145
61
229
25
57
127
230
278
389
325
24
113
51
211
58
110
205
84
547
60
481
325
615
100
271
36
181
107
144
106
16
209
304
225
8
157
177
60
399
187
579
761
1453
74
161
561
5
268
35
77
217
107
160
57
149
6
211
106
224
153
234
112
388
87
439
202
162
22
228
81
176
230
423
26
129
893
338
106
80
50
395
228
103
5
87
188
22
89
89
208
202
113
59
29
6
153
189
166
246
26
75
16
111
771
101
294
213
378
200
562
64
73
44
362
225
63
151
3
13
927
292
458
34
366
279
205
874
272
15
387
15
200
23
87
165
256
172
116
288
808
127
430
165
206
623
37
21
10
29
12
96
289
29
36
952
49
169
154
266
270
259
410
71
101
160
134
288
87
368
186
23
46
203
13
131
23
64
3
99
777
12
315
193
260
11
105
2
260
561
416
390
141
98
574
35
446
615
64
100
150
644
253
21
9
69
280
492
307
197
239
84
103
9
284
569
33
125
163
36
63
557
39
156
55
45
93
137
76
131
769
106
29
9
43
54
279
112
257
86
917
365
138
398
92
224
594
22
149
208
145
136
120
133
114
164
90
219
110
60
174
30
82
90
62
158
108
23
72
439
44
389
58
16
222
563
211
95
358
118
163
53
34
31
183
85
23
67
142
190
81
133
78
293
157
100
55
62
270
105
95
90
395
23
74
372
114
216
276
111
86
487
38
41
75
85
290
26
26
230
153
53
75
74
440
16
65
56
180
85
136
483
98
93
435
88
29
1
790
46
406
539
450
9
145
348
314
113
250
63
417
75
146
8
151
600
88
177
223
56
18
64
645
137
122
69
462
124
485
271
127
368
569
390
87
629
611
329
94
344
529
17
55
78
278
479
29
267
144
233
83
78
227
417
105
28
113
83
1
414
9
187
6
567
193
1
13
98
14
29
325
6
192
238
156
123
274
11
53
17
399
184
87
931
170
80
13
419
413
173
293
202
32
132
277
670
62
4
353
204
215
34
314
219
239
20
177
14
54
6
473
133
205
102
60
93
40
32
25
443
14
477
53
96
15
181
244
126
709
98
564
200
276
161
5
114
335
23
211
15
37
264
47
163
310
844
16
36
27
44
275
110
2
17
449
84
402
146
511
20
155
118
31
399
171
90
32
28
79
101
128
2
248
107
34
856
702
27
67
223
60
225
18
338
109
229
268
85
339
36
105
177
137
93
213
114
181
651
308
204
75
132
61
921
59
213
267
167
170
105
357
312
208
30
53
141
270
33
46
324
108
317
29
308
17
42
36
7
134
15
149
611
168
254
238
268
104
99
468
39
237
67
32
1
172
128
62
6
28
292
47
261
97
3
8
192
60
284
340
592
32
281
512
32
190
74
513
163
810
448
176
318
35
8
24
102
162
498
51
1328
121
211
27
262
210
294
6
22
245
314
57
12
230
109
142
100
230
70
165
87
8
308
222
136
141
324
19
210
72
11
26
32
76
297
336
1
93
87
862
91
351
367
157
352
115
341
295
619
261
166
235
191
352
6
5
113
937
159
474
5
284
323
529
65
6
560
178
84
493
100
283
187
267
72
62
81
604
10
40
43
111
382
405
116
363
518
129
405
181
20
388
97
19
113
186
71
193
328
54
29
416
412
34
30
64
107
119
52
1
156
36
165
36
265
25
141
289
28
349
34
3
22
244
42
222
160
13
47
368
408
4
88
13
25
650
88
895
60
175
291
173
19
27
185
11
198
512
19
150
202
369
269
216
18
231
134
22
26
41
23
36
129
213
176
139
304
542
279
36
294
207
321
433
336
114
651
502
322
58
14
62
303
61
35
222
96
138
522
46
113
348
38
301
324
84
870
115
432
313
485
305
250
14
290
87
42
112
93
76
88
150
457
81
56
314
9
446
42
76
271
2
28
332
236
177
431
273
79
84
300
51
145
166
245
277
241
194
5
108
214
141
56
210
207
73
11
23
26
463
157
298
290
294
46
534
8
49
180
923
617
450
34
443
82
546
47
16
53
163
131
223
272
129
61
809
624
757
171
374
48
843
79
859
110
660
795
588
228
3
207
230
346
1
13
109
55
10
146
424
175
56
12
117
207
523
11
91
17
90
148
197
52
34
61
150
265
66
30
178
40
9
183
440
129
305
424
105
42
290
308
131
169
786
185
567
127
68
18
20
385
233
615
6
41
29
507
117
75
201
231
161
43
17
394
33
9
173
83
109
53
227
1298
210
184
69
74
87
109
235
240
583
250
104
63
181
38
92
249
56
91
33
875
142
127
198
227
126
61
592
142
906
150
19
980
206
231
487
241
344
318
1
12
36
231
41
47
383
100
6
443
501
233
40
279
18
385
480
31
78
121
223
326
193
74
6
118
39
107
325
216
128
837
323
38
120
99
490
400
68
29
912
164
496
229
68
5
450
67
395
42
211
154
273
880
304
491
53
416
113
769
30
105
100
128
97
471
914
8
239
220
86
298
395
214
35
80
61
45
141
309
30
181
414
4
97
36
492
298
36
210
15
37
76
141
206
361
289
620
112
118
394
99
126
318
648
714
7
49
23
2
124
135
26
851
407
3
4
298
113
107
1
755
47
89
582
395
56
275
229
403
426
2
588
33
7
291
80
30
103
146
9
155
63
189
458
352
886
47
74
191
243
118
211
481
119
149
399
261
43
702
177
6
541
260
255
108
107
86
259
196
178
1567
146
47
107
125
68
113
11
472
27
341
17
174
260
85
370
52
26
243
122
92
212
223
204
42
35
896
538
72
197
279
99
6
42
307
83
121
341
586
84
886
161
397
422
197
166
4
522
201
870
257
645
436
297
415
146
171
126
5
447
130
52
230
14
165
543
96
125
17
272
95
193
551
469
169
97
131
50
147
239
136
606
15
189
174
163
162
166
219
13
2
166
342
117
110
89
32
387
120
38
551
6
165
24
348
247
23
368
28
126
64
195
33
256
95
65
176
81
129
54
355
172
307
40
91
477
342
125
521
63
315
340
248
92
41
141
78
250
785
131
221
322
160
203
161
51
186
320
29
32
57
124
7
412
152
594
58
727
168
11
207
248
160
259
41
36
299
712
231
428
10
133
63
113
126
32
53
186
16
768
164
290
76
203
361
5
301
10
241
249
46
62
198
542
47
42
52
156
247
30
297
103
140
4
47
68
769
6
76
52
117
182
66
226
763
199
98
78
99
189
7
486
23
248
327
488
182
124
336
85
45
23
8
222
433
47
384
4
446
193
150
225
246
102
332
17
94
299
114
66
174
285
220
18
141
125
237
367
442
301
1
32
74
117
144
76
18
32
218
1151
382
265
41
276
50
20
287
469
133
419
76
200
471
169
22
121
124
15
105
27
186
82
616
49
561
42
371
38
79
471
43
73
86
211
44
126
219
92
361
309
30
46
655
79
62
20
593
663
446
160
213
103
185
72
491
165
368
377
59
73
40
144
19
278
251
26
14
15
17
411
354
19
1222
140
475
150
472
86
452
68
161
96
265
144
19
333
52
457
186
102
171
868
166
728
21
388
28
90
438
4
361
51
201
432
176
767
63
198
107
78
265
320
8
144
155
150
188
683
81
221
218
67
50
255
267
61
10
401
189
12
89
843
214
4
53
762
58
75
285
54
253
688
85
187
317
93
164
264
13
372
282
6
72
107
44
49
73
75
417
269
6
90
286
404
187
323
242
429
45
209
234
37
20
48
246
151
24
369
416
200
225
132
27
379
201
38
25
106
48
8
184
35
18
465
719
301
20
23
49
361
129
186
652
129
37
596
439
23
25
68
36
594
7
449
36
263
201
106
40
123
276
75
84
149
84
294
126
11
406
113
8
310
658
62
15
108
443
9
12
184
303
151
237
197
13
12
224
837
24
118
38
261
160
852
74
603
41
149
75
54
6
54
151
107
103
41
23
129
173
76
124
824
521
405
80
348
5
506
169
206
251
14
132
336
182
414
328
65
396
45
36
22
2
595
31
22
90
97
279
87
417
171
124
619
49
14
148
514
152
103
376
122
586
151
20
148
47
284
53
13
121
69
65
208
181
754
110
688
61
88
68
645
302
176
138
525
34
88
80
148
156
97
184
446
33
165
173
424
11
100
17
169
436
292
139
14
494
234
2
362
93
12
172
117
197
18
24
8
19
116
100
115
87
255
4
31
141
88
22
30
29
138
531
324
544
14
64
317
116
110
204
60
316
504
19
34
21
304
543
29
49
134
595
242
185
55
96
24
9
169
114
285
332
291
126
126
48
19
201
129
765
133
30
136
131
364
430
222
49
86
236
310
168
31
357
171
67
259
13
111
204
85
500
112
301
384
125
1133
39
48
47
701
237
33
113
153
52
40
189
305
88
111
47
69
7
142
126
150
256
583
151
112
2
64
143
11
17
99
309
156
28
65
50
91
18
221
151
17
222
301
146
141
51
199
99
212
79
36
409
58
179
197
86
41
246
113
280
272
20
697
101
660
50
180
133
640
1
58
157
162
69
552
117
14
426
156
58
183
4
33
216
215
483
126
39
130
32
86
304
381
162
35
85
386
114
583
106
65
198
17
227
22
109
113
342
509
259
245
437
171
150
933
8
421
9
29
281
326
168
8
79
536
152
136
305
147
189
174
1
11
138
72
52
172
51
138
225
266
140
208
139
275
22
218
330
60
231
60
541
98
14
712
248
288
117
128
605
796
110
49
395
56
135
9
176
165
251
375
199
101
71
374
94
1133
376
193
90
92
444
120
210
36
173
21
383
84
9
169
42
820
101
8
38
6
347
100
53
88
279
216
459
3
157
288
443
527
242
304
235
962
12
66
540
311
425
345
62
434
116
52
505
876
442
240
259
324
13
103
273
703
8
175
69
468
3
345
151
397
121
154
94
29
482
69
478
205
182
7
11
350
17
377
223
39
26
79
454
40
25
22
321
32
24
262
47
193
356
108
394
365
264
274
178
4
154
927
317
336
43
16
481
341
277
338
13
117
29
143
215
1004
54
133
35
81
92
233
208
498
121
470
158
191
3
265
22
19
90
395
469
26
758
297
30
264
178
129
316
106
349
75
173
70
4
146
229
243
8
142
44
305
235
195
85
222
193
71
66
1
32
86
206
20
23
106
191
216
16
30
228
107
562
62
337
88
101
28
78
33
43
252
8
107
236
403
23
45
243
241
16
204
1
411
143
787
174
276
350
482
6
20
191
142
13
91
26
215
216
50
27
68
281
72
595
52
599
473
299
25
65
226
9
22
100
338
21
282
55
2
373
3
190
178
180
127
190
17
375
500
114
219
54
115
134
255
73
398
73
765
100
12
42
112
79
243
23
152
21
22
288
430
83
248
84
380
239
309
404
85
535
13
233
71
427
209
1722
473
14
40
544
69
20
92
28
195
215
785
69
86
68
114
233
156
168
708
14
14
23
226
568
169
482
51
267
531
101
234
271
59
311
57
92
3
21
28
204
104
95
234
113
160
157
411
97
188
99
781
840
101
21
14
315
195
487
305
55
82
44
10
2
199
199
89
127
69
260
27
20
95
104
324
88
104
355
61
14
42
58
30
204
669
8
187
51
378
216
75
43
59
322
505
544
92
82
7
122
55
102
397
258
194
62
144
55
29
49
36
317
379
44
15
481
412
97
218
427
12
127
192
589
106
339
54
141
64
55
1042
428
547
193
171
181
228
13
52
184
576
381
398
130
199
390
192
6
41
234
79
59
152
58
251
43
130
590
200
159
193
67
45
209
113
880
45
193
169
144
175
71
1097
909
90
393
8
128
358
167
530
187
102
227
4
141
376
630
24
942
128
262
31
844
333
1251
271
45
106
159
295
483
110
155
112
722
94
153
9
391
1453
115
25
417
104
80
267
81
128
195
527
363
357
167
12
128
50
147
390
10
177
848
55
34
334
408
84
55
85
539
20
115
191
468
250
81
177
52
93
110
62
471
147
127
144
107
7
123
7
32
265
106
353
94
99
260
9
41
335
77
111
83
22
50
99
168
216
475
476
55
16
13
26
411
117
669
6
127
53
58
15
32
70
62
648
1640
25
252
190
253
427
363
136
411
120
331
62
95
405
195
10
16
130
28
33
532
51
138
189
307
60
278
96
32
113
229
148
1008
301
315
58
11
164
144
32
139
870
104
99
193
48
180
105
67
220
21
237
356
88
81
50
56
45
122
51
23
2
348
294
80
45
52
459
23
348
34
235
8
7
324
29
539
157
7
22
61
46
7
71
222
73
347
149
173
188
121
17
80
386
600
230
350
225
433
252
33
197
225
37
28
95
98
20
70
222
57
693
59
27
178
266
437
139
113
500
92
144
112
212
128
296
106
627
32
708
50
17
320
422
15
77
66
64
29
16
6
97
199
167
83
502
6
952
62
85
239
143
6
101
215
394
148
151
212
2
314
78
68
180
1
127
113
193
353
120
196
22
315
112
225
36
119
165
43
65
530
47
62
28
348
51
3
364
343
392
48
662
25
111
257
15
12
59
592
59
651
21
5
113
186
153
696
283
86
133
149
4
87
113
401
78
399
109
632
572
10
128
257
230
75
122
296
159
190
11
466
29
246
424
20
147
340
97
43
12
215
181
13
391
85
77
80
88
21
431
160
277
53
9
485
266
107
11
62
66
210
216
221
425
563
532
41
12
27
206
25
137
361
62
111
218
15
32
172
49
78
808
118
11
266
47
183
105
73
78
196
272
138
358
251
368
94
377
58
562
168
545
186
50
41
83
376
146
6
35
196
186
38
160
429
399
65
177
238
250
244
368
412
196
360
73
185
17
170
243
361
71
152
389
196
21
372
28
30
253
13
170
173
586
28
438
246
107
477
282
48
94
42
214
194
363
225
293
875
94
550
7
15
126
274
736
52
253
335
107
247
310
89
168
207
97
148
295
87
34
7
63
58
369
36
67
17
144
96
451
195
52
251
367
236
2
66
346
165
97
505
116
166
126
123
71
26
297
147
116
368
279
101
204
1
65
432
243
9
1060
212
77
85
396
1393
187
4
239
161
466
404
26
373
521
72
247
53
422
100
239
30
184
320
21
17
89
286
167
122
92
481
387
158
207
22
48
259
64
717
153
78
232
132
223
23
13
23
238
466
103
587
120
53
115
115
69
147
422
469
74
337
44
221
421
119
117
490
547
223
58
13
263
234
190
363
138
16
138
297
342
7
519
90
11
139
180
167
218
135
198
484
348
279
176
456
15
21
60
485
105
124
111
100
259
23
20
121
304
609
90
225
237
153
129
75
53
135
41
177
282
24
1113
87
35
455
97
299
210
171
184
75
259
165
32
218
37
89
141
583
109
318
56
307
34
213
9
162
120
178
320
137
81
370
86
440
14
258
516
15
13
72
588
112
241
66
52
37
543
175
43
6
6
139
46
221
57
925
180
622
418
6
134
424
93
136
3
66
5
161
1
32
692
9
276
219
398
299
664
316
24
60
128
141
585
326
297
133
58
132
13
126
103
438
295
522
16
48
69
96
53
157
421
630
58
492
109
149
126
9
23
4
2
47
198
64
53
70
611
952
207
106
85
29
204
18
207
106
394
136
120
28
183
241
69
12
2080
93
86
181
131
507
436
500
34
180
487
79
213
101
47
153
31
104
77
20
488
96
166
244
92
39
261
168
288
415
115
178
156
47
434
169
179
21
990
35
71
521
159
