267
291
1052
49
270
96
864
163
68
125
61
19
405
121
63
211
406
6
577
7
235
29
147
361
19
79
84
124
15
126
238
646
46
38
71
934
211
9
137
158
367
25
322
256
4
136
391
54
192
210
106
417
269
91
92
212
185
277
183
360
70
89
138
185
235
340
571
155
393
671
280
221
343
812
44
62
741
118
234
37
18
318
57
303
20
47
313
143
245
65
519
396
895
163
54
435
464
88
260
48
13
335
150
97
187
227
92
258
137
327
4
114
17
312
54
32
74
275
68
216
98
236
256
19
62
130
102
19
281
305
109
121
223
19
10
272
321
34
43
43
10
495
170
185
202
70
28
124
215
482
347
602
387
26
89
34
595
98
599
17
98
114
285
325
346
32
5
99
48
252
153
382
338
656
156
373
1024
78
210
76
30
127
363
348
154
7
38
315
180
100
77
79
33
886
120
446
92
38
192
165
432
1225
47
890
248
725
180
507
196
51
135
97
122
8
54
76
16
56
127
358
123
116
102
428
198
129
37
120
423
47
127
19
15
918
3
741
89
345
389
41
47
241
74
118
9
16
98
11
83
486
151
44
153
80
164
104
188
61
161
69
208
30
237
103
56
5
244
67
21
51
543
178
210
311
260
90
11
429
30
59
104
155
182
456
148
239
200
30
22
13
50
82
225
225
397
144
20
291
3
127
1722
271
446
223
15
415
86
21
86
188
319
271
173
685
428
10
372
6
511
498
86
523
276
177
238
102
5
9
152
55
202
43
370
300
64
170
333
232
267
243
145
56
32
514
95
99
170
375
207
206
46
41
310
62
234
33
33
250
233
43
233
328
55
46
28
173
16
4
113
70
110
80
400
192
115
325
157
83
336
180
303
251
250
625
20
335
165
49
48
420
370
287
489
37
125
85
16
54
304
83
246
25
488
50
108
106
97
763
7
234
262
226
358
59
36
396
34
217
379
16
281
944
556
33
297
94
474
162
193
233
81
119
204
490
226
245
492
31
38
204
5
218
105
175
21
27
263
25
16
56
3
24
98
1149
450
84
11
342
32
398
110
249
31
388
116
309
34
50
345
40
122
170
473
347
469
435
180
5
14
147
39
81
128
319
111
229
22
511
284
54
255
101
387
532
20
222
158
41
283
68
77
263
90
34
72
17
57
61
11
135
67
131
2
9
194
245
488
225
109
14
24
245
31
92
4
333
153
179
187
445
391
147
72
378
132
89
8
229
113
129
536
509
671
1001
81
375
347
140
188
121
38
154
162
212
439
21
253
217
67
476
138
11
330
199
99
112
421
279
37
52
108
97
103
158
37
209
27
157
106
568
862
81
34
243
278
371
106
827
135
204
200
142
74
30
502
110
503
48
17
136
635
212
31
555
88
116
107
198
180
68
228
418
57
130
201
147
172
99
27
152
177
270
82
414
86
706
130
319
590
303
18
83
470
57
139
42
102
147
235
248
33
168
464
58
72
439
84
155
29
274
107
82
739
328
191
16
32
255
265
273
58
165
89
199
249
197
92
65
400
162
124
62
115
51
75
22
306
109
132
467
265
247
200
16
85
148
38
309
118
449
485
87
76
352
369
76
73
295
175
113
322
32
212
60
73
116
25
169
10
288
257
87
501
111
22
156
22
109
35
62
49
85
45
316
88
237
557
511
356
920
599
828
706
279
218
56
358
269
135
412
36
122
46
49
116
95
27
184
93
403
50
90
204
64
284
86
73
26
148
177
213
575
57
89
397
217
89
96
76
908
173
81
502
418
154
110
64
100
585
52
1126
18
118
153
26
48
250
96
332
471
540
6
88
201
50
14
227
3
15
106
61
104
134
91
350
58
316
134
187
212
328
131
158
28
106
342
65
11
36
87
55
240
835
164
269
103
172
251
84
314
187
223
104
156
73
130
24
209
149
150
386
221
456
145
70
479
33
386
615
5
38
340
227
900
629
20
345
572
2
3
136
344
55
22
236
71
16
63
254
763
269
57
208
73
99
176
58
38
38
411
48
236
294
110
542
24
183
30
374
68
35
278
136
296
245
51
71
509
341
115
76
1196
513
588
353
287
108
7
28
140
119
237
78
758
675
486
151
55
28
304
62
331
210
348
109
35
50
36
186
1147
148
293
67
73
6
148
127
180
18
69
92
84
112
269
311
30
262
26
247
103
52
256
288
53
15
49
15
82
122
199
50
122
31
33
260
85
130
124
388
233
125
449
27
699
5
4
79
301
1406
754
114
122
12
56
52
194
790
1
671
141
166
544
705
172
185
160
125
104
34
373
135
67
182
127
65
142
188
30
396
371
232
141
97
24
55
50
299
96
468
88
82
250
35
767
457
717
319
10
8
190
111
86
21
634
137
262
107
505
9
70
163
197
220
346
622
523
397
28
270
62
82
156
30
376
79
60
62
189
177
322
244
576
23
56
194
204
30
136
387
4
207
66
302
284
309
30
64
70
136
8
224
93
268
501
8
204
192
398
162
317
325
15
117
49
141
99
50
178
128
217
200
124
44
133
26
50
396
285
37
120
35
184
85
29
158
564
115
219
12
130
125
40
57
46
583
20
95
57
64
110
108
54
135
269
633
440
99
82
226
17
44
133
90
16
271
83
35
34
116
85
29
95
486
279
231
209
200
17
642
398
96
20
383
75
469
45
213
14
192
289
825
182
202
78
13
74
16
24
585
45
413
568
333
113
8
385
384
571
201
149
613
431
89
459
204
15
13
5
131
40
9
148
141
445
129
266
243
268
292
514
58
331
69
166
144
23
45
37
124
255
324
194
151
159
55
133
182
322
401
55
21
1016
31
638
528
208
112
83
42
104
127
178
93
335
606
35
31
125
677
251
40
246
247
104
80
231
68
357
146
411
580
259
204
402
179
297
494
201
515
177
435
537
9
62
180
29
376
149
12
33
30
405
212
257
207
285
121
256
675
65
36
281
207
44
243
272
71
1
20
254
25
311
208
158
167
122
34
304
227
72
21
108
256
83
137
229
193
105
134
227
721
133
60
3
6
47
90
37
96
8
12
400
399
19
301
13
85
1
65
409
407
665
169
21
605
40
67
179
88
495
128
37
50
131
142
71
412
37
33
65
41
185
93
27
287
128
13
435
458
21
29
185
164
374
55
198
65
319
170
160
72
240
519
101
354
195
171
90
231
79
16
322
61
295
171
208
24
301
270
6
684
65
423
64
189
24
87
8
92
535
416
284
196
2
351
36
35
191
20
10
229
294
189
13
102
624
36
224
559
230
155
17
142
105
202
64
184
303
190
580
24
222
229
139
46
600
200
396
292
141
222
70
323
115
244
791
177
503
190
156
855
246
205
55
239
254
135
19
350
244
46
167
189
118
119
36
208
124
60
133
119
234
421
29
241
23
293
14
9
289
91
226
251
49
241
67
533
295
138
70
73
176
296
246
44
7
182
49
63
81
20
188
45
461
60
233
282
102
230
112
45
549
345
186
73
108
370
182
345
129
234
166
297
695
114
295
104
160
148
54
25
43
1
107
58
50
78
39
13
305
321
284
252
52
92
578
215
91
216
32
46
16
12
216
230
56
296
282
1
124
177
432
565
145
74
221
8
15
158
480
113
168
548
88
123
296
86
104
99
620
48
141
27
40
166
118
47
205
368
57
718
170
26
501
51
193
326
264
52
50
96
71
101
477
96
22
146
10
16
310
362
523
7
353
395
251
31
409
55
55
36
114
144
7
111
42
36
220
283
167
237
300
56
360
47
324
442
131
46
421
359
1044
12
400
25
410
457
709
237
821
97
608
262
18
9
82
291
206
220
218
462
252
155
45
145
26
358
20
235
166
10
112
421
4
340
44
539
784
577
171
19
516
734
160
1375
174
44
78
97
77
94
123
115
81
17
68
162
363
659
124
129
5
313
47
113
561
193
43
108
21
520
136
37
522
13
202
463
421
359
37
131
85
202
274
7
32
381
40
231
293
1
116
105
24
104
14
226
570
222
672
743
283
882
9
266
77
103
217
358
155
6
104
53
615
148
13
360
137
188
90
44
311
18
102
25
237
14
47
303
71
466
131
132
19
137
421
168
148
134
509
216
252
16
453
303
124
347
307
118
72
79
220
86
402
9
163
245
49
42
37
403
94
664
152
66
335
7
2
106
11
148
163
253
34
134
390
55
67
11
31
568
18
43
62
93
13
118
728
273
252
97
356
7
200
51
297
39
57
101
294
748
146
112
158
329
43
949
372
235
525
111
45
410
647
193
226
125
154
171
162
63
362
138
112
85
196
291
235
121
72
187
390
596
194
373
252
46
288
156
284
41
1012
458
413
57
201
55
288
315
153
113
10
307
326
178
152
358
1
102
193
396
131
480
73
775
35
29
267
208
101
73
367
264
40
29
492
162
104
460
259
136
102
265
8
63
118
546
11
141
140
207
266
193
422
283
133
233
6
94
27
85
47
222
229
80
63
145
515
273
37
220
25
220
170
511
691
37
39
7
60
80
671
276
13
105
43
352
26
216
45
90
53
784
506
56
48
528
33
31
85
54
106
351
349
100
174
33
25
98
2
182
272
57
77
221
124
98
240
4
65
122
288
191
61
239
362
375
243
121
316
366
125
506
49
432
19
244
11
72
185
76
157
167
123
36
177
19
208
40
67
115
88
185
432
92
60
24
391
150
302
321
65
32
107
34
60
166
135
193
243
635
101
322
865
18
240
661
431
105
36
416
107
110
25
180
356
171
24
74
133
158
103
350
282
77
36
291
330
328
590
24
86
117
73
35
28
153
20
134
111
270
108
8
35
149
211
443
649
473
160
370
324
97
413
91
136
82
155
11
261
296
264
30
440
307
801
41
88
139
194
162
143
522
204
240
40
144
103
530
261
283
34
266
137
270
378
49
365
443
43
297
129
369
121
185
81
265
529
28
209
314
185
585
155
147
498
87
261
94
32
24
227
54
84
130
367
154
78
33
55
104
204
37
21
190
14
103
288
286
133
256
173
116
247
108
1
319
40
703
211
78
3
322
121
38
95
6
248
477
197
459
52
1
51
533
56
469
408
97
94
11
363
33
76
232
583
231
136
276
44
870
100
302
130
84
307
24
91
339
168
48
118
38
118
158
30
55
33
278
142
93
118
146
3
18
194
1
221
118
229
18
174
74
810
99
85
8
140
77
60
269
128
5
327
207
190
183
109
261
208
105
652
35
87
305
432
212
378
14
169
87
85
55
315
74
12
5
304
38
150
307
381
36
16
29
16
624
160
122
605
143
35
85
167
142
165
42
38
122
599
310
239
7
86
90
30
351
351
280
67
779
414
48
305
514
195
163
668
256
39
26
122
35
247
60
962
32
203
322
113
165
126
67
112
19
213
76
284
40
26
440
242
229
212
4
153
78
616
149
153
148
135
79
140
254
478
13
60
293
54
103
14
142
153
456
138
18
77
236
208
31
83
593
50
123
14
86
113
29
140
133
40
471
183
144
140
246
661
416
258
10
22
135
80
73
430
42
708
160
133
317
201
661
136
223
94
123
107
13
207
181
71
24
210
100
239
376
249
23
225
12
21
190
18
68
74
110
366
536
63
902
102
209
102
91
39
3
8
327
17
270
42
109
624
67
6
126
16
49
52
93
116
37
110
16
26
263
563
331
77
27
33
416
101
993
125
152
173
34
115
176
161
226
491
306
238
25
277
176
24
49
1062
107
55
1073
21
1
55
130
1
418
357
877
252
209
468
70
44
25
133
133
28
388
106
443
152
82
78
527
176
39
67
39
323
201
217
158
382
547
166
470
26
141
133
599
107
251
119
263
319
56
66
195
6
207
78
25
173
43
55
62
214
197
36
28
65
426
425
9
294
99
76
23
285
10
771
220
8
121
206
46
79
142
525
102
98
582
12
329
119
548
118
445
111
72
107
360
449
134
219
518
64
368
328
445
52
77
186
2
253
48
45
79
225
688
1491
402
314
257
126
30
92
195
149
309
241
153
314
296
721
57
95
388
28
268
117
320
230
189
57
14
544
73
515
116
177
34
213
70
42
476
144
1020
108
295
218
33
198
195
33
30
225
111
740
252
121
138
256
16
26
227
99
33
143
4
251
182
206
15
208
38
394
103
55
959
145
95
204
102
244
357
113
370
2
281
2
184
236
142
55
233
97
276
22
312
188
183
165
170
64
39
78
47
114
16
305
123
111
451
346
39
291
104
226
149
338
115
196
354
211
26
229
81
34
144
13
261
271
64
160
393
275
107
195
79
417
292
96
116
280
60
39
81
1106
156
4
153
318
31
163
556
127
213
356
105
660
29
145
542
287
53
397
223
40
41
17
225
141
67
90
244
603
394
61
572
501
109
230
569
133
2
30
228
201
105
165
9
41
57
80
178
402
198
294
550
152
90
355
192
737
103
32
267
76
169
52
73
103
41
878
155
61
209
71
6
737
204
367
18
8
595
593
21
181
182
205
73
185
70
178
265
69
402
58
270
769
255
348
529
216
569
86
358
87
29
160
40
219
172
263
20
171
333
108
18
358
53
541
31
9
308
226
353
320
99
66
203
529
25
98
159
57
301
65
11
346
3
2
155
51
109
99
87
245
406
93
97
330
180
46
156
82
26
1803
510
41
214
563
15
928
6
381
23
14
270
91
30
177
73
98
268
143
82
14
394
39
200
8
13
20
256
22
72
344
10
14
59
132
76
6
102
358
44
272
303
89
378
76
289
102
132
742
196
260
122
22
83
174
15
57
99
185
193
91
583
224
302
683
65
15
881
115
241
692
356
41
610
251
19
493
73
394
141
226
63
112
441
554
52
87
202
107
405
183
59
356
257
495
2
102
224
221
61
32
297
282
191
440
53
13
108
10
408
107
314
723
609
139
246
22
227
292
54
158
48
229
168
113
179
107
435
208
82
84
239
54
30
101
234
37
116
228
283
231
65
84
53
599
41
41
603
50
170
612
59
59
89
323
127
42
53
410
8
176
95
136
338
413
5
537
224
496
195
41
1
460
13
304
40
67
230
12
200
3
139
416
155
265
123
57
363
49
9
374
163
234
29
425
25
81
97
59
211
203
9
156
4
390
136
243
127
55
101
10
261
68
301
84
106
303
426
210
146
263
32
264
1
5
34
182
12
658
454
20
39
108
40
11
198
337
154
520
100
229
131
107
42
607
115
2
214
301
50
984
79
7
93
294
105
58
47
17
16
51
599
6
64
563
267
93
204
26
454
24
251
14
76
295
529
2
51
94
154
246
68
182
9
147
66
9
62
196
68
25
171
217
213
128
112
132
198
134
338
51
835
291
220
120
140
17
362
160
191
302
294
31
22
28
111
231
32
130
160
878
183
353
498
493
366
236
185
497
1039
274
452
217
547
55
607
127
388
198
289
286
317
105
163
59
504
181
43
25
625
376
236
309
168
235
119
254
11
321
52
245
43
346
177
14
184
256
271
92
107
14
153
517
222
69
162
321
46
87
8
134
112
291
184
11
368
145
127
459
164
269
44
479
316
273
164
36
160
59
225
715
113
95
564
108
403
72
458
29
202
20
190
172
949
236
209
108
66
123
61
96
85
74
420
39
181
424
124
298
16
250
392
249
95
448
271
243
262
33
42
48
26
396
161
58
316
529
226
21
709
6
14
39
25
32
23
284
187
568
460
335
41
349
411
186
596
68
221
85
78
105
136
168
302
9
120
126
244
195
1180
501
49
13
22
101
68
264
41
135
13
853
124
67
186
35
285
62
12
170
109
1
112
128
87
85
616
91
411
67
74
287
100
67
151
279
158
56
2
101
431
328
106
107
234
70
305
27
7
457
349
25
215
111
157
178
291
63
46
453
87
373
488
41
23
44
212
201
160
3
30
73
119
265
77
687
23
7
427
783
229
73
188
192
5
121
443
384
49
221
74
12
100
102
156
164
395
60
159
175
55
20
59
128
175
450
225
267
45
315
309
347
33
424
702
28
25
6
106
45
208
123
60
186
125
64
549
108
367
214
98
339
237
749
211
282
128
140
177
33
111
621
21
182
92
189
240
9
144
39
281
105
126
33
65
206
2
466
164
25
241
40
168
466
756
54
86
388
283
92
96
864
46
1100
31
19
251
17
319
19
279
5
72
21
164
376
313
193
114
332
179
407
167
45
243
276
25
156
18
77
163
436
181
90
531
134
603
528
12
124
134
89
85
312
32
271
65
59
123
78
25
189
536
260
5
239
196
186
21
215
73
152
123
13
1153
270
688
19
68
180
251
150
49
62
298
309
22
208
114
214
33
437
104
4
44
177
31
54
98
14
453
119
42
259
143
131
167
524
209
165
199
101
134
203
205
173
133
110
240
658
79
584
640
317
190
357
259
42
120
704
59
16
115
399
196
763
54
79
140
16
63
282
38
140
204
279
206
107
449
43
42
237
241
184
43
402
6
616
171
25
571
217
258
485
196
602
51
47
199
93
51
224
21
192
354
499
465
109
77
50
98
236
156
227
310
239
94
62
450
95
144
316
19
212
138
46
79
379
76
40
33
985
93
166
95
41
54
135
131
305
827
324
77
189
118
185
67
459
60
140
117
41
8
138
351
434
141
508
96
317
580
140
256
34
316
515
73
178
272
491
9
174
40
71
3
260
74
1032
85
128
328
114
392
162
89
83
165
453
441
96
182
25
427
195
274
107
171
67
13
12
110
259
260
32
214
44
284
497
58
52
188
62
46
58
73
288
104
65
36
335
4
54
277
52
188
362
19
505
1
142
310
482
14
73
32
105
99
78
341
32
27
147
39
266
381
138
465
39
355
25
757
89
126
135
176
213
81
67
17
110
178
334
181
165
39
422
93
420
170
384
109
132
135
532
188
505
94
13
280
59
1369
140
338
374
9
135
339
1583
700
578
151
61
15
277
168
147
862
144
608
225
189
74
289
17
197
90
608
123
189
36
504
162
1363
515
622
42
291
513
27
691
37
208
245
92
99
51
278
97
117
26
465
140
30
157
3
41
155
167
248
172
195
96
116
256
202
252
33
441
415
348
36
89
67
13
87
63
256
130
37
380
46
121
244
218
1
291
74
30
570
28
390
22
231
198
74
138
114
12
189
10
350
169
161
12
102
238
225
19
121
21
321
246
215
25
75
11
64
150
278
98
66
134
365
121
70
37
141
254
201
664
6
86
71
424
422
10
74
487
88
154
42
3
186
365
475
159
31
33
53
251
107
122
243
518
168
204
38
182
674
77
45
74
163
18
41
341
241
107
152
485
155
513
277
142
143
50
296
8
18
11
98
168
82
713
20
165
111
63
57
402
184
75
332
313
343
28
182
315
156
78
71
268
370
33
41
43
105
508
314
254
140
110
123
218
153
211
9
90
60
153
223
62
68
346
402
703
481
613
413
163
460
8
168
66
87
253
282
6
35
23
52
165
50
153
99
529
791
74
395
30
100
54
343
114
411
12
133
56
99
198
166
46
55
514
2
62
193
248
575
80
180
7
11
97
151
58
84
199
199
378
176
157
189
280
67
84
38
79
140
371
68
335
115
38
880
113
4
65
220
336
119
270
144
11
658
377
45
6
237
95
101
64
666
16
38
15
408
76
666
5
129
394
21
284
131
57
161
23
240
262
835
73
42
60
230
188
95
124
124
493
10
27
36
222
127
17
323
288
188
5
2
202
226
50
320
76
471
163
71
177
429
441
153
11
71
49
372
56
112
170
4
165
48
38
307
53
67
266
236
1064
273
126
5
283
22
237
340
506
30
168
167
189
26
397
273
148
30
72
241
176
668
94
9
45
53
36
19
55
77
16
142
152
274
2
243
14
123
452
13
190
344
21
218
2
223
184
143
297
67
153
520
90
165
468
37
218
89
18
394
14
45
706
95
258
70
83
241
81
40
68
478
4
344
72
402
236
151
454
45
123
149
68
37
101
142
9
141
96
14
60
402
39
63
31
471
149
70
140
208
110
107
36
44
90
50
228
109
232
100
99
208
344
415
63
6
182
331
144
200
92
9
92
357
31
180
31
35
128
402
427
30
72
6
228
55
123
77
18
154
20
230
166
33
243
168
155
21
753
44
429
181
55
46
111
122
188
601
96
225
246
87
46
267
4
189
345
335
253
203
239
102
27
158
272
136
154
11
138
519
202
25
167
473
45
228
314
105
82
372
22
124
639
75
158
782
260
126
111
38
31
494
12
35
15
363
21
474
86
980
434
6
291
260
341
160
11
337
39
77
35
136
104
1003
160
148
77
93
220
194
36
6
81
24
8
544
77
30
204
23
286
67
317
434
216
502
268
779
42
40
194
318
4
361
49
49
103
790
67
95
38
337
165
169
130
103
391
340
89
276
52
62
875
6
212
659
239
69
63
25
182
162
148
106
586
150
77
155
4
466
157
118
224
143
798
122
90
40
19
397
293
229
166
8
363
159
55
229
88
37
44
84
397
604
191
245
14
584
82
375
144
257
158
746
237
436
202
327
91
13
198
21
49
223
42
152
249
100
221
115
46
176
33
149
35
178
786
43
183
41
263
134
173
20
17
88
381
375
171
48
123
423
266
146
128
39
137
82
187
77
104
176
482
73
188
836
59
486
9
86
382
12
341
67
144
435
67
509
387
1
237
268
47
231
1
18
99
91
250
141
24
75
59
125
52
321
436
148
145
174
167
194
54
21
277
147
44
43
200
1079
143
241
265
488
300
275
94
262
515
28
504
165
106
170
92
92
2
63
32
102
446
128
217
112
57
161
148
611
25
78
586
394
252
851
66
266
495
163
27
89
27
17
7
136
66
145
55
168
45
198
102
85
566
233
310
35
131
100
782
332
84
324
101
292
125
204
284
224
724
342
435
363
27
157
341
286
20
304
246
72
362
142
133
169
327
157
270
35
196
74
329
307
157
96
134
558
363
33
116
217
442
125
199
2
37
171
427
70
331
51
602
294
11
62
22
268
50
171
218
285
123
245
152
8
768
4
17
167
4
261
116
23
45
201
219
223
172
535
224
135
926
506
138
34
17
668
309
935
148
155
9
57
389
247
150
46
142
476
89
326
66
75
252
430
8
238
213
189
295
22
135
48
311
36
48
180
52
103
503
553
200
104
244
434
312
36
3
97
171
118
417
307
838
156
16
81
25
52
183
168
63
70
127
321
599
125
75
45
505
17
258
212
15
92
352
466
77
201
9
31
52
60
143
185
184
313
35
62
282
8
369
60
228
111
179
11
336
163
87
12
216
54
63
231
613
365
522
138
183
102
149
146
21
40
136
78
226
32
122
651
404
30
16
90
245
30
230
56
75
99
53
48
10
324
127
10
831
118
397
359
428
125
47
5
108
65
100
773
398
105
73
38
619
299
80
151
32
317
108
25
718
28
44
231
304
121
16
50
126
8
368
11
143
157
229
197
3
345
28
172
465
23
425
24
25
104
792
96
431
128
73
415
498
37
354
124
209
169
234
35
69
230
106
58
508
17
97
298
71
76
631
18
198
131
46
127
8
241
280
142
482
687
241
46
392
23
14
137
151
59
280
68
583
220
125
141
208
52
178
96
68
127
133
117
717
136
31
101
3
164
247
126
72
321
331
57
23
299
41
252
104
80
162
133
145
136
54
393
74
396
110
351
175
51
214
164
627
347
104
147
480
21
59
304
52
45
224
194
167
49
317
3
83
81
51
26
225
433
74
78
198
174
383
655
98
259
288
76
240
414
155
537
47
206
31
594
621
27
41
106
260
232
404
58
140
147
266
3
236
309
184
413
108
236
233
23
135
87
116
161
105
285
577
43
723
278
128
113
371
57
15
37
229
224
245
60
32
415
477
124
114
89
97
123
174
53
175
10
66
233
219
20
99
77
395
82
399
43
226
218
85
624
478
500
25
418
642
361
198
19
103
53
86
745
63
1206
25
606
7
9
267
159
285
250
9
23
94
382
29
604
157
9
2
91
26
33
72
48
196
279
99
174
259
161
138
56
48
94
27
77
97
337
114
624
99
38
391
101
105
252
199
55
44
570
126
71
684
348
24
341
8
272
682
131
51
28
145
728
141
118
309
147
341
165
156
36
167
41
110
40
265
90
317
133
23
241
125
74
164
93
3
11
419
145
1191
205
21
29
208
46
320
6
98
126
91
565
338
199
205
118
107
38
691
238
218
81
19
194
345
215
370
229
14
134
38
273
47
201
94
46
255
43
16
502
71
303
456
19
191
10
75
191
186
323
170
19
395
204
72
827
125
82
191
28
493
504
69
15
107
276
559
118
36
105
216
420
848
330
29
186
440
74
192
76
402
49
371
98
191
137
57
7
104
9
145
157
334
89
577
24
151
1020
146
115
988
157
54
201
4
189
200
163
40
158
580
33
34
68
536
455
268
45
291
805
281
45
6
52
180
8
43
116
167
21
225
51
348
143
335
430
10
719
318
132
196
20
5
226
150
183
349
104
205
65
12
3
252
608
127
636
237
105
112
190
195
141
349
78
397
116
282
70
351
100
416
99
602
144
506
115
28
122
89
34
80
122
205
65
176
35
4
727
31
29
104
32
450
97
51
252
480
225
293
141
44
20
647
280
133
174
12
518
47
433
47
398
101
244
104
450
279
102
233
823
162
23
46
148
223
189
697
383
89
312
458
25
20
2
875
146
32
71
42
193
20
198
457
255
8
44
166
612
242
689
81
37
33
113
59
46
82
317
2
214
45
168
156
240
161
322
266
20
117
413
109
625
49
32
313
96
7
78
230
144
3
433
210
38
267
114
83
190
90
59
26
145
3
3
112
321
238
366
349
91
131
275
45
86
21
193
20
671
291
241
223
181
88
430
43
24
250
213
170
31
78
6
561
68
703
85
206
520
270
51
259
230
631
169
76
37
91
587
399
15
47
36
303
44
136
109
84
170
17
391
109
34
422
421
572
72
376
3
187
164
1
289
275
399
38
48
465
290
252
276
991
280
513
287
186
67
68
217
81
188
110
6
229
769
313
66
119
87
1
224
19
32
428
1000
9
44
1
293
117
122
652
89
51
158
16
291
18
309
236
140
56
270
519
89
144
498
477
111
190
241
102
47
45
22
432
36
188
116
542
158
279
148
1491
360
30
119
106
220
139
187
281
163
899
645
92
65
105
54
39
54
118
18
174
249
100
337
185
56
68
338
9
15
1
49
345
595
37
522
67
38
132
190
189
32
83
261
25
106
46
39
202
84
318
243
237
141
126
203
255
505
292
4
880
20
240
287
144
44
172
498
202
45
1290
208
139
79
445
713
31
195
17
551
108
20
89
52
130
27
167
449
5
184
171
49
8
172
239
85
59
309
133
349
1110
477
91
144
274
385
23
19
1108
829
165
239
274
168
219
322
61
78
39
416
96
107
18
7
11
244
43
28
76
211
379
149
138
212
55
852
295
51
64
578
361
315
146
184
576
159
22
5
719
16
27
369
290
45
142
170
126
428
261
56
14
116
129
89
396
4
194
337
20
200
153
415
104
164
36
283
111
159
439
786
28
169
178
5
55
149
480
104
82
263
42
301
672
146
1
29
104
332
389
249
77
1
404
229
9
3
11
58
239
313
21
48
377
50
18
193
623
222
43
168
69
19
318
323
169
732
534
30
8
9
203
89
33
820
22
204
230
23
19
27
89
51
203
267
357
214
128
314
37
203
23
167
165
5
28
86
150
191
177
25
61
628
1024
104
99
527
470
133
385
2
144
104
23
145
62
7
97
260
616
228
49
31
56
95
718
323
22
109
173
654
33
67
39
3
73
129
509
500
314
114
225
22
485
16
264
9
174
12
101
138
18
99
155
198
7
117
575
519
726
854
164
61
205
80
127
429
68
33
263
277
26
35
395
1124
50
19
25
488
6
51
88
59
278
889
221
57
284
226
133
24
86
939
103
127
514
105
112
126
2
1136
457
561
19
333
256
147
247
94
53
582
437
113
86
141
43
148
52
422
157
124
45
70
38
84
27
64
248
31
539
415
421
154
180
257
270
1
34
248
1664
344
34
228
71
7
10
686
858
1
551
25
87
209
69
195
265
495
374
14
160
196
121
117
207
61
17
12
693
348
218
359
12
70
9
95
53
380
254
178
13
104
187
64
1029
162
160
129
223
164
302
703
367
109
12
254
103
204
256
187
141
348
81
93
41
196
35
2
140
42
53
150
226
227
31
96
28
679
90
114
651
19
52
344
345
161
104
129
180
22
689
293
508
6
371
5
6
189
380
65
299
328
8
36
119
270
159
42
57
32
245
76
522
68
177
38
173
149
277
242
1278
10
92
212
205
512
130
243
179
5
167
180
163
557
43
20
81
130
488
37
238
333
35
32
53
474
87
72
8
73
552
186
275
380
163
19
521
128
22
162
46
180
366
20
44
68
83
30
196
271
111
141
214
36
436
38
438
222
23
44
676
80
106
190
74
374
65
194
431
22
42
539
162
7
74
197
433
5
248
81
692
89
92
24
35
390
211
388
57
62
153
170
836
138
46
92
137
84
85
146
126
248
307
106
216
3
239
290
217
306
31
530
87
25
24
188
17
7
332
436
2
88
103
392
160
42
578
268
126
192
237
289
126
218
160
305
451
40
349
323
104
228
13
104
21
302
28
84
29
68
74
37
47
166
175
47
673
57
390
324
257
486
81
14
148
318
262
13
700
31
187
269
367
68
133
119
442
16
780
95
419
232
234
338
54
134
7
132
95
754
284
398
24
118
94
367
25
106
36
130
568
132
11
75
154
210
6
691
269
241
78
136
253
296
20
39
336
237
328
64
296
36
12
117
347
100
4
54
173
67
66
132
48
278
60
634
467
68
447
22
2
78
467
43
466
160
57
326
4
252
12
427
871
12
280
65
99
484
164
22
16
209
24
272
147
125
109
378
45
39
432
43
102
173
168
235
149
137
129
132
63
12
4
82
241
92
120
79
230
26
100
7
192
50
65
33
636
24
355
400
147
295
101
328
668
15
59
537
145
160
236
46
76
41
7
95
113
69
82
291
530
22
1
75
14
39
941
326
628
32
408
188
335
992
108
264
20
95
970
169
215
29
108
41
63
158
151
126
157
129
44
964
235
514
658
656
26
36
13
7
69
1036
3
103
395
53
149
727
150
7
475
781
170
25
277
397
171
157
6
308
57
10
106
193
417
186
591
254
78
71
448
97
17
11
360
67
71
85
456
281
84
160
49
60
260
392
99
436
5
164
32
54
182
182
590
130
266
31
257
7
14
37
131
191
304
224
998
3
182
217
73
146
634
105
54
49
113
39
199
29
275
548
182
112
134
42
95
193
401
138
32
18
175
341
106
246
47
44
58
15
16
729
24
505
32
12
91
99
366
89
89
232
52
939
41
243
214
86
393
76
46
187
38
279
582
301
405
397
142
500
121
207
449
159
63
373
5
489
23
5
596
35
12
393
67
2
327
26
235
17
32
12
8
92
372
214
16
8
200
139
39
23
161
213
13
25
82
100
7
90
12
19
185
324
313
40
17
56
120
119
4
380
177
160
902
212
73
26
266
12
15
59
10
1
174
265
112
427
119
413
774
282
463
66
133
852
54
102
29
480
47
40
471
180
26
254
7
72
312
44
153
284
33
839
73
326
225
54
229
145
86
353
2
109
109
1090
27
411
212
128
69
46
60
151
128
249
67
249
130
25
196
210
504
158
113
290
129
236
13
53
90
34
91
3
182
206
135
92
446
20
451
180
278
67
411
112
225
18
45
444
816
416
53
656
42
67
13
439
110
330
12
141
381
105
112
101
175
233
16
54
2
273
106
35
12
65
108
148
77
11
184
368
162
79
27
84
131
74
309
405
91
62
16
170
93
87
12
39
30
306
56
37
153
103
57
319
18
66
87
40
10
111
317
90
153
40
497
245
299
109
598
114
386
31
199
215
952
154
89
282
301
28
32
116
92
21
7
85
16
88
54
135
86
133
238
129
190
26
74
242
460
442
132
155
317
134
76
246
196
701
10
295
91
438
8
12
61
84
2
392
179
156
249
60
165
753
328
108
346
318
20
231
149
125
488
86
112
79
357
98
5
31
108
15
22
45
59
269
329
23
859
195
160
363
150
2
394
27
51
209
156
354
37
267
35
86
90
58
85
203
669
16
312
1094
91
252
157
37
56
514
115
370
100
28
49
49
144
754
63
187
204
373
133
331
144
213
37
50
156
383
127
96
183
427
92
642
96
1201
171
393
149
291
114
122
54
20
41
193
183
29
209
176
82
463
258
69
46
613
274
53
287
767
18
131
246
196
8
506
157
109
115
79
264
31
497
81
27
122
106
604
334
35
247
229
44
536
218
325
109
408
557
1071
518
224
327
353
91
367
561
54
151
244
243
169
174
210
386
76
58
90
40
20
62
118
1
852
234
63
12
364
108
89
202
182
150
45
180
69
263
314
9
265
188
317
73
171
427
183
12
264
106
42
28
447
38
25
532
13
430
126
1034
394
164
19
169
178
215
8
284
236
14
122
36
247
207
382
141
68
157
5
40
92
1018
148
54
36
360
2
259
563
115
69
507
73
72
122
76
1001
1481
430
593
364
254
149
683
521
20
59
493
195
166
222
252
131
757
39
342
233
212
224
130
25
186
264
192
168
42
167
70
73
355
217
35
136
30
108
634
193
1
184
135
126
8
3
3
312
549
39
160
50
26
99
23
166
54
1513
48
5
388
58
290
130
5
143
258
101
391
62
133
134
5
247
152
227
33
55
58
137
8
295
115
132
338
32
100
249
290
147
38
2
10
12
368
567
8
303
80
58
145
512
272
245
99
191
226
16
41
59
124
60
9
111
353
36
111
215
578
127
54
551
75
352
174
58
127
182
538
11
1227
265
359
636
292
480
531
170
494
121
144
232
147
47
74
345
112
506
256
88
51
47
63
25
314
287
97
339
118
329
91
24
21
134
202
218
116
47
16
11
172
168
186
419
30
595
302
401
64
98
168
97
152
299
19
30
24
12
128
124
106
105
172
773
85
27
357
10
132
40
369
280
81
34
6
444
421
159
1
226
274
33
529
190
3
130
146
73
26
500
600
185
367
243
105
430
315
51
114
358
125
408
372
175
45
468
112
143
32
157
25
183
173
309
389
199
217
20
639
30
1
154
6
98
14
125
70
64
370
83
155
128
321
314
68
221
158
134
166
54
41
569
370
42
370
346
139
271
74
422
109
95
71
12
1010
223
60
532
60
342
55
843
84
27
270
528
737
90
14
156
65
68
20
50
144
51
611
288
22
711
201
158
137
760
415
187
56
8
111
337
521
105
14
210
30
227
99
264
71
52
341
221
138
185
321
77
9
242
222
17
1087
13
34
66
95
26
633
63
61
301
112
70
143
31
284
312
72
264
233
27
57
11
42
117
62
363
18
211
577
366
20
48
190
129
55
269
378
43
24
21
196
488
683
3
340
87
19
352
76
189
110
137
103
369
491
103
243
93
171
22
78
15
226
167
130
99
20
10
70
338
56
28
1
39
177
20
58
174
40
35
272
86
51
241
562
341
16
13
6
69
265
4
414
10
46
149
45
244
297
316
227
342
185
86
36
5
225
25
329
177
137
31
59
248
168
14
199
111
21
455
160
109
411
51
448
205
338
113
139
9
38
9
171
60
312
259
660
197
125
30
16
88
359
25
186
37
294
100
357
78
274
89
228
66
31
1491
63
579
839
185
40
265
7
78
30
101
269
43
89
415
7
224
55
18
87
93
208
509
1045
565
142
99
29
399
490
28
158
23
130
62
154
78
29
364
548
201
27
260
268
207
100
96
70
255
16
43
156
40
78
430
57
118
46
258
248
318
376
550
511
296
181
29
203
369
87
28
75
118
422
632
105
628
47
128
4
268
608
77
55
301
224
233
94
23
14
207
66
143
37
98
625
232
68
70
315
97
525
21
112
232
85
4
258
680
8
44
328
211
365
76
199
94
354
233
16
181
358
233
807
81
212
439
40
3
342
249
393
30
8
630
104
293
12
9
1406
132
48
77
25
395
69
61
54
30
5
610
420
11
361
187
73
159
40
168
639
97
9
171
7
62
601
204
44
167
32
105
443
65
33
79
54
53
124
121
521
49
166
64
37
18
1502
94
17
110
254
63
146
459
106
66
388
437
8
312
186
108
80
235
103
21
92
110
74
21
21
101
491
257
415
35
38
294
373
41
129
41
81
162
487
28
643
122
48
23
287
301
66
29
519
236
414
216
129
152
76
62
153
347
282
266
123
362
619
212
133
119
2
6
38
246
10
24
81
556
80
861
223
236
249
1363
373
115
1664
207
38
69
17
1583
248
233
87
73
505
58
113
277
195
313
159
27
134
260
224
87
281
311
300
165
109
82
53
286
180
34
335
241
60
14
64
10
33
34
581
119
606
14
87
156
166
14
69
187
198
82
95
347
11
67
129
357
274
54
4
201
61
76
233
120
196
528
106
194
728
192
27
33
85
222
77
792
45
83
312
174
6
686
183
736
207
512
228
296
133
199
19
74
159
177
85
131
58
229
376
100
456
225
344
94
757
36
299
135
4
450
549
26
49
306
191
252
156
109
1199
78
169
133
76
546
265
402
381
86
50
368
307
144
53
34
74
8
355
90
2
621
22
55
670
62
343
214
159
113
85
246
94
98
5
130
103
31
241
63
189
175
242
205
63
181
410
22
47
8
709
334
33
268
28
21
123
5
163
41
91
680
61
569
21
378
622
2
465
4
493
27
96
227
645
7
41
259
77
302
132
54
167
293
38
217
91
104
83
96
55
225
416
207
16
136
331
161
176
45
48
28
119
943
58
21
89
237
62
124
217
219
114
124
407
48
449
6
224
81
408
66
299
36
266
58
40
609
131
75
49
425
171
138
639
201
217
63
84
3
19
340
176
124
253
145
54
358
753
180
144
58
221
205
36
103
117
10
161
28
115
490
55
189
15
200
242
9
102
184
125
22
16
69
90
19
79
36
23
11
524
181
535
286
233
86
136
391
82
277
290
11
84
23
34
219
196
135
148
110
176
123
91
308
133
364
402
228
180
32
5
1664
20
265
171
230
51
59
620
255
184
165
904
663
47
193
158
7
3
146
394
46
238
40
297
191
112
439
165
180
46
38
193
151
222
41
229
11
511
41
356
453
63
30
828
82
97
29
19
112
376
189
281
7
156
16
148
386
385
84
142
104
41
471
193
48
236
174
18
25
292
523
137
3
48
192
23
377
170
75
165
67
178
33
356
295
66
110
152
136
163
164
88
477
467
1161
368
83
9
7
46
89
19
57
108
106
33
181
73
105
332
307
351
272
156
733
76
140
108
124
340
53
39
95
86
25
15
13
46
487
117
26
14
126
165
408
34
34
202
31
26
29
132
31
377
227
373
101
4
150
314
105
134
135
44
22
81
59
273
222
248
220
124
433
65
86
46
138
93
6
17
320
233
91
77
623
228
225
137
44
88
91
183
117
273
107
552
140
265
304
79
96
125
10
145
371
10
30
93
315
330
151
258
168
272
218
100
282
127
8
79
195
79
282
92
255
436
397
170
343
176
90
162
246
217
48
382
759
40
41
297
100
76
427
220
518
187
329
25
10
122
315
2
99
151
215
762
89
73
107
25
290
140
426
148
31
178
11
172
270
14
11
123
467
350
5
364
339
44
314
57
71
784
229
15
234
34
58
209
118
131
92
111
146
245
119
215
29
198
37
200
11
238
150
341
451
94
185
4
212
6
360
450
603
127
37
419
39
967
510
575
8
1007
267
44
257
1369
98
270
24
60
422
323
72
208
190
178
483
18
2
358
77
44
93
140
108
119
112
201
677
108
69
295
37
145
60
788
138
309
56
433
127
10
52
254
86
21
154
378
124
38
78
274
35
106
10
397
14
150
90
100
216
102
43
97
345
333
98
36
111
13
299
163
167
218
679
389
146
340
268
5
5
603
92
14
1758
642
272
23
59
111
179
11
77
143
223
94
688
269
70
740
165
109
690
164
265
390
174
153
187
37
420
423
11
353
223
611
27
262
158
254
69
572
120
87
126
469
1
232
155
59
408
137
111
8
5
10
64
133
61
490
422
23
362
151
611
73
133
102
69
46
289
146
124
770
985
415
23
83
226
183
114
103
260
205
3
237
87
142
120
135
513
1538
14
42
249
111
26
703
303
57
258
120
525
219
4
149
1100
10
245
35
101
270
149
78
43
39
301
287
182
307
141
484
46
206
94
160
344
92
472
145
56
41
25
31
305
226
41
220
606
32
45
75
20
17
209
57
76
247
212
46
190
12
206
427
120
153
128
543
241
138
200
254
66
268
202
155
70
104
33
176
15
66
1097
79
472
546
190
143
394
234
7
174
130
377
8
198
267
48
137
222
22
72
179
122
4
67
477
137
208
9
15
161
68
105
670
80
46
643
43
150
76
107
309
9
132
6
352
127
383
12
12
232
2
189
9
239
72
7
8
123
56
29
16
540
56
82
120
10
169
35
30
341
422
4
57
82
30
336
29
341
73
69
53
139
183
182
50
140
235
10
179
130
244
165
61
43
75
247
62
318
326
416
34
908
131
132
49
320
40
283
6
41
79
858
167
51
69
302
76
6
128
54
187
41
415
162
237
424
173
4
231
133
520
322
538
274
281
204
681
91
162
284
169
38
385
11
16
167
251
4
138
149
207
83
180
328
332
233
105
209
379
180
125
193
39
667
25
425
14
34
56
166
114
13
294
127
164
57
55
351
253
145
466
82
526
621
148
38
311
411
104
54
209
191
337
70
2
275
81
68
136
156
58
145
45
59
193
406
348
36
3
461
91
347
202
454
286
146
367
241
74
93
213
131
50
22
112
45
23
404
36
597
358
35
222
540
125
64
15
59
279
59
336
64
584
359
292
270
71
72
124
102
18
307
22
75
147
519
122
195
90
99
38
578
184
46
209
27
10
97
10
183
35
320
154
7
661
305
84
136
109
114
288
413
11
13
210
279
54
310
148
117
432
256
421
118
7
260
323
1075
1369
48
120
737
180
528
153
372
31
58
93
406
250
423
183
79
91
137
40
499
286
56
255
29
3
191
304
250
18
190
48
8
172
254
29
158
73
194
202
850
110
34
352
230
138
120
69
157
100
251
155
5
49
234
190
281
71
37
85
24
110
180
116
85
61
47
536
169
65
236
30
77
661
297
219
369
326
320
193
502
258
242
155
91
116
91
52
710
141
336
1294
20
118
57
139
182
284
82
207
101
46
327
324
71
33
248
322
85
97
110
372
112
38
301
679
86
822
88
14
8
199
84
32
46
60
896
433
15
780
19
8
128
138
125
400
722
172
507
25
67
242
218
237
209
290
188
171
125
27
175
19
320
418
413
34
17
236
19
163
204
14
334
381
82
70
4
6
951
13
244
126
374
599
246
89
273
276
46
18
70
386
349
270
238
223
428
92
124
71
209
574
291
94
40
312
193
119
219
122
179
204
244
227
76
8
175
140
131
177
493
41
149
433
237
513
290
216
41
19
39
82
194
567
143
130
51
150
10
150
115
319
184
168
474
156
14
176
36
60
47
677
117
152
510
209
210
2
202
246
533
181
30
313
322
496
149
38
74
247
118
344
48
34
119
77
205
336
165
559
37
51
423
311
347
285
89
69
962
372
150
452
199
28
93
93
350
244
11
126
32
575
255
83
255
22
33
175
173
52
93
36
33
128
8
39
118
124
312
228
408
267
60
150
27
478
803
139
40
187
541
181
316
338
432
333
151
238
79
64
269
131
32
9
146
154
337
128
7
45
64
104
64
126
55
26
186
24
38
76
42
102
185
2
213
410
8
228
10
116
39
145
132
54
203
15
147
111
581
53
218
145
629
294
7
67
128
107
184
450
55
226
4
76
19
93
127
200
95
24
152
78
140
218
146
29
234
129
57
191
279
53
277
472
18
322
354
473
162
92
1008
94
171
37
233
16
2
170
80
175
42
867
18
315
241
66
434
300
55
42
201
10
34
129
11
371
855
55
41
147
226
35
1
203
215
17
11
378
174
255
215
40
383
488
206
298
283
34
831
268
76
404
123
30
215
38
221
293
21
157
123
301
197
40
42
272
16
114
330
68
188
30
55
376
380
47
1286
213
59
69
160
164
10
443
86
291
94
286
11
19
555
461
402
329
303
10
124
253
134
657
141
142
139
94
42
780
278
486
304
69
93
479
215
277
210
87
289
67
1
444
1035
42
27
46
122
44
24
180
16
163
221
26
152
20
57
41
687
558
49
307
125
3
410
122
267
313
115
14
4
143
353
115
197
104
93
16
27
3
41
403
196
51
129
18
26
20
116
160
98
12
2
72
92
191
26
178
161
28
335
165
63
264
274
134
112
12
131
380
191
303
36
31
10
210
392
268
84
8
61
225
178
198
700
216
211
90
16
42
48
40
66
19
142
245
53
88
50
112
86
176
142
139
317
468
195
267
405
239
26
483
136
746
16
518
12
297
78
839
68
88
39
81
112
195
174
215
89
166
38
297
696
11
52
204
114
398
824
88
206
68
50
39
138
20
226
41
71
65
52
233
459
103
55
558
590
374
37
67
321
397
308
75
112
271
12
30
4
583
21
84
108
164
56
287
57
420
174
190
354
148
13
31
210
404
159
78
193
37
327
270
332
49
507
54
472
409
21
100
17
71
67
142
145
65
208
14
71
105
75
97
425
174
91
133
410
142
176
297
77
250
393
219
57
332
297
241
224
92
76
68
279
66
43
196
91
514
255
592
321
760
264
204
294
56
143
79
134
69
40
162
2
80
161
35
166
10
429
363
21
427
143
34
282
131
353
116
130
246
186
278
139
21
13
136
480
3
262
268
4
108
142
449
284
171
558
307
318
159
29
271
206
304
80
336
105
237
155
219
125
160
67
65
268
140
388
6
330
27
19
64
174
69
18
919
255
266
522
176
176
34
283
130
392
33
62
156
191
582
3
830
6
20
174
314
119
30
3
68
14
147
137
570
416
157
296
2
32
333
61
14
35
512
78
17
102
321
209
18
431
129
66
11
656
236
37
9
34
39
301
70
97
397
247
53
46
5
300
19
95
147
155
45
85
30
273
161
1209
57
214
219
75
266
254
131
36
113
162
55
824
1453
267
8
156
156
80
18
126
319
207
80
380
72
42
115
163
68
68
398
138
271
75
676
178
105
11
396
187
23
21
12
208
50
345
126
111
211
321
540
32
33
63
327
21
75
137
232
330
20
158
622
349
55
131
31
1
97
84
282
95
54
2
206
120
216
74
143
3
4
104
216
78
180
436
164
276
112
172
80
243
135
130
268
1
111
404
345
112
303
1003
232
208
10
77
191
71
90
338
13
95
41
65
196
225
368
16
185
145
56
103
49
116
198
91
19
33
238
6
20
83
529
289
33
225
141
509
12
232
179
73
800
224
104
99
212
128
367
289
488
48
15
303
219
337
425
373
379
130
38
89
146
322
97
274
187
351
65
161
149
244
352
18
22
37
212
164
9
173
278
48
116
271
568
92
126
48
364
456
368
68
230
21
27
129
477
95
136
161
277
305
8
8
295
326
51
46
200
121
163
119
610
8
21
24
188
215
418
188
74
372
374
766
315
81
108
190
138
118
47
102
9
7
19
629
83
122
24
54
280
169
113
28
10
43
296
105
157
1176
193
176
78
86
192
9
295
849
89
14
89
16
26
2
730
169
201
84
223
96
142
316
33
62
90
64
370
719
78
344
525
169
439
73
27
111
412
14
190
356
98
64
495
263
169
23
22
138
23
209
26
59
24
145
225
260
149
25
97
5
166
200
224
103
86
150
40
109
74
262
6
133
104
62
339
54
401
153
231
291
103
565
63
24
184
27
462
1110
163
132
509
81
69
49
104
93
29
190
39
8
172
327
119
103
313
228
512
272
66
46
250
38
428
407
463
74
194
118
25
605
168
329
532
52
63
9
126
42
360
143
3
75
75
35
5
437
97
263
77
282
13
30
436
88
98
228
8
169
303
98
80
77
29
22
22
97
50
220
512
109
151
283
337
200
22
279
192
19
137
55
73
26
111
115
200
318
50
48
462
576
217
623
62
217
72
886
86
336
378
280
162
124
281
137
504
258
148
204
343
974
475
191
104
5
159
74
19
342
33
460
591
360
337
60
94
102
174
220
317
429
340
10
395
169
145
120
439
217
22
684
554
115
403
390
87
1133
175
11
25
182
110
293
374
835
283
134
341
302
647
555
317
71
288
101
14
357
68
601
139
392
84
788
978
20
20
168
23
509
211
11
69
31
270
117
132
132
737
535
132
474
442
45
490
22
69
265
22
41
3
485
276
16
251
3
261
134
293
554
378
4
368
317
492
74
68
29
643
285
521
721
691
257
69
115
554
234
696
20
199
104
23
373
381
109
217
137
187
835
161
277
693
373
47
394
1
322
248
208
188
178
7
19
182
3
161
53
409
319
85
181
5
25
119
387
56
80
179
602
332
314
168
97
18
76
306
501
69
36
27
99
694
20
236
378
106
107
151
284
549
141
524
124
96
311
100
207
172
184
426
1046
53
654
104
334
5
228
163
266
53
305
25
89
327
262
61
498
36
100
162
312
172
55
44
1
143
261
280
139
257
93
420
83
138
100
27
184
368
153
136
37
1111
444
265
30
21
74
16
11
81
63
109
233
121
285
182
199
588
19
345
76
297
24
453
310
553
343
61
479
330
338
149
38
131
168
141
495
10
792
114
22
26
47
99
105
118
41
159
363
566
412
88
166
8
210
50
55
189
356
335
136
106
331
162
316
69
262
108
126
15
55
184
3
114
48
45
140
210
671
114
50
124
497
172
78
9
32
22
231
69
384
56
238
90
31
120
38
281
31
536
36
326
504
338
352
487
29
10
25
98
464
189
125
44
478
40
60
153
26
290
48
126
35
135
124
174
303
11
156
515
105
754
691
23
46
67
225
473
216
187
797
42
30
103
88
162
95
80
201
132
107
102
1194
88
390
642
79
49
9
36
53
166
804
601
117
12
195
41
304
133
82
4
115
336
34
20
286
215
237
213
73
14
53
35
77
434
489
149
108
202
176
168
216
35
35
253
265
566
8
211
126
117
153
434
104
53
308
617
213
88
16
60
254
235
23
39
154
246
28
151
122
108
106
1
86
481
16
191
180
65
217
327
32
67
133
69
104
204
46
47
21
47
177
248
501
781
542
159
25
42
32
306
284
91
400
42
457
273
251
117
89
314
12
257
80
54
59
299
160
117
523
12
57
138
27
10
156
296
544
83
189
106
122
167
54
137
202
323
4
72
466
129
636
116
26
122
189
56
282
89
159
65
338
216
86
51
117
295
340
28
229
173
221
41
101
198
100
11
282
137
140
565
74
120
521
97
20
4
235
747
271
145
241
798
16
35
278
23
28
399
169
79
20
65
7
7
31
41
78
135
185
441
56
272
119
175
96
4
167
104
89
338
336
47
454
200
59
216
438
178
193
292
49
389
111
102
154
45
250
519
255
133
454
171
51
140
224
159
8
570
128
166
137
397
107
376
199
144
56
53
70
346
43
101
294
118
67
436
24
208
748
1
409
551
243
23
147
270
42
137
45
857
18
110
16
562
354
80
769
27
66
494
178
231
725
27
360
4
190
211
301
11
205
9
211
620
112
2
74
233
8
8
301
43
4
414
38
177
43
2
194
44
571
258
136
293
525
335
188
265
246
169
214
340
60
29
153
415
348
303
375
72
24
61
61
346
56
305
589
13
129
252
348
218
35
203
344
99
401
298
436
654
45
134
624
12
51
368
177
57
860
428
139
58
31
254
271
89
13
740
216
84
137
273
121
236
43
184
130
173
117
320
12
70
15
50
792
190
300
43
126
366
88
277
255
524
240
114
467
139
26
59
216
26
497
390
651
217
212
152
124
18
33
31
20
154
202
160
28
8
1
234
113
207
249
303
12
118
47
455
5
36
110
99
100
342
56
69
104
37
138
77
401
96
83
150
170
255
167
54
450
185
357
70
79
407
41
85
31
198
537
15
690
136
71
24
102
167
351
272
110
6
6
334
423
212
42
33
218
20
407
890
395
73
7
120
178
562
56
308
251
6
750
95
47
362
113
29
74
49
392
98
59
67
426
361
306
331
260
227
28
25
461
142
247
387
49
12
60
139
242
104
186
480
70
252
321
298
374
27
377
82
95
398
263
40
10
41
604
129
357
54
78
130
88
119
47
230
377
135
659
108
253
132
263
60
226
122
100
21
486
265
366
50
60
65
66
45
382
190
383
993
49
112
43
17
64
115
53
557
52
180
518
295
316
61
24
299
291
112
55
344
84
168
44
417
53
47
510
6
717
387
10
113
117
78
66
9
9
16
266
135
139
225
646
400
299
613
379
436
9
562
38
39
43
47
513
7
400
241
63
172
111
188
44
166
488
122
260
248
99
505
299
507
214
146
131
50
381
273
34
264
356
286
196
187
400
47
27
28
168
63
148
775
169
155
10
458
418
362
60
204
97
144
139
156
152
93
133
169
162
308
78
39
73
29
198
311
22
18
1047
83
181
450
135
175
24
66
116
212
111
558
46
188
118
87
33
93
322
587
171
419
287
43
268
310
128
289
324
187
871
77
346
155
11
7
165
605
22
116
76
289
135
246
128
191
80
487
13
34
855
116
558
77
237
13
443
413
44
360
90
37
634
94
917
82
410
185
261
415
530
178
242
441
388
162
176
412
31
200
220
89
121
138
91
68
489
116
89
118
38
940
24
316
310
223
727
10
378
994
169
88
81
64
260
104
31
90
204
341
80
502
133
34
106
57
52
102
81
90
331
55
593
87
123
7
181
187
85
253
190
14
61
192
99
1008
188
105
342
131
83
22
230
34
30
119
486
66
140
132
44
342
3
249
487
137
101
207
368
155
289
22
203
31
171
22
149
55
215
244
43
261
733
184
82
227
80
384
381
216
283
181
23
299
345
7
71
131
145
189
82
322
977
226
55
4
408
128
141
121
67
357
108
101
114
102
293
335
404
248
696
494
32
1
1219
36
44
20
39
353
1151
29
51
234
424
204
174
652
23
186
117
11
775
9
136
54
44
332
324
365
211
15
380
10
112
45
34
432
40
141
127
151
194
198
1
130
93
473
222
245
358
183
314
111
85
72
61
129
82
90
184
2
224
250
508
145
593
435
47
330
484
181
575
10
282
265
144
102
141
23
88
120
44
298
87
509
14
71
104
330
147
320
226
157
4
28
121
62
209
1015
26
297
198
107
46
72
92
74
531
215
108
184
79
404
527
219
61
405
509
116
122
102
3
19
425
202
395
150
166
239
13
220
49
177
213
258
241
238
3
110
305
114
80
120
27
20
92
5
3
162
311
382
307
418
218
107
106
117
132
366
47
232
78
63
31
5
108
3
261
20
376
93
557
402
165
121
27
272
115
351
112
56
201
96
188
85
523
40
331
20
57
253
42
171
31
97
471
357
111
133
112
359
191
222
189
15
152
24
164
436
213
62
233
36
148
178
886
92
371
2
629
228
189
150
34
38
378
334
382
257
69
13
300
252
212
10
88
26
272
213
136
16
30
278
74
142
187
283
352
878
11
265
18
64
29
88
179
287
85
171
222
96
254
97
186
3
454
122
16
16
323
6
359
76
177
483
32
120
30
434
417
248
300
111
291
467
124
1
365
19
30
476
101
121
140
335
175
126
414
13
2
583
102
461
84
21
74
181
106
27
124
239
256
143
376
88
489
171
82
1
15
95
78
64
102
166
153
112
50
67
244
58
274
257
78
211
191
93
43
411
209
199
2
197
325
354
228
4
311
60
181
181
74
73
180
85
104
71
320
5
417
32
22
200
50
90
124
97
21
163
262
6
279
10
77
356
102
176
68
30
995
450
37
268
108
7
53
4
130
49
93
26
279
46
96
7
245
308
307
506
16
157
1
165
630
106
3
42
198
34
63
204
130
100
16
25
23
40
25
106
5
372
111
597
443
14
114
135
343
438
91
322
225
235
229
46
373
266
329
70
124
100
356
229
150
199
114
27
526
373
255
378
319
225
52
127
41
343
289
64
150
153
92
66
421
348
9
444
83
1428
145
122
246
192
288
202
302
121
122
428
66
176
24
440
441
38
29
86
90
4
123
388
29
160
11
83
139
55
569
311
244
33
10
249
5
189
120
19
48
225
119
52
102
113
598
72
273
294
183
762
1149
233
45
582
68
268
287
224
45
243
369
64
162
23
101
331
459
203
418
388
33
18
325
252
93
426
134
15
31
404
37
128
145
76
62
123
852
401
593
238
134
118
313
580
371
279
215
50
231
109
190
649
59
112
4
194
26
467
170
106
47
362
133
214
39
393
149
151
167
222
33
156
247
37
114
194
407
567
5
28
165
32
351
211
155
113
226
542
111
544
207
272
108
3
66
17
19
279
118
146
244
390
1169
14
13
10
2
82
65
138
293
117
164
135
67
101
88
306
123
92
448
422
270
252
174
247
97
2
45
440
18
1157
113
22
50
356
171
250
85
85
10
48
64
314
160
171
81
410
102
32
29
88
872
24
134
43
386
44
251
111
75
202
21
287
25
10
200
30
29
67
410
26
145
374
1387
146
58
1
520
879
249
31
172
9
2
128
24
59
273
255
69
8
12
352
256
347
126
74
33
830
126
80
186
88
87
28
145
231
51
375
187
400
227
92
270
71
22
65
110
46
20
138
51
62
504
292
327
107
157
123
310
23
30
450
35
651
171
282
129
16
408
205
144
371
6
101
230
246
61
71
360
165
20
245
247
59
51
52
300
798
273
11
204
578
162
139
273
15
157
102
197
41
116
100
93
132
354
278
161
173
77
314
87
14
64
139
11
389
31
120
219
44
337
188
459
220
779
27
34
5
678
233
337
55
5
171
141
164
140
565
179
545
600
128
169
225
144
1481
201
215
233
32
19
590
369
191
394
34
143
50
313
100
442
53
755
39
162
30
363
15
327
115
29
146
227
150
228
167
7
69
582
617
251
134
63
83
60
149
468
3
19
247
202
675
246
183
32
209
337
134
416
54
366
226
188
314
402
189
127
29
101
115
166
287
520
28
1
239
361
286
141
164
140
783
64
273
34
82
117
7
111
142
259
133
11
16
156
544
258
375
75
934
142
122
35
337
402
41
244
166
239
255
54
360
96
444
424
608
75
594
19
113
386
161
19
128
55
1640
159
375
73
352
41
714
196
85
137
168
515
54
91
242
72
290
284
183
45
294
51
7
183
506
101
208
106
115
58
15
151
328
83
32
141
191
212
28
83
15
114
43
81
82
169
20
123
51
355
80
65
106
221
207
310
239
292
49
58
120
23
92
103
328
254
37
13
268
416
262
180
167
525
174
36
3
141
554
76
102
73
50
297
17
37
221
884
238
245
99
93
86
29
225
228
67
176
692
166
44
186
62
220
261
5
85
84
58
604
213
92
162
27
42
238
142
66
46
213
72
327
30
188
88
103
148
151
135
535
79
114
123
43
117
42
113
392
332
198
145
65
424
121
533
81
401
448
458
30
168
177
409
278
32
214
38
176
212
123
210
369
258
574
123
171
42
28
142
223
6
199
263
118
128
281
264
11
186
13
511
135
70
514
258
79
345
8
602
565
8
78
601
138
97
48
185
69
208
320
295
310
284
321
71
3
140
315
29
147
130
262
254
218
30
34
34
103
70
28
81
79
383
77
161
37
52
43
290
125
41
392
1059
199
136
112
17
30
63
117
66
11
64
68
450
176
16
23
109
590
104
32
106
42
142
810
175
51
487
235
68
347
96
75
517
249
114
215
106
166
66
479
67
13
139
608
151
295
71
640
280
6
252
32
285
170
195
46
30
27
324
88
794
228
8
140
64
206
139
127
21
197
63
281
50
12
98
319
36
83
48
51
87
322
145
8
107
24
8
48
67
112
809
222
28
584
40
26
257
28
83
234
106
61
42
420
32
203
416
263
342
954
121
288
96
143
318
167
425
8
335
171
12
299
61
726
128
27
9
44
521
650
74
854
19
1414
46
148
16
139
202
143
724
7
399
305
725
140
67
78
30
40
51
48
120
489
36
117
54
76
18
23
140
8
133
415
85
629
241
65
999
114
10
266
174
88
146
354
55
49
106
272
196
581
296
95
118
226
519
21
22
46
801
172
8
81
220
248
387
380
68
15
394
78
49
376
13
118
237
320
58
40
83
23
60
88
38
227
767
1027
145
323
53
17
199
219
20
537
93
238
294
864
314
40
183
30
651
29
73
99
467
513
9
4
570
155
109
2
87
13
639
442
190
62
56
343
31
305
43
1
360
415
242
63
59
51
22
619
346
260
220
390
401
307
202
121
338
1471
623
23
128
342
62
132
192
9
52
456
383
229
358
338
2
29
267
44
549
36
54
546
13
184
753
27
149
74
1
70
64
73
42
117
461
175
271
754
206
151
277
96
75
122
129
258
168
48
112
380
78
74
348
82
209
170
152
10
8
282
19
119
85
23
476
103
53
81
46
230
151
654
365
512
69
158
162
41
465
226
321
508
23
73
222
143
67
72
20
19
313
273
343
488
303
467
92
666
63
99
116
1199
355
112
991
307
301
264
127
271
26
605
83
230
49
33
157
461
97
71
451
70
95
51
16
307
11
8
69
245
9
110
44
107
346
385
40
332
782
32
179
8
12
72
2
2
307
40
40
10
17
478
205
75
192
138
248
58
86
235
416
316
325
114
45
144
138
3
365
117
79
59
60
326
59
354
54
90
37
17
67
175
51
80
138
95
157
47
159
178
171
451
306
881
3
306
30
763
168
144
408
249
123
407
299
408
755
135
504
321
553
404
151
54
98
179
24
79
106
82
96
39
89
149
32
208
89
37
221
175
124
344
210
59
56
34
110
35
49
17
111
737
445
496
166
344
396
174
174
172
238
48
681
131
9
69
166
250
268
196
109
43
81
54
5
67
289
187
118
230
223
53
176
29
9
559
1118
60
213
4
135
34
19
145
8
14
232
285
22
267
66
155
923
292
9
465
70
196
78
16
11
162
292
112
243
25
194
944
105
159
136
129
431
222
139
60
70
176
17
81
74
379
77
205
575
91
40
336
57
228
114
275
113
721
207
1337
162
88
16
129
86
320
344
90
65
81
13
327
101
312
254
60
40
306
108
1
337
28
11
323
29
123
368
34
262
55
36
24
95
422
16
28
83
45
329
540
209
555
26
390
803
149
347
197
43
397
87
8
23
73
231
157
221
162
140
40
15
269
465
305
430
73
142
10
394
10
81
69
121
432
55
126
215
259
81
94
71
1
26
141
68
51
339
166
8
36
180
7
155
639
35
399
58
382
131
214
94
250
1363
94
189
35
48
5
1087
110
468
65
461
255
562
144
321
78
485
51
450
13
143
68
43
130
599
13
27
79
76
265
72
230
28
717
144
85
8
62
154
272
486
659
436
25
56
140
11
26
33
263
92
203
399
376
13
673
3
492
195
28
164
102
8
149
289
253
3
191
569
63
315
465
120
453
186
437
229
63
111
53
113
31
9
390
135
671
30
42
317
339
80
60
733
24
571
457
215
17
118
268
92
124
56
49
82
98
418
81
28
579
60
93
94
87
896
69
117
54
97
1
129
1165
71
72
156
229
86
167
70
97
183
17
713
188
81
19
21
178
853
81
226
2
415
84
75
21
263
20
822
184
264
92
567
153
11
117
123
60
163
95
396
307
271
182
204
344
131
4
827
140
236
93
201
67
162
9
72
685
63
5
189
83
19
79
328
85
173
124
32
81
358
65
66
69
186
365
125
162
15
183
696
666
50
148
149
535
159
124
26
98
15
111
6
17
76
4
101
43
84
258
56
274
107
72
41
280
100
596
290
188
123
147
269
218
62
121
22
126
17
234
59
197
16
56
35
316
60
225
286
233
63
45
185
227
142
177
504
396
297
221
17
27
690
165
242
28
846
111
79
269
84
466
515
324
228
2
34
316
255
199
219
66
283
117
72
212
68
90
166
34
435
79
35
177
443
182
805
263
4
69
97
588
135
95
11
411
290
379
95
269
131
72
181
61
223
187
200
157
455
558
468
3
84
375
772
350
133
181
111
234
124
140
227
200
211
130
70
204
223
136
105
199
66
47
280
295
85
116
23
163
119
268
120
218
49
279
264
4
817
194
180
13
427
22
356
227
514
218
3
277
48
58
10
337
363
615
14
316
177
65
124
59
5
62
111
38
11
34
352
227
174
352
293
280
78
259
230
75
94
136
71
236
217
8
77
766
355
57
37
34
218
12
204
152
220
26
305
119
405
287
454
221
118
126
612
144
67
186
70
23
7
189
610
324
299
87
123
35
487
423
111
148
77
72
334
203
103
1387
40
57
32
411
309
43
250
424
401
529
275
165
558
789
466
287
140
60
291
70
523
260
243
273
490
106
287
30
92
34
49
236
2
38
361
96
167
321
134
141
572
116
33
3
25
43
636
302
43
17
79
162
102
105
313
350
114
39
222
64
484
4
13
17
89
220
90
300
146
97
367
415
85
79
107
729
158
83
30
181
769
28
184
109
295
62
265
45
138
4
43
5
63
139
401
30
14
3
187
31
33
39
338
189
574
243
489
10
34
94
87
52
158
26
50
290
34
243
12
9
84
882
579
67
132
51
147
566
214
86
552
33
41
287
110
114
82
158
139
114
22
177
130
323
70
184
66
14
434
130
59
190
514
687
3
161
340
33
438
209
102
205
39
15
165
13
205
35
361
215
137
511
283
190
89
147
83
710
82
98
145
230
315
65
485
236
576
508
280
174
322
147
62
249
192
292
118
85
109
231
129
240
232
467
248
112
335
236
145
127
108
98
332
284
22
131
240
267
292
15
884
38
12
468
621
50
6
240
48
50
223
4
1722
36
80
88
295
88
196
251
96
40
6
78
288
133
175
298
101
147
708
66
118
492
110
58
425
226
205
486
125
207
68
57
434
101
32
383
683
13
157
17
48
7
28
8
174
983
187
320
354
73
145
110
59
32
204
20
39
112
34
12
3
492
25
164
77
172
82
166
159
162
70
93
1180
313
36
755
233
278
144
68
160
46
353
616
304
161
106
14
237
218
274
90
467
225
859
56
46
268
164
57
728
42
167
63
121
16
7
39
264
170
187
14
344
35
330
565
181
33
105
455
1
111
11
220
97
480
232
218
38
280
591
61
543
216
4
160
1
86
24
60
172
191
36
13
199
732
342
7
135
77
66
105
102
180
39
101
521
594
754
70
165
83
22
162
80
2
65
17
326
468
55
120
73
97
114
67
228
67
240
129
130
287
203
141
431
439
241
168
52
126
178
240
115
11
20
221
67
196
557
338
255
448
264
167
49
254
196
372
100
168
274
23
315
156
13
46
42
428
221
316
43
132
49
151
176
72
122
270
29
52
169
337
83
74
92
4
360
336
505
582
481
34
267
91
429
11
21
185
284
845
182
67
634
87
152
155
139
81
44
139
117
454
244
51
653
751
101
328
453
45
129
433
20
48
485
64
108
9
63
456
283
121
126
360
405
308
37
168
105
54
317
64
852
10
373
68
193
174
153
152
89
281
103
11
147
284
772
120
67
184
12
95
15
98
262
371
135
354
259
163
55
585
43
727
288
113
125
83
11
205
672
97
103
239
320
537
134
207
26
25
176
34
518
109
71
260
74
71
189
416
305
153
215
57
319
25
855
35
1167
330
253
148
86
32
107
180
251
22
3
172
748
16
211
132
70
142
287
61
178
302
54
216
422
197
8
283
138
328
20
226
391
50
324
113
328
46
4
86
40
53
355
20
222
263
5
241
162
47
140
195
114
125
177
62
149
11
128
576
206
270
265
298
111
42
45
110
533
147
8
50
42
19
101
179
305
17
125
64
15
41
66
66
37
26
23
24
45
26
297
26
10
49
305
177
8
111
154
99
306
220
152
317
245
154
424
70
92
248
623
1
39
44
168
163
175
23
121
669
87
55
129
114
2
24
80
179
4
266
31
17
449
324
292
4
217
147
39
67
591
330
239
10
37
20
166
190
596
99
144
565
102
483
352
440
63
490
229
188
210
4
15
14
61
228
54
38
633
19
443
130
145
32
23
454
75
345
41
122
1206
145
95
136
259
259
323
79
14
238
93
330
41
61
22
307
88
210
205
431
125
97
88
204
150
21
346
98
379
109
13
531
533
197
92
109
232
93
18
112
19
27
31
239
365
164
257
140
23
209
483
27
5
203
193
95
493
199
242
242
835
4
158
264
109
124
4
393
185
199
17
258
140
123
632
28
331
17
33
83
521
49
43
46
114
40
118
30
16
71
339
91
445
374
248
102
183
87
18
73
291
95
504
178
552
164
2
72
58
23
76
57
231
129
377
304
130
114
78
51
408
59
125
56
251
51
85
75
18
51
154
174
117
173
118
55
136
406
235
282
70
1428
394
6
259
34
124
395
461
485
119
289
204
56
33
162
167
165
638
236
584
183
170
398
383
71
50
264
268
115
200
94
7
51
35
83
393
166
358
311
107
51
278
276
41
187
192
381
149
93
301
190
265
177
183
222
45
234
148
733
249
446
222
99
154
80
71
215
92
193
824
58
242
16
408
1406
299
66
328
8
205
58
277
778
124
452
57
393
211
2
89
251
504
128
400
92
360
688
17
79
1159
343
34
67
107
60
37
42
34
306
438
87
539
450
154
161
189
351
91
204
84
179
119
156
83
1121
137
52
535
425
7
145
680
62
320
60
37
218
253
349
154
56
58
97
99
21
148
531
29
64
4
163
94
423
51
446
106
432
12
52
320
467
100
59
656
209
181
464
163
66
78
64
180
94
140
14
661
266
335
162
121
257
137
140
344
104
376
10
11
32
61
724
94
668
28
102
30
58
117
65
30
40
137
259
129
133
125
224
175
310
52
250
122
60
71
252
259
310
43
27
205
99
11
106
170
19
494
219
26
597
119
308
114
155
129
53
318
129
40
349
30
79
72
154
140
163
34
299
21
277
386
20
6
335
172
354
62
100
34
185
1600
51
591
42
563
194
48
229
206
365
495
132
136
142
72
1664
108
429
1
186
504
22
32
292
153
47
47
401
72
18
686
188
83
29
137
170
27
307
96
326
168
222
33
614
130
183
44
506
138
22
1
127
29
281
22
319
585
634
153
138
137
128
42
508
36
84
391
97
107
133
92
39
180
210
176
437
443
579
233
642
142
225
154
818
217
242
127
228
148
10
91
9
201
604
92
197
759
21
6
103
48
62
69
50
48
12
30
66
140
991
42
196
228
208
46
22
98
8
253
284
820
11
265
39
126
4
308
210
275
60
47
280
438
293
744
43
96
286
575
125
11
67
359
61
252
217
342
26
36
617
8
49
151
29
427
455
251
58
114
289
474
59
353
481
305
261
694
47
151
51
90
27
54
118
129
15
311
653
109
228
337
261
81
19
341
13
65
167
15
82
5
175
91
28
153
232
45
714
155
48
162
143
684
68
268
47
229
17
154
95
60
295
29
266
53
55
819
40
185
418
43
9
803
167
135
140
42
55
109
110
220
1
346
63
161
77
45
98
274
38
14
81
333
256
418
118
17
99
197
119
288
409
246
55
125
4
28
186
415
15
231
20
13
49
37
272
28
543
53
465
225
16
615
374
293
47
300
108
549
22
337
103
423
539
48
433
82
17
180
57
448
5
47
20
31
83
453
299
539
42
107
284
44
89
58
153
9
56
152
74
177
299
19
41
69
313
64
8
40
273
215
370
290
69
38
198
10
235
301
321
105
131
70
12
282
112
125
184
285
42
329
409
151
217
120
147
165
146
110
369
74
374
173
100
53
104
262
941
207
118
11
367
52
163
102
944
146
157
174
376
64
278
55
585
859
379
95
265
125
150
36
157
269
13
15
138
57
56
1538
172
142
191
114
148
65
140
47
383
92
325
11
221
32
772
113
128
450
65
339
275
1064
174
669
129
50
486
76
85
849
5
15
399
553
12
20
12
215
279
40
5
472
33
321
11
37
62
628
131
483
256
39
14
94
304
64
14
47
288
717
257
378
75
1640
114
586
128
232
58
244
17
266
765
122
93
48
174
83
85
89
20
106
328
84
323
7
172
135
365
439
347
37
2
119
3
336
636
64
104
79
143
616
184
64
69
11
20
32
112
431
71
32
153
135
1169
216
209
198
281
1393
107
35
32
134
38
191
97
142
46
93
56
180
354
38
304
33
193
123
321
533
91
57
158
320
23
636
186
613
459
6
120
32
139
201
196
1151
306
104
4
9
5
105
51
158
320
83
112
244
258
33
322
90
279
19
392
289
52
87
308
142
117
78
32
56
462
213
1
52
1
17
380
88
95
67
108
243
183
211
234
52
123
79
61
242
160
69
86
123
99
505
153
17
285
346
216
171
145
64
391
39
173
30
38
84
74
183
271
12
3
153
13
996
289
455
42
231
73
576
126
63
42
200
236
453
506
12
35
100
82
62
197
74
397
67
184
420
630
234
674
15
103
193
95
54
230
138
111
145
37
94
3
160
74
39
584
210
182
295
34
512
119
27
170
165
318
117
24
320
164
184
238
221
269
290
347
36
85
132
223
391
405
24
29
196
153
632
349
140
10
535
137
87
7
14
338
84
485
285
5
480
117
21
96
57
174
10
512
588
764
500
124
390
272
483
74
304
270
23
243
19
28
256
97
367
89
2
75
149
83
183
839
915
5
221
76
226
16
286
158
265
465
183
39
26
253
276
94
67
447
124
315
142
68
158
88
145
316
190
398
120
325
158
1
307
349
145
204
68
732
107
463
201
152
6
9
257
75
338
138
90
12
179
35
79
170
5
71
128
325
56
26
528
192
102
111
1
121
164
82
436
190
270
160
260
93
117
26
48
201
148
44
47
98
298
242
176
190
1323
116
300
555
821
167
56
234
40
546
82
188
118
52
273
523
235
99
14
5
300
81
184
101
139
83
1093
29
3
38
310
206
151
86
125
375
206
156
30
150
28
169
111
20
151
826
184
117
113
218
218
42
243
112
93
454
181
27
390
202
6
35
488
133
444
586
154
64
273
50
363
52
240
243
455
312
447
27
221
66
87
649
144
208
184
1
131
7
415
21
457
83
59
22
104
164
176
135
661
10
151
194
5
131
170
12
83
234
82
1242
195
34
12
48
168
68
172
143
84
67
197
36
43
291
378
64
38
414
78
175
233
23
650
190
377
169
204
240
73
403
92
334
190
94
94
238
278
17
119
53
381
271
87
157
299
159
235
324
184
8
9
38
192
127
255
470
564
94
4
7
78
137
52
188
59
369
85
6
628
22
283
70
91
17
302
350
219
102
93
211
155
57
443
159
198
59
46
10
100
93
9
330
441
362
410
65
200
11
53
37
10
145
286
227
244
165
374
542
363
29
47
201
73
70
57
85
169
222
153
116
287
194
59
27
126
59
691
159
71
21
145
112
387
171
115
44
38
12
252
29
55
215
52
103
234
167
239
156
59
5
157
76
17
307
115
109
134
44
486
1222
65
214
456
121
40
200
131
146
152
4
291
7
314
714
41
120
588
10
11
123
127
248
311
290
379
25
169
131
88
49
334
10
12
2
71
56
307
29
74
31
3
137
183
180
95
37
158
28
326
73
84
289
666
51
158
250
7
126
402
111
114
592
137
640
184
6
378
28
106
194
11
108
78
30
6
23
377
114
140
191
121
142
331
126
124
33
326
532
15
64
277
264
14
28
144
368
82
39
483
319
290
255
167
156
197
39
19
51
7
11
633
565
164
110
508
501
212
38
65
7
400
169
402
48
164
177
28
206
35
142
12
64
147
36
109
160
167
120
8
505
252
99
156
778
58
103
91
341
44
11
101
131
312
874
17
5
42
56
79
35
114
228
18
504
77
291
467
78
58
97
87
152
218
521
181
119
29
100
8
47
252
221
74
170
233
277
129
221
45
24
336
7
1157
557
1
122
297
118
6
176
59
919
251
264
185
50
41
470
63
562
14
126
335
746
431
122
409
222
86
929
328
72
3
268
34
26
8
547
126
47
144
466
195
438
9
155
54
509
19
282
45
40
314
80
11
7
247
27
26
35
52
41
42
4
13
187
225
217
211
285
581
34
335
234
413
67
126
75
50
310
330
57
543
368
294
396
662
797
19
105
228
50
371
297
139
163
343
329
324
178
140
222
262
132
19
45
880
733
81
280
45
215
167
128
575
58
303
133
12
15
10
835
64
121
35
206
394
74
410
87
56
147
133
283
74
130
52
154
109
89
46
496
299
128
71
91
39
78
343
622
316
199
79
95
18
10
87
2
89
281
143
21
40
224
240
120
29
148
349
204
18
110
415
43
147
61
217
243
8
169
23
95
195
20
98
594
291
310
335
116
11
130
281
276
59
386
129
149
198
21
47
71
95
274
85
76
753
32
7
24
108
21
15
45
594
790
106
480
118
11
35
365
648
31
83
374
177
126
87
22
43
291
107
30
34
142
363
91
213
86
141
12
217
187
91
47
33
486
72
75
250
338
51
124
19
148
252
302
286
142
20
205
41
44
45
202
270
129
317
293
8
40
446
378
179
98
398
156
172
182
221
11
200
205
11
457
101
128
13
304
353
166
232
599
539
32
10
24
544
3
424
69
166
10
260
206
136
80
215
226
155
364
385
403
261
234
514
20
334
580
61
522
76
343
79
40
270
127
33
260
1306
16
705
9
215
120
61
114
27
473
12
115
78
154
489
85
2
252
78
80
56
881
531
30
47
11
112
347
417
22
110
134
220
48
37
131
243
804
123
14
246
45
176
848
40
229
193
482
529
14
623
52
162
271
101
39
702
201
200
253
171
20
138
55
31
170
306
102
12
80
3
50
564
411
1010
360
81
90
125
362
115
230
279
291
178
116
244
207
151
150
320
10
9
169
261
228
20
443
89
577
7
64
81
114
838
42
57
361
711
279
217
54
528
21
387
59
33
106
196
1
66
69
1129
81
121
283
42
84
216
139
206
185
545
233
155
15
128
1
151
42
59
28
31
15
67
118
199
87
4
16
205
155
19
17
149
118
611
768
217
189
121
79
191
45
4
157
130
88
140
286
56
112
75
394
161
31
371
117
216
13
534
590
619
101
70
201
444
182
211
208
217
246
157
435
125
495
142
460
249
84
208
143
2
117
54
104
61
20
109
105
273
257
188
205
136
160
240
71
355
85
200
63
107
241
132
71
184
62
186
494
149
546
558
432
222
124
20
77
88
109
68
58
470
7
264
385
446
358
169
1
69
179
560
119
400
140
67
61
215
22
131
366
492
433
438
25
67
12
504
57
205
120
45
129
96
4
612
98
146
486
212
66
117
172
182
417
228
406
112
17
131
207
62
3
186
306
127
6
28
31
252
544
206
91
95
40
198
13
441
27
117
72
35
56
222
440
178
85
55
102
406
212
30
113
13
422
6
14
28
8
244
754
122
49
185
41
139
11
79
419
29
13
127
88
286
189
175
124
410
265
211
154
6
124
485
88
591
655
86
2
298
34
257
37
16
5
132
295
260
96
92
153
54
61
24
66
188
236
1
168
93
5
263
167
312
179
75
215
660
443
115
266
314
837
26
214
134
94
646
364
228
9
406
115
260
477
186
25
78
99
739
350
752
66
5
194
146
251
12
491
26
97
436
48
7
263
10
268
169
99
116
549
121
142
36
84
22
61
470
279
762
44
289
45
162
221
304
224
8
22
21
11
100
58
3
59
331
41
421
10
36
65
8
124
186
376
318
83
349
229
229
509
30
45
377
1302
547
119
859
157
207
194
175
81
265
102
382
143
494
260
46
164
19
85
177
212
37
254
157
408
80
194
80
45
340
19
526
406
496
676
82
444
22
256
462
93
13
350
32
131
187
85
356
182
29
934
208
182
206
94
100
254
2
197
615
2
144
31
513
327
63
223
55
51
207
123
209
27
59
199
94
140
187
187
312
351
8
244
135
50
953
219
161
2
56
83
99
187
40
51
701
32
258
22
356
442
720
129
204
434
38
1083
252
292
24
232
80
60
154
16
24
69
213
6
120
49
91
135
40
23
58
322
111
169
1024
445
686
18
60
2
489
72
202
46
17
72
305
84
476
57
75
300
50
111
154
140
260
33
229
481
179
122
192
538
400
23
278
289
50
366
31
442
257
88
116
199
21
752
279
520
49
133
5
177
57
18
2
250
58
703
128
148
188
120
210
64
17
26
204
156
410
9
261
159
157
96
83
272
24
144
194
100
34
4
72
93
83
170
496
432
22
40
765
83
562
260
41
13
19
80
63
29
552
106
182
1421
14
10
15
22
39
125
122
66
376
52
269
19
93
6
169
357
176
194
108
127
1
294
147
32
24
305
50
162
31
145
314
391
45
94
79
92
18
56
319
261
201
367
471
319
513
119
277
674
49
133
690
25
574
469
113
610
189
435
10
462
536
294
354
81
16
255
297
68
82
19
211
126
15
537
81
206
73
218
243
69
267
73
307
174
193
72
35
144
57
97
61
92
128
112
235
49
9
315
11
244
31
21
136
340
563
497
148
404
154
87
33
103
22
620
836
57
187
698
106
119
480
89
89
57
207
179
355
488
221
205
284
163
119
46
62
241
54
162
592
330
91
8
64
135
137
216
215
186
47
295
93
691
245
57
309
501
12
45
37
104
268
213
128
413
480
42
97
196
39
594
10
446
57
17
262
85
73
785
396
52
115
105
227
435
643
345
724
393
5
9
19
65
59
170
265
305
463
224
259
240
43
158
54
207
93
234
207
83
33
350
195
310
6
108
122
185
49
45
75
205
176
274
122
242
118
128
12
139
147
26
208
193
567
30
424
229
197
508
188
119
390
120
541
11
115
44
68
24
54
379
37
515
140
313
181
120
275
302
482
83
171
377
645
227
69
388
82
251
203
222
231
55
132
118
285
423
360
701
50
2
1
170
397
127
59
136
72
431
348
60
279
244
184
1
638
289
82
41
486
158
270
226
103
407
70
277
7
51
25
343
307
126
249
147
244
27
7
3
368
653
163
5
1050
21
377
178
102
89
96
554
455
16
884
148
284
20
307
210
213
28
431
217
679
64
309
42
637
366
282
88
578
54
9
150
6
24
68
117
140
151
622
68
157
71
35
204
51
61
215
294
137
265
129
61
52
315
397
105
397
210
12
93
338
371
182
169
44
114
185
59
666
600
331
270
15
70
269
70
261
75
368
17
100
66
537
52
137
964
318
92
195
234
68
281
27
151
284
70
359
373
46
158
597
426
469
33
220
56
582
184
231
301
131
458
34
19
5
1
37
113
217
179
106
41
145
9
2
195
66
41
52
50
50
239
19
39
112
251
137
110
246
149
661
313
563
424
162
175
54
448
24
60
281
580
94
121
153
190
17
11
29
14
202
150
135
506
132
68
303
734
230
44
225
396
475
16
324
6
84
66
293
7
216
50
177
207
195
480
383
236
106
80
146
27
69
352
174
66
240
58
176
337
79
6
49
61
80
565
405
230
52
310
159
102
192
216
437
56
54
14
239
86
160
171
360
402
100
66
295
224
300
248
230
124
134
127
107
48
140
73
35
156
450
330
48
344
59
142
188
207
62
145
3
136
144
136
255
35
22
29
14
386
50
444
29
134
45
37
16
11
41
218
487
199
1022
30
27
702
76
70
500
19
262
646
126
423
302
97
4
45
163
260
40
107
2
194
48
333
129
406
260
605
177
26
178
80
32
223
91
89
1
29
46
37
191
42
116
24
73
31
324
159
399
141
162
307
176
76
108
234
64
104
189
552
102
91
394
89
558
99
260
85
1
274
15
330
419
17
8
198
141
59
87
19
20
985
85
57
393
830
126
258
156
245
232
410
299
228
197
304
530
92
261
28
125
116
86
68
116
188
16
254
64
326
39
13
69
342
112
515
49
54
69
403
41
319
203
125
83
584
1298
2
207
305
186
280
998
24
16
52
45
380
21
145
689
126
972
9
124
241
102
305
141
63
10
104
18
316
393
63
41
202
75
308
174
451
75
23
230
61
144
176
3
680
91
870
108
144
277
615
177
119
169
200
10
415
22
722
18
473
129
227
407
337
25
49
44
14
146
522
18
801
32
222
252
49
377
629
480
324
186
15
192
697
726
27
196
116
11
160
1
116
76
545
112
31
40
263
530
278
192
306
49
605
225
29
23
585
57
18
49
316
560
1113
126
62
90
288
138
581
242
123
194
315
559
27
88
413
137
26
40
136
255
21
171
120
4
681
602
187
755
419
169
155
87
235
4
112
45
432
100
668
17
91
235
122
194
37
193
385
63
142
76
544
212
30
25
85
74
143
895
265
38
229
221
227
214
120
29
206
226
226
139
220
116
65
545
4
87
371
215
150
526
90
224
330
680
1
63
22
477
117
518
643
228
237
232
121
445
499
199
43
244
37
134
332
54
159
9
34
373
288
95
519
25
139
167
571
520
210
546
307
99
311
114
3
16
590
61
238
75
17
72
122
468
53
133
280
35
418
226
205
151
98
33
228
241
17
63
60
145
408
129
8
158
505
35
249
210
79
140
353
100
62
470
448
195
174
19
117
25
72
124
85
163
3
338
2
285
184
5
297
116
73
260
24
99
159
251
705
106
161
837
414
343
32
39
16
505
304
94
110
50
47
956
51
314
315
234
266
182
485
9
181
26
114
947
374
34
262
226
319
17
44
283
118
143
272
326
210
175
53
417
354
339
79
362
82
346
251
160
61
265
45
144
521
242
175
9
223
68
398
183
70
24
221
81
272
179
108
125
93
23
42
184
100
125
259
150
349
621
190
207
183
478
1075
175
14
9
514
26
192
122
238
1149
211
218
51
234
172
106
407
310
18
252
263
5
115
569
347
168
553
48
36
237
83
17
40
94
102
252
127
552
72
161
75
90
36
196
646
68
81
154
33
96
257
86
325
19
424
57
96
113
2
83
436
426
224
109
707
717
107
6
16
221
569
228
31
31
48
181
349
9
1
281
214
336
78
214
41
47
53
179
137
161
125
318
33
399
99
80
543
116
232
913
118
647
85
36
683
294
63
450
185
85
38
15
25
199
1
4
135
62
184
106
193
85
354
288
36
289
400
109
747
318
442
83
26
540
493
159
463
202
482
167
516
12
3
244
192
84
814
152
43
189
230
90
156
41
257
30
732
39
15
148
87
9
313
151
136
37
208
180
105
21
319
91
62
137
69
22
172
111
173
1
185
13
295
75
101
109
384
157
132
35
172
236
210
30
57
264
313
255
28
67
70
137
232
294
561
126
94
514
289
80
43
711
412
478
281
88
218
90
6
75
112
56
155
44
339
4
47
366
20
24
157
340
247
26
112
754
25
52
49
10
69
128
80
231
1803
470
24
318
36
71
30
139
101
113
250
150
29
174
258
124
77
81
222
190
32
56
714
463
313
146
93
170
190
54
172
24
351
65
488
37
13
132
41
424
331
41
118
99
51
240
551
521
53
370
422
74
119
22
88
39
345
153
777
339
150
769
195
557
8
255
357
49
408
29
57
592
570
117
227
248
13
47
16
67
115
170
29
287
312
468
245
34
458
590
305
76
39
5
58
172
37
101
28
467
116
116
142
493
481
189
583
202
622
506
129
71
99
494
1105
10
240
343
59
469
164
462
24
344
10
214
82
33
173
555
213
108
690
166
55
248
222
166
95
151
169
188
160
121
96
270
191
121
10
1097
78
50
41
1428
438
75
702
32
372
140
136
118
398
35
1142
200
329
821
6
205
237
731
471
4
343
616
159
97
267
138
9
157
77
186
1027
78
202
724
25
251
366
44
714
133
317
280
106
270
224
22
196
213
49
296
73
393
446
259
417
206
242
484
55
157
281
69
13
106
126
51
2
167
130
146
501
21
19
8
115
620
100
34
607
437
373
569
124
343
128
105
43
318
117
206
158
9
53
51
71
68
19
232
138
395
2
125
17
309
701
15
207
74
190
578
86
18
20
258
103
160
87
89
35
174
133
396
45
14
117
14
123
111
320
49
319
270
298
280
11
152
63
29
619
329
16
1106
821
126
11
172
143
220
111
216
71
47
606
619
316
180
39
45
31
305
136
410
121
73
49
351
61
298
101
256
197
108
191
162
433
254
108
39
139
286
226
23
664
89
164
151
59
176
77
263
312
302
216
582
89
199
390
368
973
112
92
160
60
17
36
172
494
1026
128
107
116
99
41
50
89
39
189
105
392
651
370
131
235
73
97
566
275
282
81
222
92
414
313
162
323
247
272
276
307
503
20
105
268
16
25
52
147
65
3
203
52
194
342
837
748
250
82
174
46
236
87
483
88
656
393
434
158
40
127
125
9
176
281
135
31
77
268
19
85
272
61
130
77
110
107
141
194
363
308
329
207
110
262
415
289
3
93
500
27
81
163
375
19
162
148
48
279
175
107
130
166
29
117
107
117
44
424
4
116
700
183
304
84
438
95
181
57
336
245
56
146
926
73
261
35
385
12
85
1
71
179
303
276
128
56
30
57
274
171
51
21
417
53
427
478
3
68
343
72
194
379
218
10
544
25
220
84
849
190
419
231
396
344
23
78
56
547
172
261
362
552
150
21
311
264
247
70
225
163
5
64
35
94
49
95
498
131
551
165
497
7
4
494
210
270
70
158
106
101
399
51
46
143
15
314
106
276
17
324
265
94
98
84
196
119
31
147
216
812
151
179
18
290
42
38
1261
18
422
151
102
18
89
107
163
517
243
93
478
145
5
15
3
4
347
155
226
358
472
349
385
73
35
9
99
365
8
62
49
231
29
51
24
14
199
78
169
477
1113
415
521
401
328
19
72
396
629
269
120
428
44
957
35
49
58
95
47
433
112
87
172
122
10
110
477
836
130
77
429
66
55
40
170
52
446
42
89
95
29
214
157
159
493
13
44
178
632
459
97
27
119
552
80
109
75
287
198
20
481
26
24
612
117
4
109
191
766
7
496
28
106
383
6
92
41
108
169
96
33
279
52
95
100
401
229
228
90
259
170
51
35
299
359
551
80
582
145
207
729
211
224
289
172
263
115
133
84
310
371
206
105
519
147
11
305
79
342
118
81
206
144
340
227
235
184
81
87
97
95
148
2
103
70
9
28
155
304
195
597
57
159
151
9
59
142
32
90
380
449
2
18
227
236
454
29
187
539
81
220
176
812
10
113
815
108
320
69
93
154
24
308
46
42
66
16
108
477
62
17
77
5
283
44
378
343
18
107
190
76
52
36
210
311
193
330
120
205
738
1009
35
207
398
373
112
54
52
58
537
482
182
27
579
72
40
699
3
16
180
194
31
45
103
118
147
250
50
520
43
157
185
461
228
146
100
85
3
28
328
6
37
37
518
425
72
302
386
108
399
22
53
18
658
4
79
354
824
32
114
311
596
219
327
97
166
8
328
255
108
66
154
180
80
326
199
682
68
133
121
64
615
4
104
85
45
35
173
89
223
585
115
194
319
146
323
156
63
164
322
195
109
14
8
363
128
107
231
49
36
107
268
1052
222
105
23
