243
124
247
406
318
762
130
150
35
34
77
114
192
398
15
31
330
359
27
63
479
399
187
103
461
99
169
309
58
338
396
39
83
195
245
115
128
226
188
41
373
282
244
38
61
251
17
203
1
72
58
72
205
12
69
71
39
72
322
233
79
200
53
371
72
622
253
85
600
129
616
227
163
194
67
105
42
105
142
13
473
37
178
122
247
24
299
208
144
270
70
58
12
153
36
94
8
417
60
330
89
261
40
292
319
949
13
406
611
4
431
165
349
62
99
269
385
162
48
275
296
423
69
141
24
62
38
672
246
203
75
195
9
32
505
69
307
661
146
426
83
629
249
95
307
65
93
274
7
64
255
906
153
263
139
15
97
494
275
469
45
83
80
41
171
301
304
42
123
128
178
91
82
867
124
375
149
254
253
221
111
130
99
392
20
33
22
35
751
491
84
171
26
520
53
130
267
3
82
134
128
69
237
348
37
48
170
102
143
637
18
70
110
267
65
538
128
369
272
175
49
8
98
120
302
41
104
19
153
177
27
76
47
11
250
93
61
16
122
162
505
46
182
1111
205
639
105
426
102
86
155
270
206
104
62
22
51
271
251
43
43
175
214
439
280
48
1069
244
64
93
134
537
212
142
373
279
482
101
300
128
81
12
16
200
5
129
86
44
48
17
132
161
33
110
108
148
518
19
90
24
16
53
4
56
80
291
447
27
68
206
86
165
116
45
104
370
81
12
665
134
50
142
141
156
15
411
375
194
59
357
21
133
285
30
88
69
67
254
63
65
8
203
12
23
192
386
11
164
301
73
106
355
118
43
10
23
361
9
92
230
1033
117
649
72
201
481
312
742
168
598
720
648
209
218
319
33
128
566
1
163
297
245
632
37
323
30
368
329
155
100
90
73
24
284
40
203
51
250
169
68
660
436
128
149
359
86
118
356
82
51
254
47
634
22
369
155
507
44
19
304
139
254
41
38
70
126
117
35
66
13
507
75
637
323
242
474
146
216
364
99
59
73
28
129
42
223
63
16
35
12
125
293
59
36
36
13
608
21
491
27
290
321
7
53
291
329
14
207
371
498
305
33
986
204
202
500
155
573
107
1
175
60
22
22
163
47
174
389
47
5
52
100
401
28
12
75
77
397
117
404
39
298
12
152
8
148
21
234
72
306
109
207
821
41
190
245
96
234
244
148
478
124
133
107
814
181
29
527
61
296
38
70
22
54
103
12
182
19
382
152
969
104
101
107
411
11
16
22
497
301
287
25
191
126
58
52
270
16
85
155
659
41
13
57
108
206
152
79
176
79
243
312
84
91
112
337
129
550
6
102
173
927
599
323
189
601
168
129
764
325
293
238
144
174
102
199
32
234
29
10
210
12
509
100
70
167
166
120
266
274
137
73
1019
42
115
346
451
214
554
96
282
86
114
10
251
72
520
593
148
104
382
4
32
593
58
408
6
57
342
4
78
54
608
27
3
174
89
149
42
40
83
295
87
196
84
83
20
149
399
72
2
37
75
27
35
147
455
84
507
1111
41
73
190
2
88
274
241
247
339
85
532
593
49
14
60
450
125
104
438
63
458
96
67
240
21
88
132
27
157
148
176
276
190
43
252
141
27
217
84
127
435
340
65
58
130
64
44
286
272
38
14
103
41
126
54
13
298
307
200
651
81
254
372
301
7
216
120
3
32
603
119
21
188
165
22
45
143
1116
22
37
19
220
73
198
85
116
799
217
393
177
371
17
426
361
271
242
81
298
88
215
304
69
265
38
1022
72
1
295
35
117
26
106
94
1
1
140
129
299
388
59
383
6
15
92
65
92
156
132
95
241
235
110
387
604
32
194
5
370
69
294
278
101
199
27
119
101
66
110
29
155
106
549
49
124
907
162
15
104
255
113
1138
238
114
26
220
316
372
245
205
21
1092
381
14
57
50
66
27
32
726
197
86
98
106
31
96
85
865
49
68
199
806
43
952
24
65
107
748
65
47
9
291
13
414
144
91
752
239
46
43
212
203
45
196
172
382
214
278
52
39
300
107
77
57
286
28
101
204
331
4
119
366
174
68
354
100
21
94
35
20
167
102
105
157
14
514
612
555
188
237
272
97
137
106
85
208
130
32
17
212
213
138
606
160
195
11
179
267
312
67
634
210
93
126
1187
234
1538
231
638
21
125
160
199
34
131
248
38
157
4
279
328
38
31
175
6
96
332
434
195
341
193
283
30
365
701
19
22
306
192
336
199
711
9
197
251
288
230
47
391
142
107
191
70
287
76
481
143
174
28
175
73
60
122
528
12
84
14
500
135
60
94
229
179
112
138
44
503
42
454
62
12
82
7
97
91
253
10
179
345
198
480
465
21
105
4
102
215
13
238
178
8
60
170
29
15
160
82
143
61
29
287
257
2
8
175
220
545
10
13
46
795
48
348
171
171
78
406
53
134
26
57
237
237
215
90
131
418
204
101
299
372
6
285
428
165
377
27
10
2
129
542
313
185
57
445
70
96
310
105
708
228
386
117
321
147
9
262
138
111
48
409
40
417
1
49
145
31
49
12
16
234
120
15
404
447
388
128
262
64
73
434
194
685
355
89
116
219
249
144
117
254
3
70
407
211
527
72
397
303
329
27
62
38
29
261
109
212
101
64
146
20
20
100
214
224
347
106
25
92
238
97
5
88
969
157
689
165
95
6
202
20
144
108
23
272
108
2
448
65
112
82
61
300
19
401
5
252
353
89
72
684
266
404
115
149
82
361
166
19
210
58
2
73
115
89
12
310
446
379
49
276
268
13
154
88
613
17
28
186
14
73
114
442
70
80
80
3
113
268
249
336
286
226
201
48
465
262
156
304
437
9
295
214
82
40
422
623
12
219
398
119
655
237
519
216
159
729
349
44
448
34
117
105
118
375
197
51
123
210
589
70
116
49
110
38
116
297
326
317
139
17
170
563
39
78
33
450
103
391
148
10
164
85
273
200
35
33
168
82
397
174
206
928
74
376
135
14
136
62
311
41
19
205
16
95
174
77
123
73
127
418
130
30
131
452
177
86
15
339
144
29
21
79
619
198
713
58
300
242
34
111
67
152
90
138
214
209
61
36
36
237
19
293
50
193
506
278
457
144
16
519
845
328
92
9
41
12
196
179
157
7
75
89
242
82
167
210
17
52
153
229
160
645
76
26
281
58
94
43
175
37
306
101
741
27
18
49
184
50
40
410
148
191
11
150
113
42
222
559
166
43
505
8
406
21
507
88
157
96
160
375
143
122
148
885
571
126
440
233
117
36
65
571
498
178
243
257
350
304
91
11
329
48
38
266
84
42
103
275
149
585
93
231
145
188
83
76
338
312
204
205
480
3
61
138
102
237
316
20
47
444
12
145
705
157
57
202
36
108
703
106
22
133
805
5
106
630
1502
344
938
214
104
183
40
1126
46
16
22
61
17
26
409
101
412
242
233
9
83
534
133
11
162
74
33
27
278
144
682
509
941
327
82
49
133
113
102
115
465
11
207
49
155
204
16
61
213
354
12
36
376
36
116
123
326
54
3
178
60
35
542
4
146
104
41
50
99
86
226
272
391
212
20
17
89
341
10
160
675
634
208
580
100
50
26
22
19
367
139
43
73
75
5
383
138
184
83
1
377
480
20
112
72
591
1
654
600
39
820
110
19
966
137
5
340
79
182
155
135
192
445
371
486
214
496
29
173
50
15
138
336
3
241
19
40
379
95
170
580
172
12
26
6
228
24
200
40
11
461
107
341
450
553
10
77
51
62
211
25
546
28
54
121
470
144
110
33
24
246
48
43
50
103
1007
138
189
127
178
283
76
7
126
181
385
384
471
806
101
235
72
42
59
248
81
34
38
147
49
187
82
574
294
281
216
25
130
554
50
3
77
10
95
686
154
14
145
80
22
174
438
303
14
182
155
140
141
150
271
228
88
208
654
141
270
509
308
66
22
141
313
213
351
291
367
207
160
43
271
144
526
2
292
20
5
388
872
211
14
99
451
486
338
19
66
67
46
45
358
541
137
16
117
299
257
376
211
701
153
211
56
7
60
95
116
33
84
45
208
295
479
313
57
25
219
130
109
202
356
73
97
18
94
57
31
52
46
118
21
348
185
371
171
836
167
5
216
121
69
177
103
587
154
914
289
32
14
15
87
98
454
42
89
251
159
80
240
80
13
531
344
11
688
439
28
519
500
136
147
124
52
230
863
264
8
127
276
364
67
365
459
362
61
1
6
296
516
87
293
402
232
446
316
128
543
195
32
434
724
165
125
187
187
430
765
33
19
533
382
949
217
134
257
274
97
30
1400
38
141
15
379
21
11
31
83
401
457
183
250
91
859
50
63
70
736
71
318
235
755
69
15
94
209
111
79
86
75
40
53
322
97
594
67
277
270
247
27
826
88
20
282
81
327
221
14
440
705
281
242
76
168
232
268
257
303
310
13
86
236
624
5
143
272
40
58
3
488
363
35
160
432
22
9
50
406
83
78
265
80
324
326
119
79
129
154
272
236
112
26
489
288
138
3
28
405
223
309
162
82
985
316
59
38
80
43
542
49
417
382
29
420
245
11
928
75
53
137
24
24
493
154
231
87
12
42
117
29
10
287
140
89
395
261
284
897
48
218
380
127
31
339
92
155
120
57
74
39
278
763
126
386
156
44
294
441
25
421
49
2
211
444
123
541
85
1
231
45
451
282
333
387
51
252
225
79
271
4
54
35
9
242
111
365
75
345
274
100
88
285
39
10
159
267
136
186
167
1406
200
295
58
192
28
43
108
101
64
87
1
379
15
24
83
254
167
15
632
778
215
129
237
375
5
500
146
243
31
141
400
120
37
279
393
55
173
431
56
10
85
338
93
15
181
124
20
113
115
210
512
18
5
84
61
140
109
91
13
8
106
93
322
111
342
69
7
120
107
560
119
44
9
4
246
382
9
53
687
176
165
296
94
99
344
319
103
113
1
52
103
353
302
147
33
83
21
200
315
545
86
613
779
259
131
84
181
46
28
11
387
62
110
261
43
995
141
53
230
229
97
120
128
4
42
409
489
612
126
24
426
47
171
26
5
388
278
66
79
819
5
28
393
463
129
457
756
369
1060
202
449
207
27
13
538
95
10
553
73
93
94
34
286
205
270
50
672
33
485
104
509
447
97
64
74
64
32
286
12
256
229
178
8
12
297
40
35
153
57
348
282
8
51
69
189
115
726
200
112
145
888
99
25
130
77
436
269
137
355
429
126
61
110
63
83
1
365
7
56
615
28
53
512
274
100
28
81
211
403
81
55
46
743
1
89
27
108
689
508
7
435
536
679
549
158
118
54
454
323
534
1
588
146
119
226
199
53
98
157
40
131
433
120
334
364
21
350
14
262
23
357
238
208
218
7
14
372
130
100
144
23
65
668
221
239
90
23
37
11
403
173
287
84
120
82
65
141
199
106
95
302
132
224
197
106
525
398
331
176
79
234
650
39
170
97
25
112
122
150
40
30
126
137
796
122
305
96
431
428
208
253
772
164
413
397
79
119
223
93
38
138
155
51
238
99
105
52
27
536
323
123
358
272
40
14
62
67
52
70
60
362
68
17
202
149
211
8
196
948
545
43
2
312
61
75
145
23
129
41
99
470
14
212
203
19
19
305
437
292
260
1
93
47
311
158
609
187
305
12
247
58
376
223
2
28
54
134
166
207
161
217
115
143
144
16
119
92
94
393
643
74
338
211
154
322
129
423
97
46
346
889
22
103
203
441
245
211
308
144
78
71
146
307
202
95
1131
473
122
268
74
52
117
303
195
186
106
100
294
167
50
40
516
29
226
175
196
200
133
697
370
87
197
81
82
102
46
188
676
162
47
78
61
153
30
150
410
118
1314
263
42
332
183
412
359
1
205
478
50
105
169
35
514
46
208
676
15
14
46
297
125
203
177
51
236
32
236
89
417
714
207
150
83
153
142
17
444
78
161
124
551
117
6
291
31
130
462
105
415
15
156
476
27
1173
342
140
34
33
181
163
159
47
8
125
520
96
292
17
6
11
75
68
93
230
296
327
46
322
58
338
1
105
630
147
41
237
131
44
72
89
40
406
99
101
47
43
273
245
11
189
299
86
36
105
51
317
163
284
107
5
461
81
319
325
10
175
124
2
132
72
401
68
197
144
139
831
154
82
232
180
412
427
58
188
237
331
65
36
789
172
216
48
102
12
237
236
58
157
94
112
18
320
234
40
610
39
168
214
269
129
265
362
177
170
37
115
361
119
108
435
135
230
114
213
204
14
51
54
366
76
549
226
450
194
242
1
6
3
426
74
433
38
672
617
101
354
363
212
396
56
192
311
92
680
341
384
386
101
3
72
561
64
278
233
389
228
514
113
162
206
76
10
96
619
162
41
84
63
35
73
101
21
603
106
274
307
133
153
198
14
303
135
146
65
4
189
61
383
129
407
19
37
85
48
744
76
289
129
76
738
201
214
100
401
175
2
183
664
246
202
428
10
82
24
97
204
152
345
273
858
165
113
6
30
8
88
292
254
617
139
11
140
85
42
37
96
291
163
275
323
85
77
432
69
177
46
43
33
226
478
67
453
136
623
190
180
11
56
44
182
173
212
26
412
771
181
91
117
388
282
379
13
390
687
57
251
153
143
117
14
114
229
45
91
219
1173
512
6
203
397
9
86
41
9
581
172
336
324
760
343
71
4
107
717
70
40
504
46
63
141
128
24
94
37
35
32
169
355
438
105
208
112
113
86
105
139
312
171
253
572
86
58
197
132
308
56
71
290
47
188
771
94
127
131
222
191
38
653
316
119
66
38
147
90
363
536
876
170
285
70
35
95
34
115
130
1053
36
9
24
293
276
284
586
5
124
360
17
135
180
140
4
165
250
51
69
74
16
105
278
148
328
201
43
225
111
12
171
28
173
1
165
116
152
117
158
18
78
75
652
129
25
111
2
184
208
559
177
29
71
10
192
83
257
627
127
201
149
277
271
39
496
56
16
59
430
108
57
449
294
141
61
128
305
88
204
253
96
35
201
511
2
22
185
256
33
22
55
62
37
29
441
31
458
82
222
467
131
108
188
147
90
134
149
187
769
452
408
299
14
44
57
720
12
308
340
21
170
92
84
320
106
305
6
279
20
78
657
71
83
30
69
273
140
317
432
49
114
187
280
91
233
351
359
328
199
65
125
187
74
152
46
232
213
58
60
123
493
257
35
168
344
57
8
14
117
115
16
395
49
6
116
312
18
73
103
36
60
258
364
24
153
355
397
182
206
12
295
109
192
146
12
13
199
96
240
245
63
430
108
78
271
212
37
16
527
85
157
1122
345
59
81
41
61
748
536
108
124
231
392
149
71
35
12
85
336
31
47
184
511
18
353
179
297
640
65
654
273
29
121
134
155
605
112
27
85
32
198
58
157
180
472
94
466
169
30
46
291
22
182
106
40
120
346
433
107
98
43
490
454
78
496
7
731
416
244
624
135
910
285
112
219
46
98
68
49
30
437
208
51
328
938
141
216
394
141
205
23
85
116
24
181
9
75
55
8
11
358
105
55
194
260
135
569
489
406
73
412
255
132
444
62
288
188
848
359
221
170
143
208
47
202
120
439
427
188
584
745
128
173
536
769
196
151
44
366
17
4
41
84
207
233
97
76
121
287
217
3
236
77
91
37
79
136
162
226
466
95
46
99
22
324
244
575
11
280
152
36
9
181
104
584
245
405
308
31
78
387
14
85
50
198
70
31
3
334
281
240
202
296
66
49
419
122
191
47
113
176
239
13
19
119
36
373
38
799
718
381
310
100
120
359
2
839
189
103
160
137
24
155
16
161
219
268
238
176
65
237
276
320
23
7
136
147
93
9
294
173
10
466
55
650
305
77
67
124
364
22
44
151
100
194
239
14
14
175
112
81
3
36
125
290
103
481
136
383
219
100
246
324
78
20
5
59
278
133
266
258
260
289
36
2
21
50
113
57
107
254
482
522
419
51
142
121
116
418
70
173
101
176
211
99
83
168
127
11
288
398
152
8
55
53
212
22
114
121
230
203
378
125
614
242
200
79
65
108
69
123
15
514
201
35
272
225
373
333
403
51
577
348
72
59
167
245
339
19
82
64
80
90
267
129
81
17
289
287
201
331
58
148
674
47
38
135
179
175
343
210
130
271
31
177
32
344
22
259
306
82
119
133
247
32
215
277
315
169
130
225
501
95
355
67
20
373
145
329
63
201
121
61
150
222
488
47
201
308
128
40
210
72
31
268
203
72
109
203
10
308
236
9
536
123
290
70
151
84
443
39
80
553
35
36
49
36
158
180
324
305
147
69
132
157
139
146
99
271
8
351
300
112
11
238
583
896
1
124
80
72
57
144
301
46
164
48
250
127
8
136
35
9
72
200
76
246
81
35
254
703
277
87
202
71
502
72
243
137
248
5
141
109
58
169
22
263
143
192
33
541
23
136
228
98
21
26
32
154
35
369
369
18
4
177
55
66
92
93
106
20
65
168
10
131
65
578
59
108
16
518
201
979
44
7
329
54
103
4
611
400
52
176
117
297
145
59
41
90
45
62
276
142
75
6
492
93
115
18
214
273
157
6
54
40
123
100
122
182
530
515
224
195
138
59
227
79
30
108
4
194
519
41
400
8
200
228
6
14
159
64
44
321
107
36
1290
25
297
237
1
18
193
310
49
359
209
163
38
191
1
132
64
52
309
37
94
178
68
31
66
202
33
206
52
59
107
486
539
147
263
462
74
436
194
458
123
191
17
10
4
25
115
46
117
119
264
24
90
214
156
94
154
56
140
37
177
97
133
44
4
47
209
350
229
326
73
445
57
39
481
27
295
457
1083
226
926
205
116
273
96
81
408
231
196
32
175
218
165
10
311
66
45
18
162
27
489
50
62
274
101
347
738
5
127
192
120
83
86
60
71
206
121
71
751
258
85
240
18
317
500
239
243
301
101
32
45
69
61
25
75
306
236
612
356
349
187
151
310
739
503
380
107
52
15
351
303
134
126
84
111
14
444
100
352
208
137
134
12
221
120
13
127
221
434
12
279
125
34
131
49
249
15
12
194
284
43
318
108
74
259
192
268
354
41
295
777
40
86
72
76
117
225
53
844
106
241
258
263
248
158
480
36
4
31
186
125
85
57
220
56
412
353
34
414
65
650
16
44
5
301
393
416
206
182
96
80
91
346
199
131
39
231
387
64
246
117
81
48
556
29
138
358
46
120
231
104
116
406
29
259
36
173
157
92
31
86
406
40
52
494
160
112
78
589
581
105
561
57
34
375
81
48
571
798
222
54
5
194
46
3
93
11
521
142
344
29
212
152
207
117
8
186
86
258
120
39
103
212
49
319
19
16
37
79
57
242
830
312
19
151
70
680
335
387
901
71
58
56
271
48
57
55
41
134
921
55
246
230
9
74
97
75
56
77
513
296
57
51
46
242
427
389
65
304
14
12
92
206
136
127
332
531
339
479
99
27
150
163
18
57
64
455
198
693
344
253
523
79
96
1131
261
145
143
11
167
686
83
302
111
48
71
77
22
235
17
3
262
12
23
809
106
25
22
34
133
513
26
29
86
52
222
235
72
280
37
66
107
143
114
94
399
207
140
2
253
705
92
81
193
308
719
157
91
2
27
9
354
70
151
32
45
41
271
43
2
460
30
110
507
396
271
106
264
154
10
131
176
250
178
391
341
302
124
770
129
24
151
265
431
37
153
11
83
95
328
189
68
107
332
17
7
565
59
221
111
126
690
97
133
81
61
331
112
130
1214
280
21
16
23
197
48
184
250
398
127
121
224
62
473
250
214
172
152
30
161
35
226
750
98
22
9
246
134
193
459
70
24
10
118
7
52
81
254
196
265
78
28
151
273
244
872
45
58
603
11
75
331
22
168
171
146
259
254
43
674
560
4
184
107
282
169
168
414
230
216
53
92
421
251
42
4
234
994
52
59
656
15
311
318
554
147
271
226
15
355
184
931
207
518
275
193
139
92
274
187
265
199
97
126
245
121
133
17
45
262
29
110
19
453
91
416
81
73
514
63
220
150
52
119
347
20
11
151
192
173
21
176
280
168
3
912
238
110
559
25
115
86
49
189
148
241
72
1
35
6
155
317
289
332
346
341
308
85
312
9
36
309
193
166
53
280
5
790
122
156
158
461
342
84
270
288
41
132
82
264
149
32
722
378
82
146
191
39
13
380
50
34
476
109
301
443
410
341
66
174
77
170
286
329
825
158
584
499
242
20
221
46
268
124
174
25
14
83
71
42
100
25
167
588
86
276
144
142
186
262
198
5
81
27
145
322
311
31
8
47
113
53
701
36
84
24
230
96
90
319
7
24
277
951
3
184
238
437
52
587
172
326
410
203
60
209
46
115
73
217
43
389
116
111
96
533
18
176
170
144
87
63
122
333
76
228
256
99
421
318
319
83
32
239
309
372
176
115
238
409
356
684
160
42
148
13
141
116
569
249
143
132
424
719
218
261
135
254
343
229
159
65
165
105
467
106
25
35
146
199
78
375
419
64
52
191
41
90
111
47
23
218
259
88
142
672
51
480
461
1018
104
542
15
743
82
126
207
70
173
42
733
48
441
244
38
30
71
207
211
101
230
86
955
641
108
67
147
33
40
906
97
265
155
243
153
97
101
112
100
7
383
205
184
1
221
95
223
123
340
422
412
15
70
167
51
124
276
147
488
66
7
45
1
143
61
203
272
357
135
314
97
215
179
74
282
227
103
100
155
131
324
3
144
33
272
36
211
93
391
104
106
574
284
90
6
54
168
130
50
139
367
215
16
160
106
18
146
277
71
406
36
312
55
356
613
52
769
8
84
55
380
95
119
171
325
452
664
39
115
13
48
106
28
254
33
113
468
591
230
171
7
149
33
78
18
51
71
275
111
221
176
626
319
680
41
121
17
335
149
525
324
76
228
111
146
60
138
89
197
806
294
87
283
220
80
85
61
35
92
1102
687
32
421
287
269
323
136
243
692
252
205
117
172
62
72
59
194
34
53
275
23
89
3
27
18
44
268
133
220
251
244
23
689
31
597
53
234
181
706
69
78
330
127
2
203
6
130
120
154
421
233
85
359
83
92
311
22
188
205
242
35
11
165
11
59
515
270
70
197
36
532
5
122
422
96
62
355
336
79
106
348
138
108
57
65
67
140
15
91
1093
147
72
169
110
506
209
25
89
107
48
137
107
103
164
35
76
673
41
711
519
228
93
145
225
42
453
401
209
334
159
441
9
16
543
240
42
130
164
78
464
85
183
49
84
30
100
236
21
7
20
372
288
22
110
23
216
941
15
1
748
104
203
38
4
51
181
76
306
206
69
23
185
29
105
225
9
189
407
298
324
189
211
45
341
392
133
169
72
7
466
12
481
24
187
37
323
23
193
34
281
162
43
37
23
183
560
257
244
1
38
186
180
589
414
288
226
595
82
83
9
272
391
92
41
131
165
74
384
16
234
515
263
13
122
227
212
298
360
41
187
51
80
370
54
142
24
50
4
18
176
76
484
288
280
56
195
297
121
135
54
247
357
71
117
270
25
65
15
497
17
383
27
459
48
194
17
726
14
54
190
233
236
418
157
634
273
621
33
774
16
17
180
320
108
502
243
416
13
16
309
138
2
134
261
94
157
156
17
58
293
112
81
497
662
400
35
106
82
280
304
323
14
477
40
88
33
102
113
130
2
207
343
48
68
337
773
249
421
222
297
124
189
104
29
202
157
179
172
111
93
379
197
217
473
67
355
191
21
78
200
64
151
7
306
681
546
154
152
236
195
159
72
576
78
256
15
114
109
361
46
146
8
112
437
242
520
751
785
5
211
53
106
246
7
284
432
450
77
77
30
342
5
40
100
60
693
499
71
189
112
374
9
113
411
202
395
305
70
52
214
59
164
211
624
591
301
320
515
84
30
318
204
75
38
9
93
41
708
137
11
44
57
84
236
26
277
181
554
132
4
276
131
42
475
14
166
419
397
187
70
421
116
171
732
22
1
16
34
254
19
513
220
535
101
142
85
285
443
101
184
21
664
251
217
547
28
538
188
21
52
23
862
68
195
51
39
389
71
240
58
16
109
207
172
65
55
1290
306
277
393
20
113
207
351
298
4
344
1165
224
171
523
219
231
174
171
108
68
90
583
227
310
296
233
108
14
73
108
870
561
98
243
167
250
20
393
34
10
563
98
201
231
6
106
323
45
58
657
474
65
284
125
189
239
107
48
406
169
124
56
236
511
28
120
60
59
90
44
81
24
114
102
138
79
201
72
24
754
293
451
144
222
225
52
104
56
126
145
481
137
290
97
58
2
172
9
152
225
20
354
181
5
18
358
102
529
32
17
492
338
138
7
1
492
146
289
49
251
344
237
4
36
4
36
103
260
436
282
80
482
54
208
4
73
16
447
132
316
110
575
93
760
100
59
135
112
306
80
9
406
616
11
4
386
25
209
261
17
338
16
537
396
362
61
146
595
40
1167
57
42
104
327
135
44
1
214
112
183
15
433
257
532
567
27
15
348
11
187
217
151
247
244
675
102
9
1216
396
107
300
305
151
87
28
71
25
226
129
164
191
299
13
28
577
180
120
211
234
69
481
153
127
4
142
172
103
90
17
477
214
198
350
23
143
133
263
297
581
18
159
138
43
67
157
123
54
5
271
184
260
119
413
205
62
574
276
357
162
161
67
283
87
899
435
9
252
290
115
73
145
165
160
52
209
108
98
2
708
372
223
34
96
121
49
389
3
41
164
365
18
280
15
6
56
90
24
425
3
83
167
229
46
252
106
254
332
114
164
193
91
36
234
256
42
114
71
358
144
18
217
39
851
245
627
530
127
18
56
31
191
75
152
106
54
197
209
37
384
166
27
382
131
160
362
504
8
133
177
549
105
121
94
210
189
27
161
96
2
618
197
159
17
293
372
256
228
359
94
789
70
1
55
939
49
8
278
178
33
223
201
59
43
168
184
65
209
236
165
5
236
58
43
12
73
285
22
164
120
89
70
314
1069
513
34
8
80
30
216
313
24
7
19
178
45
40
383
71
28
12
302
49
42
246
126
359
154
72
1
177
71
227
250
119
35
122
47
248
102
342
100
324
349
167
235
126
185
143
51
37
112
373
20
8
2
155
169
62
90
96
80
43
351
275
148
3
83
245
371
119
409
152
90
26
163
56
66
29
112
55
104
167
63
204
137
69
144
111
50
645
249
620
706
128
131
862
47
303
110
274
178
104
4
42
174
124
473
2
304
159
155
149
229
98
251
1294
12
134
460
142
256
271
396
590
463
58
155
68
389
57
208
193
15
124
686
36
212
282
346
289
50
99
207
894
537
272
38
120
589
397
49
104
778
212
113
59
43
14
30
1
31
30
179
82
1
47
230
77
304
36
182
101
250
12
70
259
199
694
102
134
116
93
85
46
135
634
96
263
1
40
59
661
81
103
40
412
46
645
746
659
283
10
396
271
128
224
441
71
366
192
132
172
437
233
6
122
83
30
4
49
182
169
241
125
68
43
229
40
173
277
139
441
665
2
182
196
321
15
220
264
51
122
401
32
274
45
356
41
48
442
1003
140
78
523
31
63
128
437
245
39
26
79
280
88
98
375
27
346
20
328
248
151
7
129
81
183
165
5
40
422
98
30
72
91
195
222
17
190
532
20
47
272
534
35
16
17
181
182
24
20
378
33
590
214
24
426
2
74
729
754
83
139
265
3
66
153
8
533
410
44
74
194
134
268
43
116
214
62
284
140
165
33
210
22
33
160
482
22
90
187
253
193
106
130
253
418
187
255
46
166
243
42
374
143
41
794
42
15
147
169
204
6
360
238
39
93
543
25
123
307
48
327
194
47
85
243
101
72
75
182
372
30
191
53
94
3
68
62
69
228
157
27
179
395
196
95
44
98
282
258
97
311
249
40
186
266
578
160
110
17
286
328
301
565
133
114
76
185
27
88
710
189
116
152
167
467
723
354
175
70
504
51
480
45
91
727
231
462
369
377
9
52
220
646
507
848
9
92
236
714
92
712
313
528
294
394
22
65
62
208
71
696
170
502
383
77
4
103
696
28
147
466
20
727
19
206
66
1236
377
18
25
7
8
342
104
107
561
209
83
78
52
100
99
1017
241
181
195
220
393
209
218
164
73
133
2
293
110
102
621
111
78
20
318
493
137
166
166
168
44
460
1
182
541
185
2
225
31
138
51
806
110
394
13
11
92
365
343
66
108
278
31
112
249
96
151
672
118
363
24
188
199
20
111
424
320
303
102
8
169
85
59
51
175
35
162
42
255
222
31
102
34
41
29
448
26
102
250
279
542
57
824
130
39
38
147
38
174
101
452
342
143
79
461
167
165
203
197
62
50
35
44
52
15
34
74
110
137
14
82
13
88
92
48
353
192
158
317
229
98
437
524
134
79
20
606
104
507
85
388
71
168
613
308
20
556
18
30
83
192
298
732
451
118
266
515
8
170
22
90
376
216
221
4
50
51
292
309
87
170
76
493
5
74
37
76
154
420
93
46
227
26
96
332
131
67
401
82
45
142
41
488
78
43
25
305
502
60
589
95
57
290
155
168
441
355
99
300
78
87
94
35
45
129
48
188
60
70
54
283
29
267
192
274
769
26
169
542
45
80
235
68
29
21
784
224
16
91
221
289
114
36
111
293
97
1
13
265
435
56
70
182
90
106
232
274
472
502
88
65
102
37
151
228
68
141
170
42
128
937
151
123
14
126
348
425
111
398
45
31
58
56
123
88
30
151
32
100
107
107
275
245
170
91
124
74
44
64
49
33
233
197
647
204
206
281
365
116
55
14
88
98
117
275
24
197
114
540
52
286
6
291
1
49
136
85
602
145
167
6
304
248
11
7
111
224
320
400
245
134
121
122
261
188
306
162
188
20
554
74
194
146
139
135
85
448
214
97
558
58
79
267
23
20
188
342
379
151
99
756
200
33
112
261
985
160
331
332
65
156
12
41
135
515
315
115
645
497
64
178
353
8
193
254
1206
203
28
115
200
289
135
193
312
218
53
109
68
154
64
1110
103
370
487
527
125
362
19
324
2
164
64
512
137
4
331
199
54
281
21
40
204
151
101
215
79
83
212
484
51
138
33
580
57
687
88
289
208
243
317
28
194
42
73
42
65
471
131
128
164
664
252
42
46
169
194
73
86
182
45
112
409
610
199
354
9
761
572
277
186
167
152
72
441
61
267
7
916
4
114
179
231
417
476
116
28
52
443
26
565
560
22
7
303
3
27
37
792
6
650
311
96
14
30
158
426
82
214
578
486
62
235
225
70
43
76
288
233
114
35
1
33
707
73
208
665
99
62
341
54
93
106
198
128
111
224
115
199
13
408
60
315
34
135
283
9
246
71
353
195
254
181
44
1
98
128
4
475
95
455
882
565
86
2
395
396
129
109
440
30
39
459
33
377
302
68
49
157
76
542
33
31
45
177
67
129
725
868
275
165
411
19
52
45
101
44
511
966
198
404
36
95
146
895
205
291
355
285
292
99
1319
5
18
510
180
267
46
150
192
612
66
85
91
28
110
18
10
27
19
299
459
268
392
68
4
21
182
242
181
325
132
29
361
16
354
25
47
410
52
18
69
43
459
33
542
147
339
203
514
226
135
180
447
655
524
302
238
487
260
65
603
152
287
74
1138
82
114
81
568
8
733
9
14
56
269
81
60
821
834
406
276
118
18
71
330
238
214
260
222
350
176
177
93
66
90
105
276
279
307
217
71
136
105
59
22
90
298
255
185
125
383
285
80
269
231
46
115
74
230
776
33
635
166
43
505
182
95
439
120
1103
190
214
89
256
360
165
219
150
344
188
358
26
233
59
172
181
590
22
37
99
827
87
118
32
471
26
61
59
57
43
162
124
138
82
334
110
467
284
22
116
156
289
105
82
21
64
133
286
92
58
740
279
427
198
588
583
236
408
206
54
280
248
186
60
384
44
543
145
188
191
389
142
117
108
94
245
10
242
34
246
69
93
116
110
9
164
33
199
386
107
495
284
5
344
57
49
591
43
181
30
68
400
127
405
407
64
95
10
344
100
290
196
455
216
260
209
129
405
207
43
36
41
148
56
150
391
48
423
436
278
61
206
195
49
171
94
5
137
213
102
15
37
185
108
50
302
182
445
152
57
22
85
52
18
137
82
17
29
80
146
195
299
870
189
204
85
448
180
531
263
9
3
302
342
9
246
28
396
105
368
482
86
72
146
144
136
124
458
367
497
147
25
586
198
112
354
244
448
58
340
131
18
641
90
65
24
159
375
84
142
22
102
212
329
23
392
77
58
209
4
74
123
318
94
139
32
355
76
152
128
164
12
100
29
113
30
55
292
232
449
109
306
53
230
31
49
131
55
315
220
406
1008
80
694
64
253
290
199
7
72
40
219
347
8
54
520
14
59
228
135
24
201
289
53
525
8
23
30
130
56
516
148
153
85
20
201
32
69
14
383
126
53
10
4
33
45
111
716
15
366
653
579
171
167
197
383
506
5
195
25
56
39
159
14
208
337
29
183
255
587
171
12
36
300
412
11
261
254
48
60
58
56
313
292
497
474
20
28
153
108
21
205
4
13
83
4
325
89
79
917
96
64
72
597
267
351
278
59
380
128
241
54
1149
6
49
165
17
183
23
1165
233
48
72
43
32
206
342
166
44
33
444
446
189
164
23
249
105
134
24
16
459
13
353
345
71
873
197
457
19
71
117
417
444
199
79
47
11
97
88
88
189
177
101
91
954
348
233
910
814
17
261
588
87
332
98
106
265
26
285
78
15
95
255
207
58
22
197
20
59
124
34
146
111
67
271
113
43
328
180
459
400
34
256
61
298
283
1
389
132
211
239
85
56
549
106
212
126
65
925
54
94
302
63
206
190
15
42
19
799
622
47
6
10
126
162
94
359
216
34
135
75
5
393
117
513
307
347
257
352
7
162
704
27
606
182
316
268
1
78
72
49
119
293
110
27
1
7
196
68
1278
35
22
177
452
4
13
144
121
24
30
51
124
316
194
74
77
420
139
654
86
20
1230
376
38
86
188
64
630
72
73
835
680
38
669
61
33
66
196
144
44
64
215
29
400
152
125
342
530
237
286
8
182
298
18
517
267
399
174
64
281
396
234
413
131
47
326
436
429
22
144
145
788
33
142
200
300
550
285
213
166
129
9
76
123
1236
111
177
129
18
316
138
7
159
3
924
38
24
348
188
107
67
18
47
137
112
96
98
568
145
257
459
250
135
67
262
385
265
400
15
113
190
40
483
204
157
131
127
101
174
239
37
65
665
213
94
33
201
116
215
79
26
159
263
178
384
430
344
540
70
47
240
94
465
29
15
215
93
62
154
50
32
165
436
51
201
148
432
14
31
77
73
25
598
100
111
26
150
256
253
12
84
52
456
309
57
147
27
96
464
144
143
114
42
5
241
54
25
584
249
19
37
24
293
248
158
98
85
647
75
31
30
335
410
224
40
415
308
227
347
76
85
82
328
160
550
35
27
137
180
34
494
305
299
101
21
265
313
195
624
129
382
590
104
1225
54
60
35
164
138
105
141
45
61
336
535
317
122
147
63
110
172
86
212
113
401
46
531
6
491
37
332
275
205
111
110
202
25
217
151
132
49
802
23
774
160
1111
134
24
216
25
376
205
525
233
38
7
42
9
136
209
134
12
162
177
2
79
238
646
160
154
21
1
184
31
33
348
120
465
37
37
72
113
34
1
383
76
343
73
80
438
188
417
112
68
537
146
30
389
79
114
493
140
274
45
38
21
282
26
163
146
289
85
817
109
19
169
461
81
7
235
262
41
240
47
981
364
302
303
10
251
1126
264
532
33
125
416
67
151
206
130
317
322
35
275
32
138
29
201
652
333
82
85
221
376
296
89
309
208
5
83
183
10
1381
278
216
7
79
156
31
174
25
254
117
224
79
43
17
163
95
239
64
316
90
31
62
59
115
61
283
193
236
410
141
133
48
184
144
229
141
113
307
404
17
434
26
6
81
51
479
623
134
132
108
69
348
227
135
60
436
15
43
202
455
302
76
25
22
193
55
178
63
140
22
130
7
56
309
263
87
22
191
148
269
538
76
67
155
62
33
39
504
35
262
157
382
40
113
140
271
88
545
49
707
112
356
659
12
64
278
189
200
319
2
159
980
47
53
253
105
553
462
318
505
25
85
34
394
478
19
225
310
173
8
1171
15
182
157
85
366
223
217
126
151
3
285
324
246
234
304
143
114
118
55
95
405
277
91
60
78
148
92
29
137
66
82
82
23
26
215
25
215
90
145
14
134
34
92
145
533
723
501
159
247
59
143
206
83
19
120
185
259
70
46
366
247
218
604
182
262
351
116
55
97
130
209
32
10
91
42
99
74
422
568
230
110
163
449
308
138
97
189
482
216
50
91
54
412
35
88
27
220
62
1106
29
131
95
269
108
365
136
104
182
17
117
136
270
382
60
110
128
23
21
46
410
325
1
125
51
5
107
91
51
275
240
66
244
2
202
339
159
178
24
14
299
16
490
164
143
94
820
692
355
149
486
506
32
527
18
658
40
304
68
29
37
444
25
17
76
190
10
58
41
26
141
9
7
254
296
127
281
123
17
58
125
239
265
329
89
466
188
36
588
95
401
36
46
25
50
9
322
159
194
276
550
84
232
13
588
7
245
451
46
219
188
345
116
37
230
57
24
233
117
47
359
196
119
72
160
152
113
205
125
210
179
93
99
62
97
236
166
199
198
389
160
212
87
20
70
15
21
663
657
82
39
20
195
542
162
269
96
84
445
47
16
87
105
145
19
872
8
86
102
250
221
251
126
37
331
75
8
30
158
8
120
1116
23
208
164
74
521
2
383
363
125
482
425
228
269
529
162
247
342
67
113
19
39
39
176
12
46
167
32
238
318
416
17
486
63
159
91
84
147
803
18
107
259
288
177
60
128
239
64
251
188
182
25
32
249
67
144
59
127
315
163
216
378
56
76
108
103
78
50
53
144
432
36
162
723
195
93
71
249
59
241
99
2
53
93
417
15
114
342
316
62
296
234
156
506
56
185
571
665
80
309
286
71
66
32
362
51
42
430
188
308
92
61
47
84
733
179
391
58
90
10
321
678
27
110
118
118
77
86
3
30
301
41
73
135
16
13
535
48
2
55
180
54
37
86
271
208
122
198
64
130
32
249
134
221
78
23
15
16
61
535
55
349
257
2
366
518
147
465
186
101
127
4
57
349
23
79
212
229
34
336
427
43
48
68
39
41
220
165
249
229
48
239
82
205
13
77
530
211
48
201
252
562
324
67
35
153
1076
148
242
513
96
566
11
13
80
50
61
10
77
16
59
88
206
652
23
508
152
206
266
560
19
42
50
271
18
159
145
167
838
55
266
169
72
65
273
616
186
533
58
140
64
103
40
105
95
2
121
257
253
794
2
66
116
125
35
106
54
329
19
82
168
271
243
153
507
160
140
758
137
326
268
150
93
295
163
91
174
19
91
344
10
326
22
95
428
82
225
64
4
147
58
131
175
63
205
120
19
679
129
118
320
43
105
325
72
414
13
736
288
112
521
245
311
9
602
36
100
203
1
95
8
192
696
389
47
6
230
222
139
44
102
450
214
110
8
270
178
414
582
46
301
48
77
180
13
23
20
300
67
40
128
136
277
135
323
157
729
43
12
62
233
95
185
17
163
306
143
125
189
103
15
53
346
185
335
105
346
409
214
177
48
267
139
22
118
3
454
354
274
466
16
6
7
25
4
720
80
154
311
343
174
165
436
126
115
260
301
325
416
223
91
39
41
11
187
105
62
144
1
53
267
65
36
124
290
137
35
292
31
479
552
93
163
496
114
151
141
228
224
32
398
79
152
84
155
372
102
81
42
317
124
129
140
99
343
319
586
12
31
414
148
22
24
101
119
142
86
60
60
151
12
148
66
24
14
23
683
314
173
148
10
29
46
145
580
69
210
772
136
336
223
510
79
66
164
459
1387
371
395
251
62
73
169
269
122
298
130
249
141
159
574
81
140
64
282
147
74
1
86
224
34
58
11
286
281
173
197
183
325
453
318
39
117
3
642
78
169
154
393
190
150
261
98
370
16
107
55
416
39
145
242
61
155
78
38
122
90
22
278
542
70
24
170
30
10
196
13
142
207
17
467
133
281
522
434
382
25
56
93
42
133
298
181
380
18
118
147
70
8
519
124
13
279
103
44
77
234
17
326
61
157
168
448
52
58
240
149
418
358
464
122
67
142
249
1
60
16
143
41
302
4
19
97
384
71
32
66
211
75
67
47
62
730
191
248
600
111
168
128
33
62
2
102
46
397
50
1342
5
209
415
358
202
434
185
54
480
464
45
4
68
46
26
101
499
136
76
348
885
6
7
1046
198
73
210
237
48
144
35
272
103
295
92
270
327
165
119
355
156
93
424
46
184
1
114
171
82
135
54
73
446
34
163
120
810
228
95
113
311
291
90
137
95
63
67
292
119
75
169
16
301
90
720
52
41
230
8
10
88
48
103
328
114
57
169
70
186
696
48
70
203
64
196
185
206
319
98
93
583
277
434
673
94
92
267
14
365
170
252
49
153
268
75
177
183
17
129
15
186
180
209
165
224
5
253
146
191
401
479
185
451
354
67
183
320
266
452
69
184
81
51
170
31
1191
547
136
183
314
204
110
333
335
206
22
7
88
96
295
111
345
162
23
25
380
191
36
54
208
207
15
250
714
66
240
40
287
247
664
391
374
104
17
296
267
196
95
17
618
76
1
517
392
136
26
203
121
243
545
183
29
208
38
207
377
171
65
87
207
153
8
5
12
16
412
280
76
135
121
95
372
45
537
233
4
91
129
256
197
84
69
142
14
7
580
16
213
293
16
19
23
312
84
624
176
539
257
270
85
188
737
261
100
224
97
1
38
65
181
364
239
68
243
75
36
103
84
484
115
134
699
157
119
76
21
271
531
49
209
115
124
334
43
31
75
87
64
419
10
327
140
228
83
65
261
15
795
351
465
64
170
81
493
175
340
110
26
228
555
31
279
62
32
104
576
381
216
335
184
8
50
1133
330
35
170
1294
6
167
529
370
290
140
316
397
678
315
46
442
348
70
320
448
56
92
262
35
218
73
363
188
129
548
19
92
255
103
282
27
85
72
58
122
216
35
38
191
64
131
116
696
47
77
9
193
107
186
95
76
95
37
176
60
18
262
509
454
9
285
181
70
151
137
9
31
481
4
27
20
16
220
46
95
414
250
160
116
215
161
23
174
245
81
998
56
259
74
334
9
35
321
30
22
146
18
54
378
114
16
106
290
248
21
4
71
2
213
156
118
122
144
294
30
400
469
136
5
299
63
242
252
15
73
301
28
82
262
188
823
272
161
28
16
187
53
56
99
102
155
172
235
99
138
15
201
217
47
391
6
249
546
96
76
86
67
58
490
24
325
309
113
567
425
265
112
69
58
20
297
111
774
168
46
28
56
162
41
139
308
47
204
23
86
131
238
39
627
201
681
14
102
54
156
262
249
3
46
94
12
194
9
12
331
289
777
115
47
188
93
94
103
2
52
194
61
127
41
76
292
88
293
142
81
62
29
102
503
20
278
169
62
254
60
395
17
288
791
39
163
126
58
414
8
13
27
3
35
223
171
30
95
40
290
373
30
6
136
364
180
126
96
230
48
28
610
1258
13
140
31
71
42
45
84
41
439
147
195
29
53
57
29
180
218
49
94
172
12
150
95
149
9
583
96
189
608
114
26
51
55
62
90
378
245
265
205
17
96
415
1035
529
102
45
179
54
260
515
815
70
15
183
4
153
318
241
1216
85
61
13
54
424
80
228
142
699
117
354
186
535
32
674
130
116
68
97
34
46
430
21
575
234
389
536
21
153
184
55
123
733
202
67
52
487
58
251
111
450
119
20
35
245
9
734
66
315
60
134
135
57
222
432
174
155
355
11
312
308
109
106
614
225
66
49
140
386
33
231
493
604
132
749
245
647
31
111
169
50
94
10
268
231
366
291
41
255
24
82
255
32
117
109
204
256
28
336
558
362
101
57
284
165
8
298
23
377
274
42
136
9
113
119
142
120
92
171
3
45
160
1073
926
13
14
325
207
131
356
429
415
173
167
104
239
55
75
197
242
24
90
130
36
219
539
484
416
13
117
132
72
9
245
20
38
170
493
118
14
107
281
15
27
102
125
140
118
182
53
144
69
21
253
371
218
186
24
141
98
198
131
2
56
103
394
154
71
78
356
171
674
15
828
396
660
46
24
53
232
82
114
60
32
262
293
43
8
123
475
31
12
394
23
2
2
151
4
15
420
153
411
289
97
23
80
181
32
139
271
195
15
58
67
154
2
156
230
288
74
511
917
173
92
13
38
237
262
292
444
67
436
8
77
528
76
60
74
119
432
98
343
11
49
53
389
390
19
212
373
32
124
308
271
107
63
25
272
189
144
162
519
190
293
57
217
80
267
91
37
115
407
160
4
56
252
63
607
174
13
301
398
65
120
531
62
19
42
148
23
211
113
109
64
84
115
39
195
167
178
88
410
113
59
66
53
59
27
114
18
472
17
51
165
110
46
81
96
444
2
88
289
11
148
886
336
177
64
112
29
178
301
58
21
30
217
120
173
139
690
457
136
420
285
450
839
47
189
13
197
611
19
70
117
100
325
781
30
77
28
46
86
233
41
37
56
24
42
154
98
261
271
536
28
97
40
68
101
179
154
67
61
57
60
188
17
181
58
47
166
86
77
70
202
137
210
77
112
273
99
186
48
8
481
442
217
35
459
133
64
426
333
59
63
180
334
35
371
530
331
171
25
79
200
19
179
1011
993
2
134
66
71
76
341
396
468
52
133
301
554
40
77
261
53
79
82
212
145
103
23
2
102
17
161
278
80
165
4
140
1286
202
784
323
107
501
45
901
27
136
249
215
309
205
121
28
170
565
430
531
182
100
128
301
473
347
83
673
29
70
608
233
109
234
40
54
242
62
166
158
573
78
37
14
104
273
331
107
166
206
9
299
289
294
281
158
41
853
219
34
54
119
202
164
717
283
16
87
184
318
82
1182
239
120
103
23
51
613
274
63
495
13
220
96
41
298
906
601
11
381
115
86
73
310
152
127
87
147
96
293
3
158
36
36
238
246
229
265
29
79
364
255
72
507
79
308
138
55
114
773
74
316
66
109
126
221
81
25
49
275
150
573
77
31
468
45
48
3
882
268
143
145
422
30
91
10
75
406
336
176
164
650
248
66
156
17
79
8
533
155
44
74
219
40
87
329
209
188
136
98
6
287
40
290
427
52
252
86
198
88
246
360
12
169
863
418
66
455
587
117
122
27
423
36
215
193
113
89
236
54
278
536
51
67
121
497
16
11
558
358
2
333
51
185
368
348
362
54
66
63
412
3
57
183
364
92
21
60
80
46
164
63
38
385
253
201
21
104
491
2
174
186
449
210
426
20
8
18
517
23
9
120
23
133
394
8
186
15
68
517
72
87
868
56
459
120
92
749
87
58
14
368
35
392
121
28
215
23
1393
11
439
83
310
149
27
39
17
380
229
143
57
72
13
101
544
7
13
24
280
80
538
17
106
204
37
428
167
85
3
8
69
303
81
396
121
113
413
3
450
324
156
6
259
470
318
150
172
390
271
77
38
159
3
24
14
358
11
12
364
56
388
420
238
215
351
248
236
599
287
138
150
1036
195
9
41
22
36
151
74
68
1462
212
206
82
56
31
85
45
56
397
178
187
176
46
50
111
498
2
436
243
224
270
105
415
82
19
321
23
66
307
275
51
395
306
455
53
267
176
324
383
29
402
390
15
12
43
20
35
24
760
28
34
633
117
43
53
12
302
129
647
275
62
256
507
78
130
100
199
17
112
44
61
17
264
104
23
182
192
275
67
441
521
53
193
115
440
277
46
28
347
347
168
195
153
68
739
84
181
71
286
79
62
140
52
111
50
244
7
1491
360
378
167
241
61
257
57
100
728
38
62
416
6
42
221
114
279
247
79
390
18
140
240
1096
66
529
464
122
39
622
3
152
327
65
25
635
133
394
8
177
39
294
55
172
69
192
369
41
225
131
59
293
1428
196
91
18
57
444
303
120
161
15
11
523
17
28
100
11
41
189
359
56
167
15
70
132
183
442
147
82
209
74
98
577
129
865
148
10
155
6
240
204
97
233
1096
98
322
259
42
81
12
216
77
12
334
340
548
340
10
138
698
354
191
25
239
51
274
204
302
334
26
43
366
52
322
34
157
173
246
183
211
27
412
109
5
42
40
780
4
295
327
212
74
15
23
11
138
108
31
86
176
302
159
124
261
102
7
157
52
207
28
140
62
255
144
2
76
63
147
271
271
140
33
68
138
523
60
132
118
70
18
181
54
336
747
28
53
68
102
206
113
43
1171
107
391
96
581
66
109
104
67
141
206
30
122
9
82
275
306
848
156
185
18
178
404
58
33
246
167
2
76
664
95
72
350
148
187
81
53
312
99
35
144
448
188
299
38
71
126
84
1
91
29
13
282
58
125
446
105
524
67
204
68
264
29
144
262
55
6
299
150
347
28
168
372
274
403
131
392
29
98
863
354
205
477
85
323
50
382
3
230
269
68
54
490
452
190
370
108
44
772
417
18
96
100
32
143
26
896
67
36
87
112
115
288
11
463
23
3
390
241
87
141
75
342
335
449
25
169
299
41
55
222
294
56
41
292
393
81
72
443
43
354
132
290
467
463
12
134
697
69
56
148
25
975
7
127
89
4
304
186
61
526
115
208
165
117
219
234
35
259
300
358
39
235
291
110
16
551
80
99
147
188
39
225
932
395
141
37
351
35
898
36
258
30
16
323
78
48
855
115
625
246
63
108
39
226
37
61
24
34
293
222
76
11
37
89
26
109
164
42
31
73
166
149
11
447
213
93
21
40
5
29
200
422
245
179
21
332
90
1033
199
113
133
267
428
306
123
194
25
168
54
33
46
147
9
352
182
410
467
546
445
13
92
272
8
117
57
208
343
47
279
38
259
55
337
84
251
16
1227
85
15
326
319
4
401
692
231
9
44
84
288
108
234
220
82
17
134
41
61
49
43
18
121
43
645
208
74
174
65
69
124
63
151
49
258
21
653
479
127
879
30
36
100
18
116
477
616
318
297
139
84
66
6
269
74
69
91
75
263
444
1
410
55
675
147
135
254
8
70
235
19
79
42
321
38
159
11
305
777
99
34
90
70
35
23
171
398
163
114
135
17
13
69
93
117
386
152
458
240
358
197
287
660
166
174
70
243
288
109
96
423
46
87
86
32
146
43
17
102
491
30
6
163
47
144
113
458
45
149
76
321
345
241
215
51
10
4
71
320
6
100
450
369
109
164
197
32
92
985
364
473
30
488
92
180
334
1
304
34
24
524
47
96
231
50
3
254
712
222
9
137
838
316
185
297
15
117
628
288
14
47
153
21
362
219
157
353
229
16
58
132
152
203
198
3
119
388
163
5
94
39
92
11
194
108
422
72
6
29
238
226
72
136
556
103
129
291
40
28
756
1
289
392
62
4
53
137
131
60
22
112
29
208
234
542
62
5
43
292
2
52
312
314
25
129
501
703
87
13
142
175
45
7
82
985
573
478
62
363
135
7
169
563
763
213
7
366
178
83
23
54
168
322
306
53
461
280
115
222
191
389
82
132
44
93
15
74
11
188
168
63
156
291
657
68
128
57
3
227
190
13
66
136
25
97
336
81
95
441
157
19
59
554
16
88
33
47
39
561
496
446
170
56
6
1
97
488
6
564
354
174
239
396
121
7
464
907
189
214
196
110
99
150
22
160
265
551
184
237
579
281
245
1640
73
111
239
62
6
835
468
252
69
448
159
94
131
16
3
19
138
800
11
377
49
3
368
107
472
41
111
578
296
80
114
206
98
245
201
8
42
98
44
6
306
41
47
45
69
167
98
199
100
73
109
206
90
69
863
250
305
65
364
11
30
632
633
1058
7
42
64
301
55
253
378
313
72
55
17
491
505
34
320
5
326
370
359
57
58
344
473
22
33
188
105
15
196
217
768
247
11
45
98
479
216
72
210
103
111
14
438
13
136
50
416
32
370
6
269
14
106
306
330
247
98
316
9
7
457
39
9
455
374
68
20
348
5
40
52
250
80
423
255
32
51
386
18
89
46
144
528
131
123
16
273
26
124
219
917
519
261
593
152
32
106
46
395
435
953
23
13
12
304
28
1204
210
112
415
262
128
41
38
154
360
21
77
190
104
579
64
380
252
717
35
232
142
82
554
135
111
78
165
124
50
32
129
134
5
144
332
707
299
218
20
8
119
32
376
33
18
1075
436
165
83
176
237
173
142
327
233
29
272
404
269
181
130
97
317
72
228
741
484
327
6
27
178
60
182
134
253
578
36
92
1319
104
235
188
37
28
29
181
409
68
23
170
163
126
163
9
42
450
2
106
33
16
121
209
41
90
157
27
243
110
23
105
76
2
207
42
469
21
371
16
27
304
277
128
209
524
217
61
711
14
90
141
48
124
274
446
197
391
139
30
71
380
382
12
288
84
8
163
617
21
169
48
75
327
427
243
90
221
124
307
229
614
13
9
140
137
15
27
426
184
218
245
250
86
325
379
133
255
227
9
18
171
247
167
137
423
226
136
295
52
20
571
15
10
102
443
34
161
11
44
29
310
43
22
421
413
360
495
378
324
84
13
301
350
27
67
770
416
66
34
220
794
38
216
25
40
202
5
1
374
321
164
310
635
47
241
117
52
69
759
115
177
298
30
55
907
34
25
64
1
321
24
163
35
294
123
2
147
1
141
194
115
417
59
125
1180
335
613
300
13
760
87
10
110
233
413
100
10
185
101
22
346
77
399
220
353
114
119
34
176
238
134
67
53
78
509
1
29
15
109
661
389
40
582
242
1119
290
738
421
350
267
14
111
53
432
4
579
460
39
82
43
55
428
50
1009
732
206
309
125
557
3
273
333
614
208
62
205
84
215
55
12
1040
72
208
105
129
147
61
12
28
131
110
648
230
240
11
128
60
338
226
27
80
209
223
369
150
180
105
78
363
845
163
1
14
141
61
115
30
47
100
96
25
72
186
153
127
57
107
34
147
67
2
132
165
566
8
72
184
244
14
110
45
83
478
148
102
6
195
25
34
469
68
5
73
12
92
44
134
185
364
44
8
631
313
59
56
362
294
32
8
30
146
358
138
63
94
27
43
3
9
64
322
154
520
329
759
203
318
120
754
329
604
131
538
51
200
93
77
56
446
13
158
146
210
223
30
75
28
10
137
17
109
606
236
1093
95
63
63
103
166
4
145
407
128
180
38
520
263
916
17
7
148
119
227
549
535
64
403
604
113
56
42
76
58
107
315
32
323
220
34
39
556
377
6
294
48
382
168
99
423
131
36
13
410
108
356
610
112
41
309
216
208
98
3
62
196
31
106
338
124
783
120
59
307
21
300
122
16
69
297
102
125
114
156
29
56
332
57
183
323
39
81
400
51
403
154
635
52
360
44
327
244
469
341
104
164
31
95
371
14
213
67
48
126
214
155
9
7
40
2
94
73
55
69
696
248
318
41
431
82
106
30
429
771
384
289
391
76
177
308
343
64
109
118
161
123
40
348
155
268
327
8
56
306
174
308
85
276
1
49
1
339
2
173
309
345
653
203
77
235
57
71
55
436
291
116
191
188
59
104
83
561
224
24
208
228
198
68
79
15
7
271
269
30
790
45
50
402
17
199
602
529
34
163
510
42
188
71
14
227
82
201
30
78
139
375
133
6
6
190
50
141
34
249
1067
89
475
5
395
364
306
304
103
394
169
159
218
159
169
443
7
5
25
47
181
211
250
239
29
124
203
498
74
721
87
506
29
28
173
110
87
163
89
699
297
482
657
185
50
116
971
552
25
180
137
37
81
322
124
682
115
44
158
243
358
135
81
2
976
237
2
22
72
558
335
507
208
21
6
101
79
110
571
1071
98
527
182
463
610
260
192
325
244
11
12
339
2
37
143
120
412
452
112
28
70
893
417
46
14
8
223
560
226
34
45
128
96
37
285
29
4
134
287
44
252
116
229
118
3
46
8
174
158
37
68
455
421
332
965
52
158
538
6
183
555
97
63
189
23
8
157
546
13
53
46
750
256
89
37
27
1
458
288
167
59
153
59
33
170
181
80
57
14
177
117
17
275
619
91
142
8
406
260
258
179
44
677
349
115
105
126
261
20
206
64
109
247
192
50
771
397
202
291
91
18
100
133
111
245
327
112
20
26
171
74
61
15
254
315
61
11
303
284
131
95
500
401
1255
18
201
67
334
47
75
478
149
147
84
557
7
99
661
25
33
289
219
139
208
582
53
32
212
49
61
116
565
478
73
162
1
7
99
297
111
6
22
16
143
286
2
332
204
83
163
322
73
385
57
269
80
196
59
45
46
12
51
26
5
252
128
16
779
219
68
54
555
254
172
75
619
218
172
78
77
14
326
174
3
269
5
226
22
132
105
399
711
37
210
202
709
316
42
423
76
169
78
113
335
206
102
92
81
164
334
498
139
10
3
63
181
55
65
42
20
402
102
277
379
187
21
8
98
23
74
31
56
321
18
83
387
28
78
260
632
55
16
59
593
265
183
100
45
205
470
89
308
20
7
44
173
472
262
181
47
175
313
284
364
415
283
36
49
131
46
176
1111
691
80
49
299
156
11
48
352
242
96
138
1
119
47
59
270
14
72
320
253
28
227
81
5
311
26
77
99
650
856
383
121
132
25
461
115
384
699
232
77
208
305
30
470
40
503
243
290
159
34
87
156
188
24
44
162
1375
155
117
48
334
247
37
39
814
177
195
260
6
9
143
89
37
299
6
2
143
58
7
515
70
55
42
210
401
79
100
10
115
804
101
406
54
140
423
394
30
130
501
316
97
9
19
130
113
195
27
35
201
95
123
81
246
18
119
89
245
209
237
577
138
2
57
424
105
182
13
9
20
26
158
26
48
382
158
9
14
39
193
164
244
173
472
575
218
339
137
78
470
139
176
159
10
291
71
25
129
74
140
22
119
116
128
154
302
116
262
66
39
440
486
276
384
49
6
168
140
36
491
159
47
102
62
980
109
2
11
315
157
11
247
61
67
616
452
49
75
397
45
56
80
324
197
189
39
283
43
373
8
116
142
94
80
596
216
61
109
14
57
124
239
83
485
180
32
302
51
228
1
66
56
363
163
161
184
94
266
278
132
63
157
161
69
138
599
392
106
40
77
415
354
6
831
289
12
2
11
194
19
305
6
573
386
334
94
92
454
190
169
374
245
38
300
2
143
583
256
512
418
110
393
668
699
261
111
6
325
60
131
302
83
264
146
43
283
283
280
16
314
55
227
308
98
265
599
469
192
21
62
7
30
136
58
122
12
35
2
494
156
579
97
32
8
17
171
126
99
23
30
19
304
145
7
104
293
717
279
534
69
224
37
37
923
282
38
13
235
56
230
75
93
144
41
49
128
250
64
71
471
31
117
112
175
9
171
202
336
281
82
94
112
268
877
106
606
106
290
20
243
62
96
43
24
58
294
14
32
409
214
74
41
888
10
233
28
295
48
138
45
311
79
24
30
239
58
534
60
138
211
119
30
359
931
198
73
67
139
93
311
29
266
50
339
188
321
16
171
890
347
23
80
197
338
191
284
73
121
1060
393
487
494
196
58
502
95
303
48
177
45
103
83
110
134
366
26
334
5
95
69
81
59
228
76
219
91
602
363
213
12
654
114
97
24
249
150
348
93
480
325
799
38
5
613
1
395
17
27
59
141
807
403
299
78
145
1375
32
1
303
32
42
135
67
92
133
59
100
220
45
292
91
302
28
37
232
4
137
297
542
173
115
139
412
24
207
328
3
546
33
54
89
226
231
36
143
297
205
372
588
179
9
84
180
162
153
113
119
28
373
24
139
614
237
266
194
12
186
125
221
101
186
4
150
201
65
116
65
131
24
362
56
113
232
348
29
61
158
217
596
21
88
258
660
116
49
104
100
592
219
3
14
95
67
320
264
117
112
216
77
7
1
216
275
160
336
518
191
282
89
6
113
701
219
116
187
566
7
37
612
58
40
32
420
177
322
129
2
279
621
28
126
242
64
48
145
146
120
77
291
185
2
37
255
1040
289
10
324
18
3
36
213
208
368
148
433
123
191
110
798
110
4
28
205
127
246
391
45
28
659
208
105
21
94
44
57
208
781
75
4
49
414
815
120
9
239
292
610
30
6
133
419
156
26
459
388
9
598
114
11
102
14
147
122
57
41
230
6
192
868
616
346
101
40
243
417
162
28
131
9
138
41
708
143
104
21
213
51
365
132
56
463
162
342
149
484
299
2080
227
226
340
325
228
401
105
80
388
16
151
395
51
46
27
17
219
69
154
33
173
568
1
198
12
42
11
192
46
426
29
56
237
103
95
310
33
457
280
172
121
295
148
709
152
180
76
157
334
50
224
331
345
75
101
163
25
565
161
47
17
164
132
35
251
1342
207
209
2
289
210
2
673
70
76
414
478
118
22
59
28
458
299
581
141
256
181
68
29
300
585
224
204
53
245
385
43
405
42
113
381
103
8
164
84
164
465
80
349
21
53
263
330
146
4
306
250
214
453
222
67
483
84
120
82
68
106
63
10
1031
314
150
59
368
170
3
896
16
139
114
256
796
34
84
138
393
319
435
142
237
77
106
48
33
13
76
182
43
485
43
219
645
124
225
285
47
198
873
316
617
157
207
2
193
12
70
79
73
259
36
490
141
182
11
9
466
212
96
336
150
59
58
481
568
109
620
419
253
73
609
22
441
230
274
13
198
364
206
427
351
203
400
519
387
41
776
87
35
413
24
86
598
43
509
23
246
23
312
18
232
105
49
269
39
314
415
51
253
25
66
52
907
175
177
142
186
59
113
44
143
245
77
153
50
46
148
11
194
43
584
360
146
130
550
888
240
651
142
339
236
52
590
454
614
357
63
179
245
237
131
21
30
87
33
221
42
135
49
1
203
157
154
156
249
283
23
187
560
139
127
26
120
51
53
431
129
416
43
16
46
26
10
11
344
53
20
4
321
638
2
243
74
62
3
177
397
50
169
343
706
554
511
99
858
435
162
215
451
109
847
361
56
389
442
144
531
736
1066
348
20
57
273
86
301
226
40
81
215
163
3
78
124
4
96
375
97
243
43
34
36
100
193
245
11
616
196
106
113
118
7
69
45
247
26
190
308
75
38
20
421
38
654
65
224
248
235
227
344
437
59
305
328
555
105
138
663
40
238
31
422
252
263
179
86
106
226
201
217
508
131
37
102
42
315
76
124
44
12
10
171
93
246
106
629
109
1
791
102
3
103
171
112
17
639
406
390
32
310
4
81
132
538
334
41
121
254
154
64
420
3
16
2
320
86
97
83
110
109
473
404
217
419
8
349
11
532
55
31
110
229
372
76
42
244
60
73
151
326
143
33
96
119
399
174
156
347
144
62
275
912
829
835
10
23
85
105
88
45
300
247
126
111
215
260
119
75
242
478
240
595
65
265
156
179
130
383
231
197
16
210
106
106
458
121
338
499
285
24
597
222
154
35
51
532
129
64
444
191
75
58
662
468
83
58
110
3
600
127
8
18
351
948
214
249
72
14
78
753
6
124
1381
175
153
42
90
610
297
58
92
343
51
222
9
60
224
150
72
197
67
38
26
97
765
100
567
64
331
251
207
322
87
173
445
150
284
176
61
20
143
162
566
130
155
187
94
120
259
755
223
237
120
317
39
155
50
155
563
331
3
98
175
271
109
40
54
114
36
53
6
314
23
227
462
129
81
180
24
283
105
192
59
342
99
64
36
108
243
254
160
99
127
34
212
1
94
169
381
172
225
23
130
83
119
240
278
11
208
58
30
72
22
10
764
591
2
195
296
259
12
333
429
109
245
43
20
201
356
212
308
172
42
65
34
395
448
69
48
309
135
72
8
10
213
127
1
93
42
667
101
4
91
68
64
212
49
292
380
146
416
518
72
101
164
472
76
82
64
261
53
186
372
161
29
334
99
226
236
258
299
143
33
236
44
48
64
41
125
55
185
98
13
129
421
83
196
59
547
174
421
411
673
295
214
491
121
56
20
11
206
831
175
165
415
859
174
58
210
121
425
12
270
340
106
873
49
12
40
223
251
60
130
40
318
458
369
98
276
369
5
175
217
129
100
146
27
834
3
210
101
55
406
291
94
53
107
268
54
159
1282
185
14
411
72
239
78
568
68
13
134
592
462
360
300
392
658
411
38
191
126
61
251
225
320
3
80
439
6
183
16
31
336
178
27
297
11
16
88
45
377
27
393
276
516
787
54
33
3
47
3
209
93
149
8
52
2
150
34
459
233
7
18
150
81
60
269
34
456
158
559
75
85
391
296
63
282
304
141
239
52
47
90
239
201
130
2
248
325
30
26
48
68
21
371
258
52
84
133
11
132
578
79
62
170
204
379
98
149
179
63
45
65
205
204
51
199
272
134
67
124
292
48
197
42
120
32
23
31
214
209
85
488
239
825
101
68
544
115
339
360
89
111
240
300
95
1
151
45
159
166
118
52
113
27
298
54
81
1
96
235
25
55
286
290
345
190
92
50
73
183
25
279
197
22
172
81
95
76
286
215
246
153
10
77
55
69
31
256
176
209
187
121
262
844
403
18
535
25
46
15
106
25
238
339
152
204
167
140
237
37
475
305
200
504
64
480
99
373
11
111
205
151
42
784
183
81
16
99
53
200
62
141
1094
134
318
7
328
181
264
350
129
400
324
345
78
124
213
35
41
211
228
177
150
76
393
311
499
118
204
214
150
140
59
35
477
542
144
419
296
273
138
325
670
112
27
137
96
25
16
40
2
68
7
489
398
445
253
91
736
47
216
84
47
71
50
202
18
101
303
70
86
19
193
473
138
184
100
835
1044
12
277
14
88
11
711
177
403
92
42
37
34
50
17
91
62
321
163
142
161
150
95
239
9
368
44
171
141
376
738
598
601
231
56
411
314
627
44
58
85
15
11
192
531
330
234
25
65
4
1414
77
116
244
525
669
667
115
230
50
141
85
17
144
197
189
126
197
1102
271
58
5
240
154
110
24
413
2
25
120
110
38
198
172
670
5
454
120
334
151
402
48
26
1134
282
62
1047
220
222
78
264
394
149
135
515
153
288
2
209
172
355
241
126
244
402
287
116
71
181
718
419
906
425
476
12
108
468
64
195
473
119
511
393
133
58
242
190
9
428
205
3
983
35
214
302
66
132
79
63
12
40
342
10
477
46
192
27
575
61
12
221
183
270
90
81
141
139
41
579
61
531
74
340
122
59
176
75
298
176
227
622
161
205
274
322
181
217
195
49
200
107
196
435
53
354
156
43
152
45
513
241
188
102
66
2
417
28
50
191
68
199
48
19
281
352
755
48
173
107
40
79
60
308
116
196
146
84
80
175
447
23
97
58
258
28
312
194
440
200
286
360
30
108
65
90
87
110
47
600
185
738
142
155
75
211
116
347
95
58
165
270
204
358
135
162
125
71
10
314
376
121
426
247
388
18
43
159
277
616
186
65
203
44
322
8
1
27
6
4
633
404
11
907
153
351
207
40
462
113
51
274
345
28
254
169
46
27
61
150
16
318
316
10
397
65
48
19
63
36
17
83
196
380
170
280
14
97
246
63
80
103
126
325
185
9
428
84
33
91
265
62
38
36
422
246
231
279
413
14
280
170
548
141
643
45
404
159
113
206
4
170
62
109
429
95
239
109
119
157
434
752
371
353
186
26
112
72
259
143
423
112
350
1090
106
359
290
62
212
773
165
176
95
113
114
8
163
745
81
79
657
69
350
131
311
93
212
168
130
127
347
304
71
260
171
517
303
54
13
266
189
280
20
7
12
300
309
36
155
45
122
224
116
68
183
265
265
30
78
59
153
115
8
29
35
190
324
236
319
49
18
204
100
220
98
219
321
30
137
8
371
274
263
49
90
360
11
579
340
131
79
292
172
7
210
134
126
352
7
129
226
405
70
88
192
187
148
865
336
199
583
57
124
103
157
164
230
352
58
216
31
355
22
160
10
220
34
21
43
47
145
71
23
435
93
186
409
165
71
89
301
726
273
256
85
11
999
30
346
281
133
297
302
255
339
416
387
89
62
169
66
228
46
5
55
162
46
121
251
187
52
802
368
129
252
269
110
219
466
57
222
239
60
147
297
299
82
406
99
247
503
379
201
63
303
88
242
279
475
73
224
491
160
461
193
8
466
498
176
78
334
2
175
80
69
131
29
251
60
137
136
499
63
53
29
20
208
385
176
600
341
493
56
277
49
1
43
34
169
50
237
40
756
104
99
511
151
171
366
86
454
168
135
301
231
84
195
90
502
488
120
49
133
95
433
128
452
4
26
499
44
605
174
137
95
58
97
83
29
16
366
176
67
268
36
226
285
37
503
95
114
296
79
47
228
28
7
153
853
151
110
2
132
289
10
196
248
46
80
7
131
179
10
110
37
141
300
180
72
6
330
157
277
145
251
41
100
636
19
132
181
601
177
246
86
211
391
2
99
302
124
13
37
16
88
614
4
47
11
22
83
178
9
86
30
15
174
846
349
884
110
629
161
159
173
426
534
593
280
43
158
77
133
13
4
354
189
92
6
8
40
93
25
390
82
94
178
46
90
12
106
234
92
237
103
111
345
1142
176
84
115
322
7
4
166
65
13
137
204
581
22
3
348
35
22
43
99
74
341
155
658
114
314
419
55
146
107
154
49
24
436
379
176
166
111
487
84
153
163
12
54
13
396
4
26
351
793
67
386
501
60
150
284
272
357
247
74
88
171
225
28
423
199
375
366
72
2
432
518
61
746
373
33
41
214
290
221
77
213
39
91
16
11
130
178
47
191
232
346
49
175
131
99
158
351
9
335
518
316
215
446
132
3
153
27
413
159
335
153
40
57
58
143
265
15
151
290
207
117
212
986
48
398
114
74
585
247
137
18
118
142
324
68
324
170
31
382
311
77
167
60
157
20
56
392
611
461
227
15
125
358
324
1
158
164
394
211
147
258
186
47
663
181
259
198
113
313
6
1180
227
126
64
373
31
283
50
585
425
377
282
279
220
150
218
2
145
151
538
218
69
157
25
240
224
50
233
447
38
3
452
45
98
49
5
295
72
4
181
64
284
552
116
150
383
132
25
26
142
87
217
11
421
12
24
9
400
63
308
154
107
330
320
12
378
139
283
785
554
403
29
75
505
480
58
175
48
417
95
113
2
79
470
1171
139
90
6
240
502
85
656
131
33
646
27
33
21
779
58
434
165
149
544
140
320
52
161
170
152
22
3
1323
183
126
91
32
662
314
204
19
75
289
2
24
633
130
189
3
60
6
27
92
65
111
119
59
488
15
163
194
42
298
543
381
586
143
175
191
222
435
13
187
192
169
158
68
4
172
83
36
159
272
375
303
309
50
124
574
430
84
76
78
34
259
98
785
342
482
599
840
192
106
288
192
137
147
12
83
20
245
262
16
66
542
262
556
96
302
24
499
109
213
255
264
1055
2
709
87
16
365
240
76
100
84
158
119
243
20
391
12
161
148
161
45
389
29
517
29
582
44
418
136
79
86
146
99
413
449
196
454
218
42
467
27
40
433
165
102
20
132
24
248
87
480
501
618
306
181
113
25
657
303
173
597
139
129
69
67
156
406
198
146
203
167
133
103
284
122
72
269
190
185
343
6
8
654
66
256
211
68
19
25
141
13
96
157
548
334
124
441
85
206
190
17
29
72
47
189
137
235
188
245
71
20
361
49
283
1400
116
388
32
449
178
353
56
302
319
138
252
381
73
31
52
31
158
113
98
119
224
228
89
119
215
140
66
71
379
577
57
163
154
230
11
351
121
108
114
471
226
1151
5
327
552
117
256
142
270
92
258
288
83
1
469
325
786
74
313
70
103
86
369
99
12
136
55
48
12
142
544
195
50
46
28
185
76
220
638
23
389
225
169
268
138
120
68
10
117
62
32
405
405
9
125
126
359
157
230
443
192
46
44
82
671
57
102
449
55
35
216
150
455
20
115
171
68
87
57
237
59
131
285
152
130
21
202
869
8
14
116
112
43
16
60
218
320
50
70
10
90
260
31
166
46
82
540
44
235
145
29
129
752
9
31
142
70
13
126
89
42
61
219
23
235
35
283
119
585
43
94
33
37
212
76
55
128
19
289
56
152
48
406
84
142
947
439
275
54
604
220
47
31
70
190
520
389
660
520
276
808
43
66
1
944
233
227
313
261
1169
259
16
132
40
873
123
19
88
241
485
11
57
154
99
23
72
196
186
67
124
177
369
346
51
282
30
3
10
82
227
87
232
247
299
12
200
188
49
76
25
91
98
84
462
673
674
200
97
30
176
104
21
35
52
258
62
204
312
58
107
731
173
14
272
239
30
187
56
119
50
24
52
288
64
162
82
119
51
188
191
230
4
139
309
212
194
70
57
392
517
168
585
425
97
528
258
293
225
84
37
331
71
278
193
410
99
707
115
13
222
64
8
433
307
236
477
224
606
129
18
115
51
228
63
541
48
87
34
20
199
71
3
183
134
391
41
287
66
259
167
132
5
47
220
125
130
594
76
109
95
165
210
136
18
29
129
186
100
19
153
562
600
92
404
75
12
101
301
182
46
313
159
792
53
81
129
52
105
17
78
230
63
42
317
54
196
80
26
639
131
53
78
219
75
67
68
8
132
219
55
201
29
840
229
109
121
493
106
19
189
268
254
383
50
80
81
679
228
139
56
216
55
50
601
256
23
195
69
123
126
78
91
51
291
706
260
60
14
168
101
9
360
110
288
477
7
74
10
19
331
267
82
629
220
365
346
214
117
324
93
384
528
88
503
336
147
59
505
156
222
57
75
41
160
129
40
110
270
315
236
20
67
668
92
241
674
48
74
24
32
18
133
20
2
23
207
563
150
41
654
496
18
57
3
239
583
17
36
166
178
314
879
166
21
618
298
81
166
337
273
342
295
174
14
204
11
59
57
55
204
596
5
195
83
49
78
402
526
62
95
20
9
215
196
40
656
78
125
428
23
122
116
187
174
55
1
161
209
348
101
113
112
180
273
135
238
29
7
14
27
475
597
92
309
19
61
253
74
149
327
832
122
71
222
102
164
386
224
133
174
42
268
84
40
991
53
578
195
81
474
290
415
254
133
81
258
27
150
9
67
402
207
393
239
363
228
47
106
14
469
230
402
12
433
424
477
415
14
2
337
134
222
149
57
61
11
153
762
33
3
24
285
136
70
78
28
513
230
32
165
88
1
844
266
132
109
12
83
327
68
68
41
191
5
1
4
570
41
23
436
450
70
828
77
100
151
308
65
273
396
106
32
10
265
349
203
413
437
735
494
44
106
1024
385
16
198
576
239
1
441
307
3
112
448
329
63
103
185
58
413
360
92
73
7
76
86
53
55
683
332
350
328
73
111
528
40
172
27
44
137
157
209
434
28
37
78
345
200
44
53
76
425
15
78
49
314
38
159
344
114
385
224
461
444
52
300
133
258
36
26
240
88
135
102
81
54
412
10
91
34
71
183
38
129
221
331
197
259
127
146
334
78
672
536
174
300
485
99
210
65
52
40
130
536
197
164
200
160
208
142
397
70
15
91
185
10
44
441
25
382
486
458
3
53
16
3
84
303
31
210
1
366
143
379
215
184
172
2
447
140
547
25
369
54
259
209
893
49
166
179
89
466
10
334
344
244
73
74
282
574
159
109
260
203
18
205
125
123
325
20
336
277
152
58
502
411
76
10
72
338
4
468
25
82
60
365
55
140
24
39
133
5
185
5
176
24
96
7
45
77
193
202
232
35
168
59
326
351
263
191
23
445
35
317
57
76
302
7
381
189
74
621
68
139
199
59
569
507
36
127
66
248
40
521
102
351
148
118
72
115
254
439
168
254
505
44
245
272
233
506
371
52
9
563
4
168
308
96
281
593
156
93
44
434
130
254
112
12
50
22
74
280
391
400
114
307
179
2
156
51
463
134
990
293
328
103
191
31
17
29
171
69
704
26
158
337
90
55
382
97
346
133
340
161
174
3
12
319
315
21
444
18
41
44
222
415
116
170
26
384
89
254
157
63
58
17
4
41
143
40
82
158
370
333
494
80
34
61
93
230
139
75
939
95
32
741
365
103
26
217
220
12
76
324
103
106
150
165
99
104
122
246
31
145
29
64
304
69
236
6
494
177
6
120
37
401
54
50
12
110
96
372
132
349
135
150
131
130
66
395
155
182
170
120
27
129
440
5
233
94
35
39
344
411
6
70
370
8
273
321
131
53
18
61
431
579
61
138
244
117
84
56
113
187
16
143
266
349
212
45
1
50
87
11
329
27
141
175
152
20
337
10
381
84
117
6
68
520
382
314
180
136
433
534
29
1
5
122
3
43
75
439
41
46
506
125
43
31
329
7
373
619
112
288
143
133
3
51
45
1050
81
632
61
10
113
28
317
12
78
79
182
107
18
36
312
105
88
239
425
581
194
80
133
63
106
51
99
189
242
453
51
21
190
2
107
258
360
1066
223
302
253
196
253
159
162
11
126
205
826
138
97
299
785
25
57
99
114
37
4
439
273
14
11
464
120
111
87
97
73
224
22
431
325
80
44
417
200
165
621
110
933
18
315
19
61
5
5
103
1
328
145
244
264
254
129
310
118
36
692
18
99
62
151
334
3
430
121
447
172
216
20
1860
101
31
325
167
42
198
314
21
134
339
182
219
182
333
94
392
8
205
281
25
798
367
131
254
199
45
139
76
973
69
332
81
13
347
239
20
340
138
204
1102
17
86
169
181
190
63
258
550
145
276
312
842
76
118
173
132
296
217
560
16
350
89
28
22
238
283
88
316
166
33
265
81
349
3
83
155
102
792
183
164
2
372
278
107
721
19
158
236
105
25
715
80
92
273
36
245
387
7
57
1062
39
19
83
13
191
459
101
283
501
337
36
865
137
281
471
83
418
275
43
220
86
432
100
119
59
70
28
62
543
48
117
58
276
295
340
381
40
164
360
264
130
182
221
44
312
298
25
524
70
93
112
115
56
281
175
4
124
346
80
190
38
80
183
80
257
200
193
21
21
4
82
37
259
28
127
430
162
222
372
163
359
423
57
277
182
803
149
388
75
25
34
73
212
416
706
51
426
15
69
480
306
285
40
738
214
40
3
125
71
224
30
351
121
34
273
17
275
70
317
832
128
509
24
193
73
346
104
30
87
123
129
25
141
277
53
71
189
134
362
15
91
133
202
161
121
11
23
189
422
427
164
211
599
672
297
157
457
187
85
137
184
29
467
62
92
107
636
135
62
281
170
162
598
66
176
295
128
101
194
59
5
106
173
79
22
551
348
314
10
29
345
593
119
104
104
193
78
211
110
27
209
214
578
135
20
236
333
267
138
723
214
200
11
3
47
231
194
136
8
318
49
297
126
89
10
157
465
37
37
351
63
1236
28
364
300
36
222
360
271
513
390
160
229
19
228
67
103
203
160
62
66
244
240
93
139
329
462
322
106
191
153
299
278
27
108
480
797
175
106
66
101
5
52
382
61
236
127
71
237
73
65
373
144
97
209
55
271
182
387
98
8
96
479
323
243
261
170
121
168
131
419
17
99
581
198
173
10
50
348
178
51
5
148
323
310
110
11
35
183
57
22
132
832
187
193
225
164
62
931
4
201
71
133
270
512
345
107
102
316
38
981
37
260
89
91
220
59
26
270
94
16
138
37
56
161
34
355
204
86
104
109
26
94
45
135
58
324
1352
70
570
84
297
14
142
148
18
49
575
35
144
101
185
292
74
542
309
28
185
165
103
235
6
588
59
18
16
921
13
109
10
76
341
200
626
763
160
150
45
363
23
353
81
156
8
407
380
194
45
45
58
218
31
323
58
1
402
30
147
530
20
289
275
407
183
235
96
143
250
59
496
81
178
241
9
153
79
36
149
313
158
84
24
368
143
134
98
90
98
4
390
20
265
108
23
238
347
207
110
67
415
334
224
33
328
70
354
178
182
7
562
87
370
51
499
204
192
33
881
32
47
69
28
25
371
161
87
408
2
250
39
289
98
448
26
16
29
52
178
284
116
117
540
164
19
193
28
118
11
309
337
334
234
196
19
126
276
567
502
341
195
47
121
62
14
318
29
57
495
47
547
547
498
652
162
1
58
95
497
135
396
872
375
38
36
295
50
127
56
585
128
74
27
153
307
552
46
104
321
31
128
10
48
396
164
280
16
198
60
123
38
381
172
546
68
93
541
176
251
66
181
149
445
120
515
43
111
303
162
44
112
176
18
202
126
26
91
168
777
250
3
470
140
119
41
105
159
478
61
3
135
473
153
52
65
239
106
299
84
202
84
58
159
269
1
704
131
31
323
281
791
435
97
392
55
10
31
296
65
193
99
19
39
45
62
44
559
380
552
708
51
42
62
53
472
25
121
30
271
43
327
59
1
26
47
162
113
57
96
1176
77
231
148
595
28
381
122
38
109
11
350
165
130
674
132
104
126
166
194
75
125
100
303
183
44
256
71
78
368
142
71
205
283
199
356
342
108
102
57
132
128
309
93
109
52
85
198
194
108
67
222
293
173
238
184
510
491
89
110
172
626
26
283
384
427
78
125
4
357
50
57
12
15
431
354
145
78
154
322
80
35
339
258
418
264
474
189
572
276
5
82
365
786
51
21
96
47
765
151
655
426
158
152
108
104
147
114
479
78
187
169
171
75
10
428
20
71
224
194
764
138
15
272
252
362
319
25
167
125
33
23
35
315
116
209
221
432
47
96
284
141
122
722
941
255
45
47
760
88
132
481
557
41
41
81
487
36
222
20
83
183
272
58
46
144
334
188
149
32
338
359
75
424
358
146
334
116
383
268
39
250
222
52
79
9
101
277
51
79
144
288
51
308
1129
765
320
243
110
460
67
6
156
543
494
36
80
40
392
279
497
128
112
453
107
313
55
152
18
193
156
102
361
83
86
105
139
65
261
278
401
128
363
188
548
305
1
310
96
103
161
33
212
96
169
32
265
68
93
81
697
150
374
41
1138
138
111
16
41
21
422
284
178
272
227
36
444
121
24
499
62
21
460
87
220
105
152
112
137
408
1
82
25
7
50
43
45
98
285
188
79
92
51
157
421
186
431
46
208
875
388
111
23
208
143
70
463
124
83
108
105
36
4
214
543
217
356
215
133
195
59
12
155
798
359
210
398
108
29
121
299
101
656
474
412
463
173
27
210
108
23
145
5
61
427
198
38
476
590
157
272
69
106
225
314
324
412
81
147
1
237
380
47
215
56
224
93
40
463
49
158
26
9
367
266
259
220
324
522
54
526
144
246
565
75
605
99
215
183
170
218
218
113
163
47
256
183
285
60
64
398
36
169
99
123
52
310
175
6
594
203
16
51
658
603
183
205
175
785
86
90
13
630
35
319
611
98
140
7
487
6
114
118
295
9
2
274
54
61
82
51
12
18
356
97
1
453
283
228
134
165
207
188
49
477
255
374
203
241
438
205
186
5
99
50
15
196
260
102
30
19
590
22
82
103
411
10
123
327
93
71
328
126
66
421
38
399
12
50
112
118
263
186
5
114
81
89
74
81
63
1
514
8
391
21
47
11
154
586
421
308
410
623
443
95
665
324
304
4
80
35
89
62
386
48
16
68
522
192
586
146
79
55
74
255
706
58
78
380
28
487
152
310
34
253
77
78
92
23
189
106
42
137
230
32
11
354
99
120
73
88
224
419
161
423
255
183
216
42
156
636
536
401
103
187
178
53
428
221
30
189
617
493
263
212
421
109
17
536
73
208
14
147
99
120
173
313
74
739
293
29
587
418
41
343
43
426
1
273
181
28
432
53
342
61
157
211
202
283
224
17
434
113
65
213
50
196
1
539
573
1099
187
461
371
120
22
436
78
20
247
21
234
284
42
709
538
4
219
22
398
39
150
526
498
48
130
451
140
27
98
90
47
211
619
462
277
404
406
63
565
168
129
256
190
634
183
551
270
180
191
49
237
8
73
52
457
54
226
717
318
5
62
51
107
297
13
30
104
217
201
61
466
130
155
208
7
129
202
78
105
56
94
313
129
10
209
346
10
181
86
48
424
268
31
289
172
9
208
48
289
249
146
59
311
355
190
135
369
99
307
106
341
15
100
50
295
59
35
209
74
51
114
150
278
6
135
76
119
738
447
74
2
54
187
264
451
134
419
126
31
31
140
180
171
4
180
137
93
10
104
268
80
458
86
113
196
1002
274
74
132
565
123
49
151
319
656
65
55
33
752
99
61
138
48
84
1053
402
91
43
66
37
551
49
135
57
741
7
547
18
78
62
396
32
125
75
569
73
188
161
163
91
6
214
269
176
74
51
27
59
167
136
254
235
60
71
437
264
217
6
82
20
179
326
135
207
140
169
17
3
156
81
71
144
193
62
84
394
33
478
252
210
148
36
29
9
384
71
81
219
52
246
240
33
470
202
772
81
204
162
1060
145
256
127
205
356
319
324
10
29
16
33
58
94
7
168
40
936
37
195
89
45
659
650
24
269
172
166
222
593
103
112
628
276
18
500
129
101
19
121
13
161
95
323
512
179
88
216
270
208
192
295
48
83
195
63
439
226
438
133
192
17
308
570
121
1290
151
260
105
28
132
1140
317
189
79
328
209
72
53
1008
488
124
178
83
404
494
113
243
162
28
20
101
179
32
61
118
44
445
525
8
292
308
117
324
444
33
35
46
13
89
387
250
4
54
115
2
3
194
18
539
389
188
109
95
19
112
291
419
23
102
25
17
187
790
441
359
46
85
18
28
143
121
467
162
175
25
132
168
11
793
270
50
287
683
10
189
78
7
244
297
81
356
471
41
234
36
52
210
331
260
63
325
15
27
144
381
93
174
4
432
24
93
8
108
121
103
31
93
50
519
594
62
54
380
15
293
139
197
78
104
1462
36
399
160
151
278
69
150
87
125
73
537
7
2
15
731
81
121
351
5
113
470
370
15
104
122
87
88
56
143
140
366
68
400
768
306
102
163
76
22
253
567
171
294
99
585
108
549
6
2
46
6
79
193
44
142
201
1052
126
159
368
319
173
71
105
99
237
2
461
190
29
236
424
150
4
163
121
21
22
554
93
69
81
555
842
162
70
134
590
34
21
11
546
75
342
250
73
202
13
356
827
352
282
1
127
18
334
155
52
46
207
47
111
415
58
104
50
11
420
143
176
703
452
217
433
257
671
189
33
378
20
568
76
635
221
80
81
336
18
13
115
396
3
171
127
226
637
37
162
66
37
227
1
340
131
63
295
158
52
24
80
192
305
29
65
186
346
170
154
63
564
166
144
140
211
121
1502
620
113
14
52
62
385
228
420
108
117
391
99
30
67
531
121
409
18
66
679
47
204
49
92
83
122
171
191
105
129
383
264
76
185
6
47
412
19
322
22
354
81
142
60
240
67
95
84
433
500
93
48
13
2
85
81
61
222
253
193
240
398
96
184
242
99
15
37
332
136
500
320
127
231
99
188
64
364
87
8
66
41
125
160
67
68
200
33
192
181
250
26
84
221
55
284
105
217
78
143
199
36
141
69
18
906
290
102
279
8
86
334
4
270
263
55
393
72
86
290
79
47
94
112
33
48
49
173
14
64
796
87
261
215
199
29
292
249
1219
71
399
113
125
30
103
109
111
60
186
85
89
84
215
123
186
174
297
64
240
209
211
7
90
152
85
2
598
21
659
67
155
242
42
9
94
252
18
4
463
72
40
43
25
59
52
62
104
79
250
26
221
302
136
259
388
185
167
251
255
38
121
23
548
252
31
90
89
127
13
74
185
305
19
13
223
22
795
143
408
28
74
126
240
1282
59
23
640
369
76
272
309
166
90
160
352
38
858
86
69
152
222
6
14
363
230
221
223
245
51
10
41
41
274
145
636
162
565
458
60
55
92
151
179
240
36
607
595
192
359
115
200
60
178
417
527
77
34
39
87
21
182
244
201
102
11
518
47
485
482
311
112
142
82
781
38
51
219
194
28
76
201
145
117
52
374
152
488
317
158
51
159
153
18
63
177
100
23
354
325
281
391
115
56
17
225
126
33
1
7
358
68
59
40
623
93
54
330
205
367
163
261
514
229
134
4
140
145
145
193
351
236
855
349
127
170
21
238
360
281
25
289
357
116
30
24
179
220
68
42
333
196
192
114
379
296
211
15
29
805
352
33
878
109
261
44
133
95
116
155
100
321
406
245
358
239
99
477
258
38
192
10
196
64
238
51
10
115
547
61
395
206
24
23
379
25
78
241
10
246
230
44
512
237
302
10
4
61
32
458
28
75
225
299
200
436
56
146
7
417
127
596
87
57
411
267
109
148
79
105
235
252
30
139
223
117
177
77
154
112
64
59
10
26
28
27
87
217
111
167
311
451
185
365
56
202
78
28
38
606
147
265
501
206
353
28
89
207
58
103
143
177
85
801
40
49
410
41
62
436
26
127
291
436
461
777
29
277
104
51
11
80
453
116
45
346
137
186
38
134
571
144
6
51
218
579
254
334
1
95
364
576
555
38
434
367
33
289
185
193
298
316
127
36
225
199
773
233
185
69
285
283
13
49
32
501
56
369
72
255
379
133
134
74
43
122
155
82
89
524
42
92
330
126
74
163
69
276
217
285
80
102
58
359
51
110
439
83
340
50
10
83
627
196
189
162
528
634
174
160
271
160
103
49
183
245
508
48
100
177
197
212
172
741
55
234
60
96
59
59
368
124
157
220
18
60
167
83
465
33
83
58
277
12
257
128
651
346
27
110
386
66
50
18
636
512
304
440
49
232
46
146
134
326
365
70
49
44
233
111
179
87
189
324
9
48
183
158
112
716
46
15
292
74
282
382
338
769
106
181
93
66
225
19
209
78
123
103
161
174
64
218
43
255
216
35
136
28
119
547
57
33
510
206
117
135
147
389
45
260
27
163
47
119
165
2
538
548
100
290
143
489
179
1159
193
62
50
419
46
61
212
54
100
46
139
47
104
1034
290
20
439
181
100
27
115
332
268
110
222
105
21
285
258
6
424
126
141
363
136
20
137
106
170
29
158
332
200
115
103
80
249
205
94
385
33
56
846
84
9
165
474
85
142
86
12
23
85
46
46
27
32
162
461
251
149
105
26
140
131
177
102
86
160
231
402
193
321
116
1182
87
66
279
106
45
4
19
173
226
35
114
306
222
78
176
38
217
326
544
55
213
228
145
174
57
116
137
71
378
49
374
363
141
52
109
220
62
136
29
176
185
126
131
8
377
199
24
68
18
222
230
274
131
80
224
87
167
142
116
76
85
273
42
19
323
199
17
422
228
63
52
177
22
96
279
