272
19
113
590
45
38
36
277
9
63
676
40
307
64
69
9
14
172
172
239
82
368
73
277
12
61
188
31
448
466
210
439
362
42
127
91
262
40
173
120
44
243
594
106
102
488
222
340
197
109
613
97
38
161
267
11
120
365
175
36
389
83
21
15
75
402
183
5
690
279
53
227
11
44
63
20
70
360
329
137
586
175
171
268
346
99
17
271
84
650
327
297
13
12
226
497
203
128
148
171
247
61
271
81
216
84
458
11
258
8
126
150
108
210
115
147
277
255
1105
171
46
630
10
106
529
156
239
55
26
349
151
444
18
12
340
6
503
45
104
84
67
130
144
19
62
225
27
247
285
409
56
6
89
195
222
266
52
54
167
171
500
49
143
14
173
120
61
22
168
72
586
54
488
20
443
14
170
40
351
143
1
31
225
72
650
50
200
199
15
165
303
37
6
100
565
105
2
261
743
189
43
206
66
50
449
305
212
17
59
34
77
83
690
325
53
74
5
133
132
43
482
455
551
933
68
179
456
118
154
31
598
81
49
237
275
1290
385
108
557
120
17
12
698
356
139
19
624
227
99
193
91
266
158
185
256
264
98
138
10
511
227
496
63
281
481
99
70
141
288
361
784
52
209
344
275
375
301
47
771
291
282
69
5
322
26
1282
494
320
382
66
212
329
67
55
25
19
100
30
121
423
547
373
23
39
108
367
47
123
79
82
150
208
215
206
302
30
25
95
100
76
12
167
168
67
162
62
285
64
195
328
88
135
6
51
271
306
225
800
140
645
3
188
508
22
130
66
167
260
93
1722
27
28
50
123
56
279
6
28
169
581
103
271
254
493
10
248
101
59
167
174
95
401
12
32
171
209
115
66
462
281
11
20
38
320
102
149
254
364
176
510
1
132
94
283
399
638
81
5
230
142
15
116
39
470
1
6
1011
143
187
43
454
201
225
394
232
188
138
327
201
96
124
250
194
670
6
28
241
206
171
373
73
42
3
353
351
6
285
71
305
199
455
5
61
953
23
125
510
165
62
326
49
116
51
153
14
46
245
188
261
46
329
349
12
212
14
136
394
104
169
786
201
227
14
62
70
228
159
8
51
94
69
138
69
69
311
98
18
254
172
106
11
21
105
176
351
832
270
204
101
109
4
13
82
7
247
400
436
289
160
235
5
133
3
80
65
114
109
57
141
281
220
51
87
1
21
249
186
763
101
589
32
229
9
137
297
325
64
56
152
152
1
137
392
11
249
48
41
176
250
10
62
64
363
46
513
341
552
288
125
33
52
167
111
3
479
47
507
326
9
69
75
132
32
134
87
601
141
151
193
224
195
244
96
615
321
709
204
212
83
62
173
267
68
23
28
125
56
19
380
173
32
91
452
85
162
231
49
299
91
28
302
391
114
20
738
44
23
195
733
370
11
250
49
235
123
214
281
68
2
2
258
97
166
70
164
13
34
14
64
366
21
81
123
142
308
12
60
26
33
251
1013
551
37
170
260
232
130
295
101
719
140
310
322
44
24
93
36
312
49
170
110
39
89
521
9
49
212
108
150
164
39
66
89
245
29
64
171
24
496
127
262
49
97
53
113
250
119
90
36
483
85
27
218
152
206
37
143
309
90
607
42
15
62
341
78
31
262
48
71
17
44
57
8
549
208
23
12
86
17
139
189
5
139
189
20
96
71
302
116
58
170
108
263
528
84
70
260
119
17
293
156
109
175
12
43
64
195
34
51
55
90
134
33
574
761
429
453
479
140
629
1042
389
71
153
271
27
41
32
5
11
215
65
8
226
40
81
212
172
1147
16
165
53
131
137
5
246
110
289
88
5
69
91
558
15
443
907
456
94
103
67
55
185
65
9
192
25
560
681
131
112
317
158
314
467
129
36
11
170
339
10
372
87
153
29
197
170
10
119
726
22
123
15
1
646
20
84
44
262
214
81
80
193
97
47
270
156
52
181
223
2
136
134
357
54
586
399
2
63
333
152
362
124
210
88
157
47
189
110
316
49
697
60
116
36
131
226
78
33
123
93
453
245
27
345
425
270
20
196
195
66
166
367
119
77
28
119
222
211
224
137
147
1096
90
10
213
69
29
151
154
125
271
155
84
175
261
273
208
209
94
608
189
580
7
557
390
61
423
28
319
326
128
273
172
49
34
130
106
119
277
77
136
514
133
188
48
287
220
507
421
122
8
387
241
351
70
90
50
180
270
209
520
106
155
78
60
264
149
308
261
75
15
165
97
239
577
168
75
181
206
895
109
99
39
331
49
243
285
187
297
83
98
256
213
111
276
85
626
27
131
229
53
286
41
273
138
219
50
401
7
209
245
161
48
96
259
282
16
168
43
34
386
56
83
154
39
6
79
465
35
237
423
85
30
475
148
79
49
114
59
110
89
246
57
41
66
19
125
24
312
204
235
115
446
291
669
274
63
188
354
11
115
121
111
110
58
16
392
258
4
77
361
198
422
301
2
111
277
447
3
279
125
86
246
400
106
19
128
129
78
308
38
348
126
30
216
7
737
327
76
83
127
91
180
84
290
18
12
307
369
430
370
7
322
88
6
341
6
24
483
77
71
99
185
47
3
45
717
280
73
397
86
152
55
80
1
442
310
14
354
274
407
417
61
297
19
148
314
206
120
119
40
81
293
129
254
38
543
337
182
207
358
52
295
199
17
233
95
15
74
97
19
280
54
103
110
60
48
587
129
212
134
116
4
11
444
75
123
205
41
414
187
52
270
22
263
544
375
204
435
31
68
501
571
51
117
247
78
57
214
550
454
29
7
31
2
129
110
97
23
148
330
853
509
135
325
462
256
251
132
20
152
367
63
294
379
159
17
294
328
654
137
4
52
82
17
78
175
14
245
104
68
232
587
132
74
447
101
62
174
47
6
234
36
93
103
59
187
16
369
64
163
21
100
562
726
131
254
132
2
287
232
71
692
687
361
105
93
92
130
10
135
192
191
300
128
102
111
470
89
27
140
196
23
345
190
220
919
286
27
351
102
700
452
47
128
39
323
150
164
74
189
80
742
26
127
112
1142
14
220
131
177
1201
565
598
346
286
2
97
129
82
169
69
252
166
125
140
119
19
62
81
38
175
586
101
471
391
481
113
26
821
12
600
27
594
27
20
521
4
7
136
664
80
110
148
287
431
25
287
467
119
273
4
84
148
53
289
135
577
87
70
13
51
23
143
32
47
24
194
130
34
259
192
86
366
31
437
40
273
36
309
41
699
374
145
12
546
326
36
69
123
73
57
449
82
561
169
37
729
14
332
95
50
258
181
380
541
68
129
126
110
146
183
717
82
64
124
31
19
182
159
46
121
92
53
150
81
60
283
11
107
53
218
94
251
60
135
10
207
140
19
591
221
230
115
74
44
348
49
62
262
31
18
128
570
54
500
252
237
89
512
1113
217
604
465
13
191
33
171
378
715
152
59
329
240
283
285
168
37
99
393
561
14
161
34
233
494
237
232
13
95
31
29
164
345
220
657
416
91
346
86
147
444
47
49
13
45
113
56
126
375
595
42
148
294
159
94
302
80
201
205
1
322
19
224
197
692
472
1
20
419
67
151
218
84
125
534
173
81
906
302
16
308
176
256
49
1094
115
166
5
23
5
184
360
383
69
11
115
31
70
455
361
153
30
10
51
53
78
18
14
247
75
134
319
143
127
235
14
89
25
289
7
30
555
23
229
448
107
817
170
88
160
56
16
41
175
13
136
115
453
15
16
113
406
238
98
146
398
11
624
560
19
55
303
70
155
108
146
277
264
109
600
177
134
86
191
32
108
547
22
330
103
3
2
12
260
638
548
64
28
129
195
70
117
129
167
101
18
143
36
251
24
145
371
305
2
58
24
48
5
62
8
35
30
271
21
192
159
10
435
45
255
88
205
119
389
37
9
58
519
17
66
162
1552
212
395
393
25
239
14
202
95
393
191
63
142
340
113
188
176
584
5
248
41
321
112
432
190
53
45
194
142
157
94
140
122
113
634
245
469
35
341
31
13
274
139
453
1381
144
540
1
230
404
127
37
34
203
58
169
174
335
95
57
93
7
315
61
26
218
114
38
164
348
161
519
55
38
245
286
45
344
95
53
68
54
238
491
94
109
49
532
51
61
61
359
31
102
262
1
53
99
527
18
90
183
71
210
225
184
175
161
314
121
96
45
112
238
146
59
218
105
64
398
183
34
407
12
163
49
51
90
195
398
113
54
230
24
522
118
254
254
354
528
157
366
102
68
266
24
20
126
597
178
49
265
90
68
172
164
112
296
34
119
253
163
63
96
1233
242
35
487
79
113
134
147
79
28
265
81
114
169
516
314
57
220
232
95
282
221
19
599
223
16
56
365
154
36
25
59
402
115
159
26
7
384
552
507
21
43
153
207
83
92
387
119
217
14
36
21
195
152
128
337
70
387
14
174
236
181
926
161
571
21
141
188
751
81
482
239
483
190
310
2
393
6
16
192
102
520
733
221
100
80
25
241
103
163
5
42
100
770
59
563
762
41
65
97
446
111
131
97
499
239
80
221
1525
67
26
119
282
23
69
80
21
257
298
27
41
84
96
207
114
219
189
12
339
495
596
498
22
475
12
131
89
127
363
85
89
22
398
13
26
42
26
308
87
187
150
171
529
21
53
103
49
50
23
140
100
53
125
35
148
302
104
124
169
223
357
51
27
212
150
158
790
126
79
51
95
18
332
142
5
111
148
95
258
112
30
382
271
312
182
145
218
59
198
291
774
292
227
630
17
82
224
634
485
637
186
67
743
131
101
86
570
208
8
660
156
71
117
209
833
661
709
410
201
294
38
326
24
548
176
224
190
284
48
79
176
103
140
18
162
83
104
135
59
322
106
4
368
10
20
102
84
378
12
173
28
746
346
601
176
16
186
650
232
284
101
207
291
57
106
49
23
110
71
70
197
207
25
406
101
27
146
177
27
60
34
121
118
274
256
162
23
329
201
432
410
98
340
418
76
219
163
256
50
250
430
19
335
215
126
74
166
41
133
215
270
258
113
309
126
37
85
532
132
125
106
715
80
491
108
611
41
161
5
29
17
106
75
39
220
8
199
187
73
24
22
6
233
138
415
81
225
163
144
90
189
22
148
51
328
353
131
300
110
146
254
114
126
533
16
351
29
236
188
135
38
1
350
18
165
159
81
77
31
114
100
22
133
139
101
23
214
364
198
50
36
435
108
18
275
491
3
65
57
61
59
37
73
39
122
41
10
166
133
114
155
160
137
93
42
32
71
162
342
406
363
25
210
248
256
5
434
49
73
259
32
21
60
72
117
36
29
206
518
593
401
376
27
407
222
90
466
58
86
730
354
14
109
64
46
280
18
201
117
487
129
89
12
63
34
8
504
257
85
283
15
358
372
42
281
172
25
53
460
275
140
56
339
317
6
127
58
140
319
311
169
70
101
74
70
168
80
815
216
352
504
309
122
12
204
162
419
16
95
23
159
67
167
238
139
203
224
120
72
35
1
346
3
421
65
237
65
138
2
49
40
222
7
643
31
43
75
147
154
875
81
18
73
53
41
33
45
100
238
531
681
209
226
155
24
100
227
181
143
70
58
65
183
216
45
130
66
142
287
26
92
34
49
53
260
223
373
433
348
18
306
178
608
188
211
48
318
309
137
12
182
450
732
41
193
112
66
140
26
3
270
391
185
200
180
174
124
107
431
209
419
608
717
17
11
103
181
172
182
53
739
23
53
693
547
109
156
343
132
38
3
112
365
251
14
241
97
29
59
765
131
214
122
120
204
4
35
23
4
375
202
24
244
256
45
460
263
544
60
473
88
179
100
42
136
29
38
389
376
399
546
190
210
183
58
60
139
1096
59
149
67
241
197
8
192
398
99
311
329
33
61
706
309
357
308
120
761
5
538
340
177
248
115
65
62
197
158
63
197
170
108
36
177
68
414
351
804
122
297
123
119
642
201
147
4
552
345
20
110
292
623
145
159
175
306
209
6
92
51
183
109
64
339
62
725
49
67
152
111
99
110
119
307
253
10
65
196
494
49
245
310
50
116
22
5
89
19
28
136
481
279
173
201
177
256
306
82
173
87
106
468
151
139
3
313
58
296
40
152
276
308
186
436
237
39
616
208
429
167
363
12
341
45
286
91
830
135
98
102
520
37
573
260
245
62
29
68
384
223
101
2
96
113
347
94
788
161
215
101
719
147
188
654
26
52
493
11
452
172
127
274
66
107
357
158
253
15
142
540
70
46
71
218
264
34
24
275
83
159
5
180
106
85
1268
69
77
19
7
130
256
149
31
314
29
91
1078
87
82
88
158
54
323
108
135
121
234
11
547
85
134
268
18
469
603
155
67
678
95
198
76
292
358
750
52
324
117
451
169
132
69
217
97
157
17
618
310
225
22
73
134
89
197
69
16
83
76
230
120
290
264
69
44
101
168
220
67
431
203
127
489
195
70
196
416
11
72
12
52
719
318
45
223
332
108
655
129
58
42
123
50
72
69
23
77
38
53
110
168
882
192
32
183
315
4
683
178
313
22
164
13
81
166
23
25
172
878
25
634
82
55
202
3
7
111
246
158
59
22
36
15
479
273
170
110
91
23
144
337
209
180
423
288
17
36
138
37
94
573
237
114
203
18
18
834
61
762
76
643
33
112
474
136
67
389
1691
100
11
39
38
165
86
87
9
6
449
79
547
425
287
87
56
4
154
80
292
1
29
61
275
399
241
108
288
60
183
60
62
272
478
321
600
164
121
109
215
288
312
276
16
10
31
276
454
13
287
152
266
211
204
12
107
301
20
58
539
143
39
252
327
514
82
152
618
58
96
75
547
22
28
21
217
35
293
31
99
24
99
53
30
55
190
188
76
116
401
18
250
22
41
130
206
185
16
436
95
321
97
4
224
99
191
3
158
117
261
2
9
613
353
531
49
307
263
203
11
330
443
9
137
195
205
57
103
222
50
88
142
20
165
778
63
44
71
19
216
357
633
69
294
175
373
21
73
8
146
80
334
13
100
45
289
90
102
47
70
52
44
100
261
262
391
27
244
72
168
480
8
867
54
103
19
49
155
39
364
121
82
83
97
178
531
197
21
83
36
1
28
185
304
111
145
7
13
370
168
254
36
3
326
67
41
51
22
67
89
168
82
50
100
313
31
2
108
84
36
68
130
276
74
83
20
367
116
10
321
897
7
220
36
468
39
334
64
23
144
117
20
216
107
52
271
65
14
34
21
85
262
219
261
7
356
45
182
1
36
147
159
444
402
177
976
15
126
99
329
403
187
165
418
315
305
22
66
388
251
17
172
182
214
204
33
474
67
36
21
58
117
556
196
85
114
31
108
606
17
159
579
318
65
264
43
67
58
39
276
13
59
10
310
6
451
22
338
448
379
114
271
410
29
136
43
192
235
48
159
712
146
153
230
210
1134
62
384
108
249
140
261
447
113
161
3
158
136
222
209
817
74
112
6
31
39
22
59
115
42
443
366
144
94
78
396
212
373
235
7
118
35
395
210
338
182
72
431
3
179
219
105
203
6
304
314
70
190
101
218
2
15
139
20
534
82
183
37
139
135
278
55
178
229
271
304
290
236
50
92
64
110
30
244
304
713
87
49
154
172
262
24
1502
17
172
119
159
40
295
28
88
42
107
79
8
121
89
55
33
59
121
300
29
76
382
886
337
243
49
347
10
69
38
29
162
155
411
99
213
310
659
26
375
323
396
134
604
279
203
813
365
105
92
296
91
235
70
162
185
93
218
133
641
16
145
24
65
96
90
278
144
27
5
89
16
297
139
62
123
571
53
337
40
420
156
88
253
14
223
155
131
255
47
107
101
86
62
63
57
26
54
243
87
58
142
462
191
33
600
157
212
133
142
96
757
772
303
408
468
10
464
522
58
20
176
36
113
191
211
224
2
411
470
290
92
79
245
212
139
166
11
162
185
551
161
37
146
195
22
2
186
83
198
157
42
110
270
203
25
129
192
55
173
85
1
320
261
183
191
90
54
58
401
400
84
570
38
145
159
75
275
321
129
269
48
12
6
53
371
17
127
196
355
257
115
362
93
1
170
106
615
194
320
6
221
100
409
57
436
181
68
31
38
195
28
30
262
788
853
209
67
15
131
383
224
256
154
56
18
550
1314
45
36
398
200
78
624
102
36
230
577
114
108
331
12
44
35
145
793
225
268
96
217
161
21
9
57
226
71
11
110
132
18
139
102
93
211
29
119
133
34
40
73
444
20
180
69
177
26
614
132
83
113
270
331
315
60
37
95
421
190
85
449
428
406
540
153
61
54
17
16
183
286
290
209
228
576
94
923
46
157
196
126
3
230
199
290
107
369
73
182
122
360
317
50
250
91
50
37
142
54
86
885
6
386
161
94
87
13
197
135
315
502
312
439
180
172
157
317
95
254
188
37
97
317
226
85
461
159
37
189
496
717
269
167
107
67
280
183
72
1567
107
84
122
249
333
110
329
219
169
96
896
253
84
15
130
309
378
112
248
93
233
450
31
53
203
100
261
401
223
35
295
319
102
76
198
88
31
123
53
708
101
49
460
203
389
1052
104
172
294
377
280
274
300
295
230
64
5
67
71
96
245
192
369
591
357
101
20
57
80
23
68
860
70
52
22
57
182
90
219
101
135
46
842
165
152
248
423
338
126
61
305
175
86
54
118
110
166
316
767
286
2
44
54
223
30
158
554
68
22
71
190
577
213
76
244
222
29
457
501
13
31
171
44
43
41
4
85
212
7
554
282
54
501
64
41
121
101
152
18
122
1
217
115
102
139
49
162
451
410
56
352
219
326
234
446
468
448
221
36
160
65
128
54
717
436
185
18
52
25
285
167
114
5
5
39
100
392
35
147
6
25
93
132
289
335
69
168
93
58
195
89
132
502
60
174
59
360
39
263
91
652
5
282
394
937
220
249
8
35
195
530
358
81
197
181
627
25
66
61
52
25
6
53
70
42
96
68
79
300
236
289
237
38
81
90
87
337
188
292
475
107
70
123
8
19
15
262
75
59
302
89
13
124
276
516
71
453
31
47
101
346
172
218
148
178
504
118
133
140
169
485
11
55
18
27
82
8
135
68
93
93
28
178
118
81
94
114
64
122
12
149
210
39
675
282
195
207
54
103
336
34
1
163
792
372
28
69
101
531
97
147
29
42
444
5
476
421
48
178
127
406
413
296
55
28
258
48
53
92
599
769
382
697
14
620
229
6
292
213
386
188
673
145
18
7
369
16
621
85
68
15
184
264
157
355
67
17
113
9
14
95
593
61
19
54
208
48
186
41
171
64
77
3
40
47
34
345
758
142
12
14
82
101
388
55
57
499
409
142
96
23
71
437
83
230
783
80
85
61
222
72
81
153
88
38
230
96
295
15
145
111
214
126
350
544
443
39
94
183
12
899
180
23
172
247
117
4
600
265
132
462
63
643
10
39
144
47
378
213
328
421
435
63
35
17
548
445
352
494
156
303
413
45
322
175
4
56
330
97
100
4
22
281
59
83
558
64
71
85
297
137
190
591
275
361
577
144
167
78
61
115
175
251
74
463
122
524
47
133
44
57
222
369
629
71
639
46
121
59
42
441
63
49
3
170
682
60
89
131
81
26
58
71
160
1278
81
623
267
93
45
6
176
105
24
683
151
379
39
501
59
436
201
59
404
672
68
203
204
2
251
310
169
6
78
221
248
169
407
76
151
943
144
10
39
5
4
56
3
170
38
117
48
66
11
537
343
275
45
194
15
502
72
81
83
198
132
70
163
249
351
5
119
245
31
79
100
174
214
192
78
127
226
78
114
442
354
147
21
102
719
184
312
33
91
23
105
86
44
150
316
11
16
52
339
66
158
54
400
507
62
27
19
99
447
244
53
145
77
245
97
187
72
56
157
47
29
44
65
123
102
74
87
164
119
34
232
77
210
267
121
52
10
462
223
7
136
80
32
71
367
63
19
465
85
328
71
616
312
300
33
16
136
37
93
159
281
30
347
65
385
99
54
5
41
38
30
521
191
148
516
255
235
19
84
213
269
33
55
174
139
27
666
35
88
55
49
227
297
180
249
117
5
86
138
39
335
59
64
122
404
48
159
193
28
27
799
18
175
256
292
197
98
189
91
141
80
56
129
595
57
9
163
635
137
89
284
459
10
168
179
376
80
511
46
36
96
119
171
57
118
166
141
775
160
234
256
292
51
138
579
246
443
19
66
329
15
281
274
278
681
191
77
37
156
286
73
408
208
47
103
11
90
75
70
403
11
500
26
114
78
483
208
206
98
115
148
336
5
129
106
199
196
1222
103
79
147
115
131
185
20
215
124
55
370
45
43
394
532
576
91
363
92
847
343
309
97
434
207
209
19
10
514
303
7
107
140
17
278
57
172
167
393
31
130
106
397
10
130
419
41
143
788
34
175
344
510
146
141
79
258
346
132
177
222
311
42
211
2
6
41
20
219
73
10
20
432
952
399
64
209
39
309
120
48
105
211
23
199
162
82
268
165
238
430
337
59
178
8
179
4
192
55
121
6
253
258
10
370
63
287
443
109
89
226
239
4
125
262
28
364
652
115
45
223
127
115
8
142
121
142
48
88
28
331
109
38
8
561
198
51
90
547
140
257
94
290
63
18
6
117
291
217
33
81
440
69
41
283
33
126
1
137
174
164
238
57
215
344
368
241
161
198
54
54
75
252
143
526
68
325
213
421
135
113
401
145
14
92
264
532
216
102
45
390
397
434
70
98
118
492
12
860
201
91
242
821
23
292
104
3
655
70
269
184
92
242
47
121
19
174
372
143
210
304
87
113
76
76
268
145
206
191
593
274
300
125
108
671
64
127
8
359
182
102
148
206
13
56
192
172
108
77
21
147
327
76
22
2
70
157
236
104
243
72
28
452
809
229
415
115
319
200
257
39
178
221
19
138
340
8
411
68
178
237
481
120
103
512
122
91
54
834
218
67
229
171
162
78
85
132
109
27
57
66
29
312
113
95
91
30
135
72
22
605
57
152
158
60
75
268
271
53
232
296
1310
383
50
58
148
417
11
12
54
51
316
217
66
102
247
147
26
1067
146
123
301
489
28
97
24
94
1147
25
207
77
65
285
445
68
163
90
224
97
95
75
87
101
44
57
143
237
22
327
713
765
544
33
250
130
13
144
165
238
147
203
42
71
261
145
96
51
149
36
1017
202
245
415
206
296
336
249
148
81
97
220
96
123
93
57
14
505
670
469
231
178
151
19
273
337
404
81
85
296
160
30
339
100
139
19
346
608
179
675
90
571
110
58
206
66
11
352
83
134
386
62
27
436
64
134
5
131
186
49
142
142
209
663
334
97
79
3
121
2
15
28
105
26
39
112
481
282
308
44
94
99
368
3
89
451
178
14
17
413
598
450
116
130
115
165
1271
74
362
114
556
129
101
156
99
113
240
307
38
217
890
405
91
335
27
71
253
98
486
62
77
159
1
338
160
44
26
12
268
355
305
384
149
89
68
289
96
106
31
196
60
57
218
177
369
474
2
691
92
182
63
289
131
4
633
31
21
206
138
322
265
177
2
134
73
30
16
170
319
163
272
716
380
53
105
74
229
313
411
190
79
56
66
118
212
297
23
286
39
65
671
89
8
41
119
65
49
282
226
667
102
85
371
170
127
325
106
47
23
162
47
148
118
137
35
108
63
63
351
63
266
2
144
145
8
43
29
418
7
195
184
34
67
49
406
430
130
190
122
232
227
59
179
254
112
2
253
1471
22
526
183
951
164
54
253
65
127
33
44
218
96
195
617
175
473
172
84
19
18
308
525
87
74
496
237
542
341
452
88
271
64
32
962
682
66
338
285
402
109
173
373
264
258
23
115
450
11
328
429
19
85
490
317
8
56
154
67
195
2
271
14
104
56
67
222
616
92
15
104
259
73
582
102
452
95
440
83
672
393
58
45
137
34
13
195
321
18
17
49
623
51
183
118
695
341
224
99
113
31
325
4
146
450
245
61
232
136
61
160
434
326
50
21
210
59
280
171
466
289
128
117
351
159
928
222
202
33
190
1
179
294
64
163
26
72
64
531
88
14
811
159
667
247
2
129
187
50
981
102
366
170
195
4
374
453
476
148
345
263
93
122
87
58
48
169
199
763
7
1
405
566
65
105
262
269
393
79
31
135
57
119
76
29
101
15
84
7
332
93
37
103
42
306
85
115
347
46
92
258
84
36
498
325
356
319
528
104
1640
261
274
80
120
217
61
107
201
373
89
166
197
40
148
83
61
27
515
5
303
43
402
230
148
44
479
40
340
746
150
164
193
409
199
385
2
170
339
263
31
219
221
567
278
141
697
15
298
240
35
155
50
409
427
83
400
703
691
118
397
324
246
102
412
5
260
5
315
75
86
274
238
609
279
124
12
141
321
125
402
354
369
94
279
36
98
148
199
124
564
337
15
257
417
125
445
160
231
205
33
184
116
122
9
51
338
60
405
505
148
265
210
534
131
275
120
179
172
105
10
259
99
86
1
305
211
204
296
491
408
87
443
283
440
47
445
18
303
77
1129
20
413
115
46
143
71
260
400
62
390
144
76
512
180
610
246
191
417
34
173
223
93
206
70
234
256
235
533
56
68
126
250
624
322
128
175
37
57
52
2
446
396
238
183
72
163
94
230
121
188
175
85
126
991
383
23
462
38
552
330
135
241
93
283
8
128
17
323
184
841
1
89
298
115
36
8
46
1199
46
480
25
28
361
16
10
61
35
160
135
242
79
31
256
20
158
83
122
65
387
375
182
465
213
417
328
211
125
263
15
88
417
353
6
531
39
267
56
108
173
74
32
827
171
150
500
62
86
30
518
339
258
225
8
21
195
748
128
311
135
281
113
308
223
88
45
263
46
65
816
109
759
154
35
496
276
144
35
265
782
71
283
509
664
48
459
101
44
160
391
88
130
33
476
36
250
404
53
125
410
181
71
615
14
391
102
189
60
200
191
265
133
115
382
202
43
86
59
80
140
625
203
16
1
520
50
18
678
50
79
67
126
172
70
109
102
92
85
103
379
94
161
50
279
206
245
49
94
594
62
36
147
5
17
439
1298
14
41
400
56
260
64
165
194
14
43
527
93
196
13
368
195
47
80
396
144
125
105
33
334
370
42
411
14
8
11
630
258
144
242
152
44
40
125
437
77
421
70
78
50
214
48
239
4
165
102
11
85
520
206
29
35
355
94
34
322
299
1
217
316
41
296
364
78
362
416
15
416
318
960
34
6
685
9
646
335
363
74
469
219
146
232
19
105
228
64
109
53
125
865
183
36
699
136
59
667
109
17
31
651
171
307
243
260
148
104
365
30
105
239
56
269
45
106
32
452
28
109
329
244
328
211
177
27
255
10
666
74
26
58
84
177
537
59
624
19
283
270
283
125
187
72
192
224
104
65
222
73
427
118
37
108
716
53
216
80
61
254
424
97
188
31
31
22
165
18
198
257
173
18
90
185
274
583
70
109
5
86
53
217
191
17
15
103
185
163
16
283
96
426
197
13
3
25
52
46
26
9
32
20
89
14
146
251
21
162
59
293
110
64
196
82
689
31
327
157
326
12
73
269
367
1
158
12
533
26
137
544
54
1085
218
139
555
464
73
72
485
31
47
91
116
72
396
7
163
157
97
167
34
277
8
603
93
209
242
541
114
236
15
227
141
481
10
19
200
107
6
46
102
342
172
232
95
62
39
340
654
70
151
7
241
57
43
106
222
127
418
20
13
718
70
36
137
363
423
382
50
3
47
193
269
308
138
13
1
187
3
18
263
137
234
90
613
284
445
129
104
49
170
309
339
236
260
125
267
516
128
194
589
240
173
16
19
84
361
214
168
86
9
175
98
84
7
326
459
17
134
379
47
268
2
22
39
38
32
975
266
108
373
16
154
15
22
118
165
413
37
134
298
24
35
101
105
27
115
124
894
190
158
177
233
677
26
745
18
82
157
143
641
207
272
265
38
77
614
628
58
405
311
106
324
24
123
620
60
50
141
65
31
83
382
16
107
544
168
42
627
232
31
26
382
9
198
663
140
52
151
38
48
466
253
28
71
34
64
8
89
24
165
8
278
367
106
12
534
291
260
90
223
82
93
63
344
28
227
721
217
40
117
1092
129
210
235
41
96
207
31
287
22
91
207
93
223
70
119
184
275
229
234
642
173
756
431
274
56
150
317
336
55
32
149
230
6
412
35
687
200
172
358
179
381
207
144
281
53
128
103
31
84
921
64
71
139
480
163
233
126
565
181
97
69
233
352
353
366
113
71
248
23
157
78
80
555
247
206
141
51
265
550
116
37
22
1
149
255
4
129
171
326
40
108
109
88
697
196
93
367
66
1219
133
79
257
333
28
217
105
53
309
495
8
530
188
200
144
29
206
1216
301
603
51
156
30
76
142
110
273
103
180
535
125
405
49
66
452
254
132
69
234
43
184
9
541
131
22
28
339
203
135
164
63
144
325
536
335
13
16
676
89
405
27
811
27
55
219
114
114
230
52
13
178
35
324
322
167
472
256
2
243
45
280
21
34
472
347
44
68
33
100
506
282
595
530
359
137
34
116
247
71
164
159
39
55
134
17
398
223
271
187
180
606
51
656
296
240
21
30
148
267
317
172
235
126
313
80
69
468
98
903
141
10
110
680
339
410
56
704
93
176
272
57
40
116
371
135
50
283
63
562
16
116
516
176
33
196
283
735
29
296
108
189
235
364
168
87
26
322
50
389
534
52
428
126
5
28
455
160
155
301
349
298
724
286
42
50
206
595
113
413
21
191
119
116
182
107
141
503
46
117
521
659
194
27
88
117
88
19
600
47
71
324
99
149
78
36
616
27
758
283
190
92
474
9
104
124
7
24
682
51
32
73
177
89
823
97
167
235
93
128
67
90
153
127
323
109
40
44
74
318
115
632
79
33
55
283
524
138
61
400
469
36
998
839
33
595
8
251
33
16
56
151
460
288
283
2
26
6
177
144
12
166
292
12
327
58
274
162
95
51
7
46
133
809
293
41
66
138
61
108
604
319
22
185
146
1
560
56
194
63
156
383
259
185
42
32
143
10
10
80
358
33
160
58
21
64
122
233
89
183
190
98
9
105
12
29
171
145
150
178
327
103
3
11
162
560
98
520
26
59
262
12
20
200
137
251
85
645
3
96
135
240
142
23
243
319
38
208
52
174
113
13
98
6
592
9
141
115
144
225
149
587
88
348
222
413
4
475
11
79
91
54
136
17
363
218
118
46
138
295
87
78
7
61
71
20
58
371
61
324
44
64
368
150
118
320
325
499
259
262
63
793
104
79
484
423
639
264
819
47
9
51
157
244
41
100
238
451
325
171
50
178
150
43
103
274
138
57
118
212
249
228
59
451
931
333
1
14
241
174
62
261
303
341
25
155
46
57
589
13
119
118
138
43
14
138
286
241
736
149
62
336
149
373
133
93
632
613
269
124
89
16
121
8
219
123
21
131
423
47
209
171
1302
285
537
388
370
381
230
353
75
19
217
718
42
479
220
13
22
22
346
259
236
219
515
273
190
32
56
6
126
59
186
279
56
498
17
217
89
142
36
493
467
134
268
161
44
33
253
633
45
244
220
91
566
105
65
327
142
730
5
145
237
683
372
62
542
106
49
153
173
75
104
18
27
88
79
335
140
115
296
102
752
71
103
261
326
584
80
145
46
28
194
30
279
143
192
25
313
345
80
57
558
245
362
333
76
113
728
399
156
54
42
14
32
143
433
2
121
146
24
148
149
448
580
502
73
206
97
220
140
358
29
108
85
258
22
470
301
155
586
214
46
186
157
825
96
16
231
56
149
612
437
328
61
205
196
264
133
257
358
188
264
50
13
139
39
1092
14
149
314
185
53
821
396
44
197
148
79
332
19
75
29
228
27
241
39
366
1640
71
444
241
402
812
23
369
61
321
62
273
336
39
184
204
150
133
86
59
121
100
177
197
24
566
375
252
146
420
1126
11
30
37
180
25
186
39
49
220
182
124
527
307
206
240
109
282
61
206
658
195
58
212
279
154
129
239
253
225
752
88
110
546
339
282
28
22
100
492
202
275
216
130
585
150
16
67
112
34
171
306
132
262
129
242
92
202
196
953
60
288
200
137
25
55
156
73
141
102
305
64
443
53
280
227
168
723
380
126
304
29
79
16
32
186
314
67
610
27
261
17
120
304
353
1
254
325
150
470
44
78
164
218
135
89
465
272
142
258
519
26
182
18
20
152
219
408
19
133
1011
68
222
14
276
27
30
515
355
169
250
137
33
315
251
376
460
126
379
43
624
688
130
127
652
134
39
3
49
268
127
270
587
144
11
435
15
302
85
212
6
168
284
380
297
78
126
528
166
840
12
101
167
136
462
16
550
512
179
48
119
4
62
346
55
63
43
81
332
80
120
519
377
509
8
182
606
4
58
88
441
115
243
162
123
224
333
376
158
13
15
230
128
24
3
380
60
29
29
7
344
588
230
344
328
380
207
45
8
170
252
488
60
116
234
258
53
133
8
8
306
223
15
332
424
3
130
68
92
289
199
124
114
104
132
289
95
220
101
708
368
67
268
271
2
243
200
325
573
136
203
54
191
188
290
349
255
77
205
560
467
513
36
549
116
14
143
147
3
299
340
13
216
8
105
77
125
7
406
151
27
388
416
99
705
351
9
327
146
46
243
628
35
123
532
194
23
430
207
46
28
227
36
129
57
75
6
124
465
79
122
134
296
80
56
301
281
94
145
221
61
119
18
359
105
77
370
147
37
107
841
62
24
672
104
9
349
40
30
84
174
171
36
22
89
61
119
6
359
98
142
40
107
110
108
105
429
156
154
133
343
316
378
142
75
80
52
124
20
76
129
126
253
397
135
211
334
179
108
23
10
22
16
584
458
20
165
391
314
59
90
46
270
291
296
15
11
157
9
58
47
733
2
234
140
94
208
56
158
383
70
82
46
381
745
109
25
4
179
251
74
235
99
50
14
218
142
116
199
135
677
313
331
3
507
47
21
95
164
364
112
39
119
92
17
11
242
442
545
86
324
368
172
37
106
481
104
106
7
118
73
29
382
70
914
431
193
165
200
56
421
55
326
68
121
46
109
49
120
140
231
356
243
121
247
21
545
138
359
149
153
61
72
154
61
344
78
197
254
201
44
112
730
20
133
138
25
43
546
636
33
54
38
326
6
23
308
957
42
12
457
26
112
105
340
387
129
65
373
418
14
213
391
136
538
445
277
252
123
5
75
784
116
487
221
45
259
243
387
119
25
135
190
465
83
270
5
84
136
105
13
401
255
44
212
17
164
672
86
120
252
258
44
17
227
47
491
160
671
133
553
36
97
164
124
39
26
127
12
82
7
331
604
108
621
39
175
534
95
136
137
319
86
226
48
31
586
201
26
714
29
8
4
519
94
395
101
354
361
30
4
65
155
484
622
595
64
380
192
434
198
137
427
118
7
183
588
34
9
158
658
40
364
70
12
193
43
369
360
88
296
206
768
239
36
1116
875
129
97
347
240
411
65
364
216
229
216
164
637
45
131
32
180
133
465
153
708
49
212
308
221
360
115
50
823
50
308
42
113
181
51
9
266
486
1
52
121
97
86
636
297
117
137
132
195
309
93
93
216
313
73
348
60
566
159
118
9
165
1134
119
29
144
587
322
186
27
46
50
88
6
113
162
431
33
9
115
30
174
141
292
823
141
102
538
111
583
11
57
29
154
24
180
107
4
519
260
34
253
1
48
522
223
123
116
283
229
316
273
237
636
310
7
297
192
497
523
127
249
22
438
47
11
36
64
13
140
277
327
44
1248
52
116
44
810
45
11
346
135
31
797
75
185
500
337
353
130
161
127
34
237
20
809
40
22
454
832
81
560
52
88
146
91
116
866
220
48
207
40
132
27
44
168
131
312
337
23
498
153
257
15
250
577
188
133
543
313
310
16
605
474
99
9
408
73
484
307
72
47
1538
582
23
51
306
292
36
100
191
59
300
78
164
15
376
23
128
237
79
71
5
256
25
170
131
413
734
106
203
185
156
106
237
344
8
146
122
232
307
411
225
521
24
129
490
222
260
109
255
58
40
465
142
646
133
238
675
47
148
88
80
12
68
385
93
193
171
368
129
65
57
69
169
34
183
254
89
465
991
251
186
31
67
822
409
217
43
200
152
268
38
498
107
184
484
37
451
138
1189
24
351
80
480
71
20
75
425
416
41
210
280
109
185
240
103
2
121
156
360
81
17
141
160
643
9
157
61
172
86
648
162
85
50
134
190
30
60
22
168
390
102
202
175
159
103
179
61
156
78
35
133
83
263
455
59
118
18
6
207
448
8
383
122
211
15
53
215
213
71
177
56
224
261
112
151
253
496
367
165
54
59
513
229
309
353
204
380
112
27
9
372
151
129
90
428
54
148
436
341
66
213
37
122
110
194
117
23
29
65
328
686
368
282
16
112
105
531
327
409
12
128
112
23
135
103
5
902
98
116
196
81
9
2
176
256
72
55
523
71
182
348
43
25
46
9
250
45
149
336
330
342
170
32
385
33
92
301
247
449
140
100
122
489
163
54
521
152
183
126
864
161
140
29
10
190
60
11
292
579
12
130
106
37
75
444
374
36
89
303
207
232
14
233
55
267
9
119
197
83
240
475
166
318
361
911
292
6
7
119
4
15
144
29
250
87
242
38
292
319
56
324
100
110
211
82
226
120
74
702
122
168
16
427
118
107
40
101
18
469
217
182
19
126
1
50
36
308
63
36
351
39
105
123
394
28
546
16
75
38
282
85
155
191
71
112
61
62
251
171
17
280
88
183
119
129
50
99
162
374
197
292
17
452
337
175
72
324
228
88
152
133
96
83
82
363
7
74
133
228
46
683
39
11
112
62
103
496
123
144
4
421
134
185
108
3
8
51
74
104
273
88
170
117
294
523
210
169
7
1147
115
120
3
55
30
58
67
28
23
17
187
227
8
44
214
2
175
14
53
213
344
401
18
639
141
168
24
75
202
24
35
235
65
367
20
62
18
290
112
117
165
259
32
45
111
19
7
7
35
9
34
91
27
19
270
305
58
379
39
489
307
260
85
73
2
176
2
32
125
785
119
38
186
16
32
185
88
326
186
122
172
108
33
12
370
589
392
33
172
277
84
92
546
215
203
128
133
434
436
44
17
58
8
1
512
344
66
201
82
167
124
292
22
27
36
219
592
65
223
25
18
44
169
152
63
23
37
158
103
107
130
627
14
463
694
87
10
28
325
61
49
165
304
40
382
168
261
80
282
428
142
116
52
177
108
130
75
59
35
181
69
74
23
40
500
50
27
83
86
199
172
219
45
604
363
197
308
196
703
107
506
157
310
188
72
309
8
140
530
54
536
106
152
39
245
361
124
128
127
327
9
111
9
58
344
400
1082
281
245
202
191
141
119
1
6
353
118
28
40
26
83
37
466
140
87
20
310
26
406
429
14
77
43
17
58
205
684
101
254
531
60
106
746
102
227
754
359
5
203
110
39
12
20
28
173
21
343
188
127
118
216
211
16
35
239
203
362
225
404
190
164
56
536
53
673
26
73
32
488
349
246
538
675
62
20
37
164
31
375
265
122
115
237
582
267
81
74
184
6
107
20
158
37
137
13
375
19
474
90
36
13
185
78
104
16
487
176
74
155
71
42
619
10
572
39
459
103
160
194
583
208
29
164
45
66
48
349
129
115
49
50
206
37
114
1323
10
195
99
34
152
75
597
117
51
30
7
214
193
142
59
13
25
24
80
149
158
270
204
56
320
245
258
186
40
49
25
20
155
79
71
262
319
280
46
11
622
50
1075
6
39
174
184
500
6
116
255
181
149
128
265
41
743
40
79
174
80
67
36
324
6
135
126
180
6
372
415
74
10
93
81
147
188
58
127
74
13
53
55
252
9
140
40
86
199
268
30
161
191
157
332
39
27
4
559
89
25
212
142
83
379
62
289
255
545
53
120
45
13
232
9
40
798
581
95
71
385
381
135
65
153
61
3
21
509
106
737
889
527
85
89
25
44
39
54
160
28
83
388
103
88
182
137
192
41
3
116
110
47
177
548
367
161
319
118
73
692
278
12
314
69
39
104
124
95
668
480
65
31
130
257
168
257
86
43
2
127
2
47
662
257
186
56
235
21
184
137
93
68
258
434
108
1
139
85
7
36
19
36
142
432
208
320
45
112
520
576
228
192
81
54
2
454
35
104
187
172
50
65
252
93
188
96
392
363
284
178
84
304
182
181
46
58
563
161
203
43
458
300
69
97
129
316
130
240
20
196
253
88
71
190
185
40
64
225
122
150
136
65
263
548
29
5
215
19
158
39
13
48
115
550
385
133
4
425
33
165
386
81
136
294
167
12
30
30
42
28
434
303
81
59
102
320
556
132
146
50
273
169
142
32
72
441
256
193
210
47
202
101
129
38
273
29
382
414
65
31
103
76
39
63
2
20
96
2
370
52
290
118
484
91
375
28
371
78
179
115
30
45
101
168
175
1
201
253
17
10
329
167
171
6
240
204
83
19
162
222
64
264
264
145
145
472
315
285
4
29
141
170
86
3
261
523
102
494
216
294
61
67
93
54
597
67
36
139
54
57
209
91
56
235
20
36
25
59
478
24
92
120
371
193
57
142
308
304
273
47
222
140
142
1
120
124
92
74
195
115
246
70
52
30
94
2
396
19
93
43
182
251
5
187
83
31
427
66
162
485
5
103
382
21
5
85
94
3
60
161
132
1002
387
226
246
139
405
345
104
632
6
50
23
175
255
37
13
226
104
197
408
168
56
53
269
248
21
39
73
28
212
232
133
236
418
164
84
115
150
129
109
104
549
163
150
42
303
483
112
259
12
171
105
125
1
216
47
122
29
14
61
147
38
182
252
4
12
347
52
103
273
154
645
7
6
31
319
129
26
355
44
284
39
407
235
311
134
397
132
111
185
78
22
91
6
100
189
113
305
16
75
76
142
312
109
108
82
200
237
385
59
31
128
49
42
700
18
44
134
53
26
224
19
616
148
76
6
101
564
87
149
201
95
166
103
56
151
21
826
104
365
48
68
67
241
142
193
12
317
336
96
98
8
52
62
241
15
131
173
33
350
38
391
155
12
2
182
25
94
178
43
160
241
450
498
468
223
3
18
7
418
53
29
34
130
18
453
3
30
119
223
108
262
60
118
159
350
716
402
388
93
91
64
432
178
257
115
419
148
16
70
143
51
141
78
179
9
46
365
14
591
64
461
40
123
553
9
31
1
59
170
26
70
418
198
563
214
846
263
70
261
2
11
354
174
39
21
667
218
149
10
277
176
129
118
204
36
144
140
144
274
26
223
310
59
155
286
680
467
116
67
124
25
22
61
10
150
53
50
289
200
563
168
224
665
10
18
48
82
57
293
172
14
72
251
635
242
270
62
544
38
73
36
482
372
186
480
531
136
32
7
240
169
79
155
37
381
118
42
153
335
97
428
691
328
1114
374
595
115
357
352
152
31
67
10
98
112
268
18
765
274
386
131
236
120
146
45
66
382
185
256
126
301
27
727
9
218
425
325
70
185
30
52
36
86
152
41
386
255
237
651
103
104
287
20
445
177
79
413
300
109
489
56
17
283
209
63
395
39
20
500
280
231
602
85
624
35
231
116
139
493
199
342
29
111
271
1
217
203
147
818
31
371
57
471
223
192
20
20
51
255
55
25
70
145
151
31
282
318
368
60
260
163
225
5
337
190
30
539
176
184
382
10
174
63
537
121
278
170
171
383
201
149
101
498
24
61
23
230
27
76
170
229
34
150
514
6
344
190
283
44
124
350
7
221
3
223
301
52
11
39
38
13
77
213
24
114
191
120
416
27
85
196
486
86
197
12
117
102
54
491
431
244
75
1
273
162
18
429
11
35
147
81
537
76
52
5
103
94
115
543
1
253
109
126
93
135
44
249
62
298
401
382
62
654
95
35
204
140
33
169
140
300
80
67
421
75
5
98
272
8
109
509
200
325
13
115
512
524
33
108
101
465
54
185
26
14
24
226
82
102
70
57
81
45
394
193
1079
368
19
84
20
76
203
650
390
343
252
702
3
17
772
111
323
192
176
42
29
245
44
64
111
53
75
63
50
32
260
62
55
307
149
82
411
241
94
580
284
71
154
85
160
639
103
84
112
374
419
128
124
37
148
4
123
16
252
364
76
513
277
139
154
26
34
210
681
64
29
24
94
400
102
231
508
38
86
25
40
191
316
36
260
81
46
74
697
22
275
1525
54
113
729
580
300
488
147
109
268
245
202
7
251
54
460
615
724
485
753
7
548
8
265
339
5
220
173
475
120
175
89
206
14
37
217
164
347
81
420
192
3
64
352
205
286
51
87
669
6
745
214
264
157
80
337
350
480
56
43
469
90
409
50
138
87
50
70
211
143
201
46
13
17
359
406
45
124
267
305
93
406
278
766
43
341
313
412
114
109
252
341
269
30
109
256
31
27
64
169
408
200
37
44
107
251
375
30
78
261
296
589
223
283
49
279
262
157
344
125
255
10
85
118
44
41
300
764
1046
409
186
106
47
637
96
62
40
31
90
54
632
121
111
76
46
107
574
1
4
127
488
396
191
288
707
66
103
398
175
339
77
161
18
599
2
52
332
161
248
15
5
750
106
134
424
16
35
8
22
826
13
78
211
13
441
1
9
276
350
146
170
307
51
181
39
159
581
32
19
467
44
218
15
102
78
212
110
28
165
68
122
34
48
311
252
294
35
224
176
138
67
122
170
32
214
457
569
300
10
99
577
445
225
166
82
281
226
272
110
23
68
71
89
46
38
151
424
110
426
32
54
99
532
603
141
444
107
351
7
113
232
182
44
329
6
425
55
146
327
146
87
88
11
221
283
7
747
38
2
36
89
61
48
143
63
58
97
255
29
49
233
149
169
97
284
215
776
43
328
97
96
245
296
543
107
126
44
284
3
74
14
404
268
83
82
35
33
167
78
12
72
93
282
67
283
80
203
38
21
155
209
60
110
2
83
196
300
53
335
261
3
143
23
25
2
33
2
388
280
17
146
9
55
13
219
37
208
815
546
315
315
115
692
64
68
19
323
531
100
690
82
139
9
74
65
49
2
583
55
84
193
584
63
153
25
150
118
359
825
400
376
233
78
413
170
302
230
174
1
15
86
34
19
379
148
47
338
42
105
119
197
170
195
67
689
24
593
132
250
40
388
123
217
270
308
71
381
84
216
20
429
759
175
265
905
300
47
226
13
305
262
361
89
257
793
39
21
17
180
22
233
73
237
51
287
161
27
198
317
273
187
44
128
76
413
26
161
137
46
34
119
122
85
293
50
43
61
233
55
118
276
7
39
153
64
176
196
118
28
60
818
1067
61
114
444
123
371
42
421
116
639
12
135
99
122
93
180
180
94
366
12
597
649
101
173
108
250
535
339
122
110
9
181
76
243
76
91
139
637
71
221
61
61
280
334
132
25
53
118
284
167
199
78
9
194
292
447
249
130
198
1
86
134
75
101
33
89
77
45
59
152
61
49
360
58
181
26
87
51
108
86
268
114
5
445
462
623
47
247
102
92
2
587
181
203
387
277
34
882
443
326
58
250
94
105
58
101
453
50
83
147
121
122
325
501
581
255
107
10
55
47
229
155
91
136
100
8
578
190
49
247
121
227
270
140
97
257
338
150
564
3
136
177
84
150
118
72
73
382
42
331
377
37
738
133
699
178
216
234
74
155
112
729
99
108
238
271
147
54
13
329
786
133
179
379
158
473
92
48
680
112
164
2
138
654
503
8
13
64
6
118
33
222
23
175
11
244
326
25
130
190
262
274
55
258
27
175
2
154
138
192
296
231
168
58
25
161
93
98
373
227
373
1060
31
273
311
225
289
78
128
34
108
25
314
44
467
488
74
460
27
596
828
356
151
589
855
903
21
138
103
11
137
7
42
424
110
20
53
269
342
32
347
52
701
186
112
88
29
78
15
285
302
65
42
145
3
204
71
146
75
598
74
469
34
210
372
131
182
206
105
186
130
32
244
163
55
148
9
290
13
77
13
669
74
56
237
221
664
64
243
715
20
213
184
34
538
596
78
3
273
485
141
118
679
97
228
44
316
487
61
74
300
90
209
36
149
35
72
203
22
124
28
83
56
613
3
90
490
116
380
163
106
3
560
300
134
2
6
12
222
107
498
49
86
2
495
367
246
545
7
24
23
471
49
116
7
301
136
110
32
253
94
4
189
214
83
124
46
66
280
423
94
59
16
12
333
472
224
82
186
17
27
26
200
103
78
584
47
213
47
176
211
132
163
33
351
30
161
244
58
155
171
61
428
61
2
275
36
318
117
345
116
231
8
10
70
367
150
94
717
246
160
114
106
147
307
164
3
88
208
12
267
49
522
201
204
379
50
159
97
145
125
78
443
118
119
186
230
47
198
16
2
209
26
458
97
250
35
230
175
316
471
103
263
381
697
66
163
7
110
13
104
919
245
243
26
208
57
397
88
172
32
59
125
307
277
60
137
9
138
331
114
155
361
839
65
14
173
76
4
106
160
54
31
57
370
222
273
36
161
52
365
27
74
622
616
4
130
29
203
169
85
15
506
61
36
97
97
171
86
252
405
43
281
90
126
103
65
302
395
128
238
121
198
24
16
14
166
381
167
131
222
126
631
115
409
54
346
147
7
44
179
68
114
35
106
15
52
220
27
110
7
203
52
199
41
467
25
78
370
92
138
189
112
844
75
263
173
77
804
217
37
355
84
228
138
244
23
85
56
85
51
372
67
77
508
45
571
588
345
70
340
58
707
38
247
132
23
190
334
709
4
109
249
132
85
102
77
329
211
141
70
357
28
27
25
294
288
590
73
314
73
104
755
301
476
35
66
102
281
178
322
56
152
277
158
56
16
303
194
9
16
49
29
196
25
44
138
364
652
1216
203
16
100
497
67
345
117
480
428
64
99
2
57
304
82
598
149
71
256
3
182
171
196
135
133
73
39
348
400
672
575
345
66
155
201
554
36
375
542
22
49
271
399
13
78
343
127
218
128
537
42
26
490
37
288
225
8
161
4
197
26
42
88
53
157
1
70
109
143
481
617
293
650
150
277
312
220
43
41
414
40
146
21
814
241
39
39
129
119
31
17
13
206
28
12
99
240
99
89
34
239
218
72
64
284
120
82
15
98
79
630
490
105
149
326
75
164
160
293
513
85
571
141
114
63
4
29
315
1011
252
151
303
162
88
786
80
50
112
198
199
13
54
131
122
436
144
90
223
162
354
216
106
79
483
36
431
76
219
442
69
206
20
53
305
99
345
53
925
515
125
89
7
265
153
216
146
75
31
163
124
52
34
43
217
622
22
204
105
163
132
369
14
349
256
188
133
688
138
137
217
111
217
697
239
507
114
199
123
88
34
440
537
177
59
510
277
293
220
55
362
57
130
262
217
238
457
145
13
154
107
119
18
55
49
198
413
186
264
268
833
207
104
173
39
23
119
200
19
62
371
902
376
21
56
144
583
93
3
152
146
324
41
735
85
380
107
50
218
54
348
160
32
312
346
166
27
260
216
76
118
507
705
200
657
72
691
91
31
568
162
638
251
578
6
40
421
254
204
84
2
267
239
385
81
91
116
138
164
400
102
42
487
38
130
197
159
143
118
230
338
125
20
333
88
189
277
100
123
63
92
76
238
137
539
212
66
470
97
287
22
103
295
231
575
113
432
34
331
376
10
17
413
672
74
345
806
495
283
33
45
444
38
42
89
94
245
38
15
521
407
119
51
231
129
123
80
15
334
26
323
474
275
99
167
116
628
119
835
118
9
51
170
600
249
246
126
236
310
376
28
474
48
92
52
154
323
97
45
117
691
29
109
276
24
218
135
381
470
392
181
59
44
176
95
299
276
89
84
58
156
86
50
70
338
12
65
56
204
159
8
393
35
152
104
468
73
38
177
29
22
593
437
394
102
117
291
220
29
82
32
76
506
159
121
141
40
287
89
165
126
61
219
186
67
95
83
93
16
103
29
40
182
79
306
60
113
47
54
447
328
161
426
191
131
159
67
517
463
122
77
252
89
11
57
541
81
115
211
192
293
14
288
411
150
78
10
475
218
147
192
235
333
207
103
87
89
220
145
477
218
349
374
103
833
219
68
14
99
47
190
173
81
18
117
9
28
776
66
266
13
55
21
62
66
647
101
45
72
115
67
301
58
65
126
305
186
15
209
42
202
463
83
216
70
187
134
138
263
15
567
30
40
115
45
314
115
171
104
71
201
191
17
350
153
556
161
135
16
119
148
126
85
119
309
266
313
1045
162
3
280
16
78
839
38
105
313
107
185
65
327
58
67
38
264
75
133
211
78
195
366
46
120
5
433
136
286
33
155
358
208
83
248
45
163
188
308
219
19
56
43
171
347
30
296
73
107
126
36
800
359
277
587
629
77
624
252
106
469
248
389
512
23
41
49
92
201
335
89
560
207
89
250
236
151
141
47
109
205
134
262
48
1005
480
7
160
87
81
99
67
248
240
213
67
199
54
668
50
95
406
349
40
90
336
291
174
355
92
73
32
65
155
112
83
159
188
79
9
27
41
163
492
143
401
114
34
56
30
286
25
121
146
250
163
132
196
10
466
134
46
89
83
149
286
186
18
19
348
209
249
161
144
643
359
133
111
70
995
79
145
135
29
96
711
31
122
182
301
84
9
20
714
61
12
541
59
240
432
11
1206
110
12
453
69
114
67
211
14
522
130
182
617
31
15
144
474
348
132
201
53
155
22
21
19
141
179
101
20
55
462
253
9
214
309
283
123
473
50
420
577
191
139
26
3
310
118
11
128
15
125
404
471
187
461
309
118
37
118
33
77
376
2
46
84
623
369
18
524
103
80
409
229
55
40
74
50
185
136
9
66
309
118
502
239
195
776
68
102
534
84
294
566
57
317
132
274
148
94
36
170
8
2
41
93
63
368
478
15
383
36
94
109
125
231
278
127
274
183
172
299
13
51
41
566
58
174
90
170
31
282
202
55
6
93
49
170
297
9
4
5
451
29
299
116
43
220
221
10
54
264
127
411
108
58
216
62
284
101
137
187
48
171
129
274
221
61
45
77
106
162
16
143
41
316
350
92
213
19
78
55
117
17
200
121
124
325
328
358
299
928
96
24
242
206
1
413
91
53
52
23
115
90
395
555
62
59
580
235
28
411
246
327
335
11
167
279
56
131
173
150
100
360
90
329
43
874
444
95
187
162
50
465
238
225
142
224
303
84
101
93
134
34
35
134
431
310
195
127
104
21
65
45
323
25
194
441
375
387
31
733
766
52
604
32
200
502
131
12
124
187
67
361
43
68
91
881
69
29
1089
300
41
236
156
229
65
272
42
5
113
249
25
90
36
618
8
270
65
270
181
100
30
76
165
792
73
379
83
830
283
220
256
76
108
147
89
283
44
83
548
82
70
56
140
43
528
38
548
13
61
1
3
640
264
119
5
39
129
202
123
26
22
223
229
42
148
11
13
42
7
58
175
113
100
86
85
20
32
6
594
581
332
311
52
1
60
250
73
58
593
213
115
1
56
35
182
753
150
776
77
245
83
155
232
95
62
34
7
221
299
100
51
248
266
103
20
264
348
153
449
144
167
31
79
50
42
386
8
259
8
49
33
2
300
872
212
248
10
1070
67
130
408
375
277
29
119
89
316
82
202
10
24
264
285
157
149
76
7
47
109
594
62
442
496
285
21
21
261
116
128
115
40
11
173
241
89
125
609
102
401
632
864
26
29
33
164
151
306
334
761
96
964
199
2
87
78
183
31
19
2
8
396
59
29
462
32
735
264
110
374
132
41
258
63
79
666
131
174
892
41
43
75
60
390
50
218
36
109
28
373
450
110
121
29
118
470
136
461
108
99
42
77
307
676
255
685
655
127
452
9
6
36
494
106
116
638
205
49
25
181
501
56
40
278
20
323
51
181
62
66
132
237
110
35
242
304
2
215
10
84
10
279
678
135
104
284
58
18
66
57
48
177
145
123
75
194
371
678
5
212
200
322
89
388
56
270
373
153
186
3
77
29
10
24
88
68
11
509
259
393
1159
544
226
130
112
247
100
136
11
81
139
405
676
18
560
527
58
8
11
131
144
323
51
53
131
25
603
4
51
167
198
289
26
10
595
233
30
74
53
230
156
42
149
95
192
365
373
329
139
193
92
47
237
417
563
399
104
89
269
133
57
118
114
25
117
589
236
841
18
216
90
84
180
110
42
213
459
408
107
53
149
205
15
219
17
43
89
24
83
4
497
370
110
108
83
15
52
180
307
132
238
62
7
127
697
144
320
150
21
16
238
308
77
392
205
28
170
322
19
440
65
411
469
175
4
109
60
206
48
153
79
200
87
255
48
466
449
154
431
35
124
120
127
455
88
194
314
52
9
360
122
665
225
70
83
157
63
137
346
225
182
489
200
54
104
247
181
81
13
35
43
12
49
16
52
364
169
403
119
536
79
153
145
570
125
57
16
469
98
299
98
399
11
128
55
113
40
3
175
67
200
207
235
16
160
28
40
256
91
29
283
162
52
51
6
65
8
68
43
43
156
134
5
273
253
155
463
247
708
141
72
29
55
372
164
107
195
445
60
142
190
158
17
283
152
79
130
59
62
170
757
65
416
609
147
240
45
9
180
454
8
35
182
20
840
48
46
188
165
258
24
1251
216
352
1
154
770
89
15
5
132
371
592
93
140
175
97
601
172
138
142
37
186
7
7
52
115
307
57
160
124
19
23
367
76
71
78
56
67
518
262
165
135
117
360
6
141
433
373
168
101
5
11
9
417
67
440
116
200
46
150
124
99
157
81
148
395
400
13
165
27
265
21
237
165
72
176
33
535
124
378
124
220
77
393
95
3
35
37
129
16
238
22
500
96
263
180
96
10
7
124
150
35
173
152
20
116
588
93
802
321
2
13
99
421
235
301
96
35
2
179
517
276
19
59
359
114
101
107
179
18
450
760
146
1375
87
24
63
80
140
172
24
20
76
394
597
767
7
413
184
106
62
179
52
19
319
131
127
149
94
7
39
218
32
68
58
55
7
202
174
484
228
333
126
300
60
88
176
99
353
113
523
369
123
80
217
3
358
136
112
179
180
109
1079
563
16
67
315
116
246
193
53
82
311
455
79
291
344
91
175
1
37
632
183
138
49
229
86
464
325
52
213
156
17
57
290
155
161
18
161
25
156
71
61
48
263
424
73
641
15
111
16
38
252
39
44
98
59
55
60
186
470
361
117
59
583
503
7
159
12
4
65
297
323
198
164
200
1
5
93
49
38
321
7
258
278
6
203
135
98
77
43
117
535
236
111
172
105
161
45
153
210
204
14
409
375
65
394
32
237
325
351
93
96
125
65
642
29
223
44
279
147
597
338
45
63
98
173
78
290
820
139
148
999
252
89
368
28
205
269
299
134
515
79
50
11
24
126
205
76
136
131
20
212
431
193
30
458
259
53
65
109
292
4
3
84
55
552
18
45
350
192
3
215
73
389
151
196
36
24
1275
88
18
118
101
423
179
586
749
101
271
9
43
393
40
232
752
157
108
523
729
236
219
281
340
17
17
287
9
205
275
163
268
442
62
99
146
98
61
817
491
510
227
5
312
225
48
64
375
8
224
322
373
85
242
60
192
50
187
256
124
266
253
1264
6
36
15
625
66
122
318
284
190
57
1
150
286
157
172
100
151
391
214
93
2
843
46
18
74
28
124
285
123
200
207
128
142
1
285
28
128
124
350
31
46
254
102
59
287
54
242
140
101
203
52
316
265
153
35
5
61
125
115
57
229
33
342
392
67
363
321
56
388
408
237
388
68
69
294
56
110
195
269
479
69
181
128
171
64
2
63
249
73
128
158
447
270
47
58
430
556
231
432
681
36
57
125
123
531
140
55
415
83
217
163
282
150
158
234
164
361
145
628
203
274
876
4
283
49
329
218
24
144
34
523
77
19
57
495
86
224
137
31
428
16
106
270
7
426
467
103
538
187
60
91
26
88
120
74
55
216
11
141
642
148
124
12
217
73
194
161
304
148
1065
9
82
36
3
181
172
186
222
85
53
265
153
86
82
95
426
17
17
177
30
567
228
599
103
193
240
116
47
180
372
614
80
253
212
24
252
32
13
107
117
132
81
84
265
135
70
145
472
50
94
133
88
386
93
58
92
41
131
22
609
736
129
481
106
36
179
99
382
30
2
137
106
820
121
145
84
19
382
613
267
364
158
335
17
377
766
83
86
153
101
398
424
88
119
327
281
183
59
114
381
6
306
140
90
58
35
75
540
35
249
83
41
60
93
948
318
56
68
188
520
227
40
62
25
24
100
147
125
121
18
215
55
1074
182
165
225
442
89
284
41
115
108
305
208
5
724
108
15
16
532
498
65
364
505
342
428
82
294
104
56
97
429
115
197
583
139
62
77
270
73
380
384
94
89
413
26
453
334
119
167
24
96
179
38
122
7
1
134
370
447
65
95
60
300
25
262
137
99
223
400
383
179
161
329
32
290
218
45
391
237
109
9
343
618
112
698
43
69
62
83
36
493
112
282
38
57
4
87
753
1
76
127
137
34
315
1003
205
251
226
13
24
293
198
85
103
339
233
199
519
321
5
549
160
360
189
395
112
24
107
100
120
519
42
434
35
68
130
124
128
27
463
135
15
152
84
112
295
709
23
243
282
4
219
412
695
136
12
290
164
157
168
365
232
177
290
125
159
186
129
87
670
289
321
380
94
342
323
79
165
63
438
81
2080
271
155
362
24
171
120
30
75
10
238
304
40
59
777
31
180
18
194
453
38
54
71
24
422
335
47
37
27
103
241
60
44
25
716
187
97
188
663
54
211
129
886
101
31
10
54
123
115
8
258
111
385
886
316
349
217
8
270
42
152
470
229
331
20
196
59
13
487
690
51
500
288
6
187
639
141
509
106
155
118
26
166
89
139
78
34
33
3
91
155
240
170
36
118
487
221
21
210
37
156
410
81
201
10
56
225
362
491
228
367
23
45
84
427
48
75
93
251
354
119
1
252
26
282
101
13
19
25
249
97
813
356
95
388
111
28
2
70
134
270
696
84
131
140
8
100
181
49
26
65
46
238
143
88
611
74
225
17
119
367
788
212
222
14
98
362
521
371
159
149
127
15
66
43
167
93
473
301
48
376
100
24
46
246
311
139
326
39
486
144
239
130
292
199
130
58
212
300
93
59
115
104
111
245
575
31
404
11
735
234
387
169
396
669
90
211
17
39
92
6
395
374
30
411
65
118
273
20
290
213
174
205
178
541
22
39
31
106
133
952
195
276
109
125
8
9
314
495
724
91
113
55
27
7
220
20
11
46
487
10
35
490
731
138
62
18
82
256
441
228
23
417
168
156
436
78
66
5
48
23
102
5
418
503
30
133
294
111
1060
789
144
60
24
126
166
156
15
319
11
73
12
23
5
182
418
196
82
220
311
12
540
10
200
17
229
435
44
22
150
95
82
340
37
186
277
237
609
243
598
788
65
185
87
76
23
63
625
150
555
261
188
280
384
305
69
110
496
229
112
55
192
219
213
256
181
229
8
119
84
30
43
144
27
4
79
101
356
51
164
272
635
125
197
46
128
172
84
499
273
165
329
254
74
54
419
226
188
326
304
10
148
50
115
55
331
222
95
490
62
3
302
266
283
157
172
636
414
473
18
100
110
141
33
370
124
58
63
198
25
1
206
65
426
155
215
751
201
100
270
454
14
105
12
549
307
89
7
9
275
129
39
210
73
47
26
93
154
18
116
136
25
6
25
101
102
463
40
142
1011
270
141
371
135
101
39
275
179
5
109
568
91
45
186
122
356
18
51
156
175
84
86
34
241
85
155
28
210
83
219
177
98
912
182
256
96
42
60
155
335
89
1004
194
185
51
250
159
158
62
331
11
56
362
69
128
12
33
22
223
323
20
27
536
100
29
309
685
41
47
305
209
42
506
403
141
507
447
40
201
16
188
15
15
283
186
479
62
127
86
361
232
190
203
495
54
237
427
234
134
532
22
163
97
156
706
882
137
96
312
6
97
34
230
9
56
626
465
43
79
74
165
187
73
118
209
263
35
14
220
289
212
58
264
269
5
318
137
34
607
200
245
200
118
182
301
187
226
62
45
125
107
9
30
30
27
55
7
190
79
92
202
75
74
92
41
359
329
686
45
1471
251
505
212
241
112
76
463
134
575
246
44
104
61
55
30
822
49
158
491
576
81
169
215
132
288
21
284
232
610
36
140
2
18
19
399
69
492
79
304
59
20
442
314
6
166
161
84
161
26
137
199
122
274
255
77
61
320
378
734
132
205
179
160
143
361
167
310
324
121
253
399
77
205
5
27
237
877
261
60
19
366
344
270
49
22
695
522
133
218
197
170
285
5
156
45
223
47
97
20
778
166
238
76
546
167
474
156
24
38
190
21
233
382
375
5
207
458
164
140
356
16
6
143
100
50
105
6
141
477
35
220
484
262
157
3
46
78
545
186
79
252
31
326
67
22
135
130
139
190
348
313
343
50
56
654
183
78
224
83
403
26
23
192
6
106
208
168
14
357
20
23
263
44
87
7
212
1219
61
77
431
228
44
59
340
280
12
79
590
96
495
31
124
134
9
62
22
6
131
71
75
132
703
10
13
34
90
35
109
112
62
735
57
143
44
15
7
320
377
49
85
111
331
39
356
27
89
35
60
782
190
55
169
29
266
213
102
21
99
65
11
267
46
23
94
132
117
30
145
587
179
124
9
120
25
453
91
195
11
12
625
196
248
33
76
23
35
92
37
143
279
46
391
274
92
175
103
575
206
17
36
61
380
25
201
110
238
128
71
7
254
581
1
70
151
145
399
47
187
373
29
361
382
125
1027
273
207
136
335
47
186
52
252
64
309
120
13
63
140
318
240
408
154
4
158
68
512
150
96
236
7
703
104
136
43
76
122
134
144
33
111
164
52
205
285
761
34
616
186
452
175
130
136
29
68
242
17
407
359
21
407
71
891
368
116
404
90
257
19
45
10
16
104
58
139
19
254
373
71
82
446
38
16
376
118
66
82
196
118
67
72
394
40
51
193
298
8
75
10
95
170
171
495
5
61
139
143
15
402
333
35
146
453
532
50
602
35
55
211
210
343
264
123
38
2
31
216
73
82
34
8
231
116
301
96
623
380
140
114
314
77
66
65
208
527
830
82
163
18
105
313
377
264
100
152
22
429
43
118
42
351
227
45
296
13
116
70
12
92
108
159
42
6
27
297
19
209
24
379
32
146
211
472
145
11
103
369
115
43
800
460
102
83
33
142
132
213
216
24
263
87
92
50
466
327
235
95
112
12
10
65
528
183
73
272
36
829
423
323
233
35
178
157
27
9
320
4
95
66
2
403
183
233
120
472
74
69
310
103
124
138
146
51
346
74
38
205
149
20
464
499
18
382
163
134
305
122
343
444
271
371
148
46
140
187
267
36
136
771
238
282
48
218
44
102
128
129
148
153
159
65
147
315
167
40
467
117
1222
117
96
95
172
19
248
86
139
227
59
206
59
45
36
577
495
176
267
179
53
288
21
599
103
302
279
26
326
462
24
243
194
47
193
337
183
190
157
27
405
342
2
18
27
29
105
14
8
204
285
239
42
234
25
2
128
42
176
237
40
191
27
37
253
70
203
208
58
373
127
619
23
69
704
77
85
321
25
332
56
159
384
240
29
189
56
111
92
113
720
99
317
287
95
79
172
184
142
102
229
15
103
375
528
235
17
67
414
13
117
124
116
93
171
224
177
261
201
141
488
311
370
42
128
199
276
59
239
90
65
242
299
104
253
104
63
703
57
1067
101
201
3
462
263
149
120
316
304
19
463
34
33
419
19
35
275
87
184
201
330
34
582
63
27
343
64
355
67
109
86
172
73
13
493
183
122
279
737
79
223
171
29
402
85
216
169
125
429
461
285
262
377
468
140
493
8
27
96
493
84
225
53
53
257
275
251
195
36
34
190
197
536
513
422
264
746
117
25
90
387
20
147
105
776
421
443
158
161
726
358
10
7
249
246
64
133
521
117
199
198
37
317
33
601
247
36
114
273
417
153
46
90
180
210
26
175
233
6
35
108
399
433
45
37
382
167
19
33
232
180
418
357
171
511
117
366
87
130
58
168
612
175
115
335
473
95
516
59
68
324
384
21
30
62
632
299
288
162
41
845
602
30
47
875
141
92
31
112
25
304
11
175
3
2
181
85
96
105
124
335
759
14
333
313
770
36
132
22
122
102
28
918
137
143
15
147
111
126
892
61
23
140
72
32
267
142
76
334
47
483
677
70
102
204
76
102
109
56
153
189
66
310
192
413
531
191
136
16
34
150
328
188
64
154
12
361
32
286
78
305
113
150
65
599
154
77
269
158
80
202
128
900
539
96
107
14
253
353
23
145
375
348
146
122
108
58
736
117
192
106
115
159
509
90
334
60
256
392
161
172
111
573
56
30
123
325
98
253
35
983
29
520
1
186
30
140
37
132
71
764
388
14
170
25
106
1033
181
477
198
1071
77
163
62
54
99
41
55
212
138
237
103
109
99
187
129
18
297
38
3
152
400
226
510
76
267
48
126
127
55
334
64
111
234
62
61
10
10
124
1
137
324
176
114
433
67
17
118
117
200
189
66
38
24
839
49
240
6
67
137
73
598
21
3
332
109
47
213
99
597
152
344
399
119
237
19
206
346
17
120
352
2
224
30
207
13
171
130
270
209
138
285
130
151
25
165
312
87
183
155
264
109
38
24
61
224
10
10
105
185
168
91
91
69
564
181
215
83
81
321
519
424
265
88
117
92
113
644
689
109
96
376
5
93
97
201
36
342
97
350
91
335
255
106
31
663
248
144
100
35
90
189
248
23
183
51
26
123
357
186
499
214
47
90
225
78
95
135
1
75
37
316
39
55
538
33
48
188
1369
179
136
79
916
232
147
332
106
34
462
96
78
53
40
42
121
243
168
93
178
28
42
226
173
35
616
61
341
136
186
448
156
95
17
57
287
32
274
161
47
300
206
74
27
496
62
53
49
83
11
50
223
83
23
150
146
708
72
384
47
235
76
177
314
59
262
485
115
120
278
1
281
168
222
3
229
19
213
21
74
174
589
36
138
59
21
173
183
28
64
172
35
83
74
158
510
123
141
493
1310
105
404
497
148
368
305
393
212
143
315
45
61
174
157
18
35
88
129
199
36
94
103
181
549
95
143
256
348
14
509
116
208
38
100
32
248
287
56
323
505
70
21
6
80
82
180
126
647
124
150
176
62
68
233
216
7
18
352
36
23
962
728
60
321
52
182
202
53
82
304
99
174
456
636
40
129
234
79
97
114
270
141
114
227
70
181
26
33
20
28
3
22
1
26
276
20
109
253
111
255
106
185
293
605
25
258
85
100
79
113
138
79
243
199
60
450
222
13
493
50
93
59
139
385
248
69
408
98
524
629
208
151
228
96
226
169
20
256
72
133
298
16
17
184
45
20
56
27
151
136
175
98
53
2
617
29
164
423
41
279
65
136
149
262
228
57
119
42
77
55
513
422
105
438
731
118
113
11
215
73
354
287
57
3
82
37
321
109
373
281
365
133
82
127
96
24
315
338
1
304
191
156
40
110
118
711
204
60
541
201
412
17
94
48
202
230
230
131
160
499
246
58
176
21
76
1016
199
40
56
36
399
156
35
383
30
223
567
448
24
218
181
548
85
336
330
212
13
44
193
213
335
162
28
38
284
77
299
33
302
37
21
356
32
422
127
94
586
494
327
236
7
140
205
5
200
183
195
92
115
173
356
95
70
684
543
310
70
22
191
933
112
4
62
365
160
111
105
64
392
33
305
416
198
360
208
533
96
55
33
22
61
13
88
71
309
147
316
368
254
191
16
151
64
100
143
220
97
5
39
230
50
22
125
108
258
553
149
216
81
61
169
16
203
23
168
8
41
68
50
157
34
56
277
282
22
228
110
63
153
275
78
247
125
45
68
285
268
74
154
41
79
467
463
708
58
100
42
40
127
15
170
169
75
182
166
195
323
782
121
13
137
421
272
111
26
186
152
341
229
216
67
116
67
28
3
590
100
331
66
69
255
96
11
15
141
137
317
12
84
25
427
560
86
513
223
409
343
44
76
730
35
531
252
83
54
194
187
198
547
129
59
437
23
123
239
214
200
871
13
613
319
196
371
60
289
186
234
12
65
165
189
17
94
64
26
284
71
298
56
22
88
255
389
128
460
59
104
109
42
81
80
38
80
291
75
371
4
400
253
676
73
4
51
119
24
11
30
158
227
248
75
549
253
21
42
140
121
118
462
474
63
3
459
157
44
146
23
981
680
400
6
157
332
183
334
413
288
407
269
144
230
62
12
34
230
95
233
108
50
108
290
32
160
261
111
403
278
171
432
127
15
821
51
244
313
11
408
188
74
150
58
119
247
957
164
61
140
159
30
189
278
66
108
195
75
102
462
485
115
88
34
143
97
344
62
83
84
380
271
96
77
12
82
22
58
37
276
50
6
340
217
123
229
407
25
72
112
35
218
108
314
849
63
333
157
43
121
70
210
40
189
97
672
241
2
43
443
306
101
127
238
190
264
70
277
260
725
186
89
92
100
18
120
79
108
158
313
29
111
103
1045
580
142
66
2
524
192
108
75
160
25
489
157
173
36
113
303
26
560
115
36
182
25
178
30
569
202
88
636
465
38
119
281
299
73
45
325
110
392
112
67
463
91
519
45
173
25
31
239
8
330
35
138
207
46
172
225
27
328
84
128
691
4
43
101
3
252
274
71
18
301
390
226
824
120
86
436
239
19
221
145
39
49
188
185
147
90
215
733
435
212
19
86
6
203
93
131
258
73
848
8
9
283
72
119
220
144
137
109
54
522
52
84
672
210
19
78
122
213
108
10
599
273
205
46
837
11
224
217
234
129
123
34
200
149
78
214
154
159
31
48
248
343
1
96
157
114
92
18
460
130
101
882
288
136
143
56
740
194
295
238
105
129
38
96
107
33
121
118
452
98
156
61
399
72
32
534
294
264
235
502
148
172
26
1199
135
33
229
62
85
10
71
110
22
100
181
9
36
12
45
13
296
244
106
37
213
58
296
96
51
168
291
119
48
8
15
91
3
346
186
221
218
97
393
301
244
37
227
12
423
988
8
360
478
6
536
27
60
426
728
49
47
312
297
433
16
69
249
126
560
119
46
115
250
4
6
317
422
172
358
537
302
15
102
45
290
251
289
493
15
288
330
2
261
22
89
8
113
25
124
309
176
337
399
34
139
231
85
183
1145
56
561
300
70
266
238
226
148
768
7
499
242
325
71
116
151
11
203
75
355
199
249
441
950
161
119
1230
58
127
78
105
34
201
86
68
17
299
73
432
17
411
79
23
876
58
118
62
13
5
44
240
7
70
354
117
499
30
65
266
103
317
116
152
37
12
427
286
2
80
172
153
12
69
244
9
789
245
46
87
137
58
18
312
4
493
31
45
366
436
33
260
191
111
30
96
165
222
347
17
37
406
343
112
309
724
242
447
600
22
145
209
259
333
355
292
918
207
610
4
619
654
82
544
297
129
373
120
179
127
538
257
401
50
79
125
80
141
76
105
98
261
64
46
90
195
110
106
91
733
150
360
40
93
165
470
730
100
558
82
51
70
114
294
202
161
83
203
121
75
3
540
993
47
87
34
262
119
77
19
302
273
22
238
31
633
6
307
153
837
299
258
34
360
4
430
50
92
19
6
213
221
264
107
242
143
179
269
425
450
119
292
19
29
429
261
45
110
106
74
886
99
228
102
304
192
385
80
178
149
285
346
32
231
418
96
212
597
317
67
173
108
47
1
94
222
10
36
109
70
375
335
20
20
562
53
54
3
169
627
511
50
144
69
390
79
77
657
49
42
270
47
75
73
126
598
507
50
266
77
181
646
576
50
343
523
342
43
89
55
62
50
197
927
130
320
115
98
103
433
688
51
38
7
66
239
162
87
57
1131
13
187
54
206
303
11
90
13
158
84
251
89
143
35
77
258
274
329
59
146
561
125
251
103
328
90
105
174
66
161
17
163
22
154
165
106
461
108
28
4
77
362
177
64
85
107
374
210
98
411
100
47
47
187
129
107
78
455
83
299
483
131
95
324
488
248
150
38
77
5
280
214
73
523
741
262
64
48
61
83
114
205
216
316
646
342
134
69
93
116
112
622
43
218
71
728
143
345
313
232
147
39
17
40
202
630
183
78
63
94
377
243
437
386
174
120
106
44
47
105
171
423
284
201
80
51
54
217
420
216
270
161
121
291
40
30
109
91
456
134
303
79
21
2
256
87
102
44
57
114
77
135
148
45
27
36
1
421
314
317
730
23
130
48
157
67
82
110
261
227
6
139
253
15
264
382
416
12
15
466
196
334
248
183
291
130
10
278
90
535
318
211
258
31
343
604
225
327
11
63
186
149
396
133
125
50
229
41
60
1251
67
64
36
48
138
31
365
428
283
116
4
68
69
376
5
357
75
468
47
3
12
61
13
194
1214
105
404
682
21
71
274
69
113
399
650
22
3
415
53
231
48
25
13
116
154
86
259
84
47
9
719
37
68
77
15
302
276
17
58
24
89
347
42
32
202
15
172
162
331
436
105
55
17
143
9
132
4
122
221
526
135
41
61
31
469
247
176
476
32
34
101
7
10
271
101
400
262
28
9
52
214
195
324
1
280
45
797
20
113
349
211
575
380
1020
363
99
69
10
147
1
559
29
166
252
754
94
34
378
64
27
380
93
157
393
337
147
85
189
94
161
239
119
117
358
244
734
547
624
9
66
287
36
183
87
131
264
39
97
51
179
153
889
737
362
226
262
336
113
230
1258
39
264
608
218
299
29
42
130
60
135
748
251
37
170
76
1209
83
59
442
307
76
224
143
135
380
13
133
242
30
127
76
129
339
20
162
33
89
132
33
236
733
53
28
893
162
143
931
22
321
8
176
525
26
301
490
56
96
19
189
177
21
125
141
852
43
240
16
546
404
183
36
216
259
2
285
19
253
88
59
153
1129
115
584
143
73
226
38
245
568
154
507
159
694
82
56
81
224
44
76
98
574
74
146
60
193
57
82
86
108
169
120
3
152
104
416
170
135
55
115
41
94
200
138
18
1004
22
52
32
19
361
66
50
45
149
50
48
53
682
159
115
97
257
206
21
127
133
137
139
64
110
171
342
917
43
205
9
98
405
426
496
276
121
45
133
49
58
1
20
187
305
75
93
75
127
188
44
87
334
32
4
51
66
38
186
169
197
410
187
81
367
86
664
109
132
152
178
157
180
73
73
62
458
284
145
408
162
387
160
41
25
98
46
407
672
153
94
90
555
528
76
745
76
135
124
84
612
556
64
240
273
70
24
41
25
53
170
238
351
183
59
116
255
1014
128
253
253
232
328
17
258
295
10
118
229
429
109
53
133
75
196
38
985
387
188
337
357
71
179
99
50
301
56
14
157
686
172
55
411
93
109
499
39
171
3
345
110
348
239
61
69
279
16
107
257
179
270
17
7
276
662
150
293
10
71
129
21
148
197
410
391
10
173
149
17
265
311
37
26
81
1044
17
40
179
102
381
106
344
70
94
71
175
112
210
181
311
8
158
133
20
14
6
45
464
136
6
335
397
65
142
117
31
390
325
163
92
251
423
195
176
455
158
324
6
13
63
496
19
540
199
106
80
234
17
145
353
49
4
86
317
259
361
34
243
224
4
107
373
134
391
6
205
6
529
77
149
69
393
10
293
69
159
35
23
197
96
143
119
207
162
58
175
266
25
26
43
225
298
84
2
148
26
96
126
1
77
48
263
420
416
101
88
63
177
196
145
89
55
1046
20
146
38
229
137
56
67
67
139
555
182
149
11
691
660
153
61
788
732
114
152
558
261
122
22
392
141
67
396
245
583
400
347
109
400
101
4
153
53
242
54
97
130
269
101
78
214
113
544
715
201
154
5
523
330
348
721
478
149
47
226
362
277
24
107
299
22
267
404
53
367
142
263
294
411
89
229
109
115
24
27
348
138
219
147
205
126
42
218
22
83
15
246
60
409
345
87
392
347
210
654
74
568
554
6
248
249
84
286
117
143
246
39
53
55
163
165
51
6
80
172
661
25
28
499
348
140
39
382
307
113
220
120
17
85
78
461
212
100
58
248
487
11
119
38
261
938
157
462
35
302
26
363
410
132
56
136
264
323
118
375
143
317
499
239
45
350
16
351
445
306
55
347
244
46
210
442
239
92
161
144
65
857
153
70
9
156
385
361
148
451
1045
806
367
62
27
67
224
28
256
3
168
49
11
190
6
16
261
376
90
117
22
177
281
420
198
141
151
394
3
168
17
428
69
198
109
208
186
3
374
706
402
98
217
137
5
333
116
282
43
63
312
289
73
153
23
211
164
283
57
131
86
151
201
350
428
410
268
50
63
461
104
7
48
174
1209
444
20
91
365
68
203
21
450
85
400
873
44
128
173
10
544
465
20
304
280
287
110
146
28
269
192
43
97
639
162
639
58
32
310
118
128
234
291
1640
113
221
19
315
51
130
6
21
42
23
17
184
89
235
209
19
296
109
276
84
36
95
307
184
520
128
51
116
512
602
91
90
1157
232
398
4
270
293
86
85
117
153
250
133
243
177
102
351
232
572
88
5
122
416
436
73
98
158
26
615
27
6
75
67
8
341
230
590
204
110
14
582
722
21
3
32
101
98
185
240
268
127
256
30
81
2
563
177
359
144
309
335
88
368
178
177
366
624
198
19
34
131
333
300
476
41
173
149
96
1
67
96
202
194
259
321
44
73
25
227
75
904
26
13
53
69
62
332
152
122
94
36
409
593
71
114
48
204
191
294
592
74
162
64
531
135
367
82
326
59
227
155
244
13
193
631
251
53
139
48
20
32
42
24
245
333
83
52
235
304
484
59
266
34
201
136
4
203
29
72
57
80
849
362
276
67
94
871
24
138
163
297
82
78
540
21
533
3
365
42
2
103
387
168
254
88
341
423
31
20
61
125
683
605
136
667
4
226
14
379
16
438
306
42
510
276
15
139
34
128
324
16
210
279
112
147
50
236
143
845
98
89
131
340
274
151
275
7
549
263
706
124
181
38
197
403
90
214
207
497
81
16
77
85
681
166
45
30
475
504
45
19
224
102
202
167
248
114
98
410
287
105
664
657
3
19
196
591
1
278
73
37
288
225
172
45
31
5
84
224
309
285
130
39
300
211
38
29
81
1163
32
6
186
29
142
246
2
83
106
67
8
45
68
66
19
20
390
153
46
324
191
177
49
463
3
653
75
4
26
38
110
152
386
288
107
331
216
64
185
182
246
117
140
206
110
147
71
27
154
802
5
6
94
166
433
1
179
422
269
421
24
157
31
75
114
15
846
318
16
120
38
144
83
253
66
42
30
88
252
151
17
432
77
71
167
141
369
238
15
16
89
15
92
79
940
175
452
209
634
534
1079
59
111
236
50
25
19
108
120
129
5
7
11
74
210
231
268
155
126
170
107
108
77
472
244
350
339
164
88
505
336
146
62
487
108
254
88
90
142
92
751
317
52
83
23
6
110
260
5
1803
135
45
226
136
187
37
152
165
328
110
2
6
419
80
75
422
160
31
372
469
556
165
508
118
238
23
1275
161
428
113
33
120
815
24
2
187
12
21
387
64
136
78
35
359
77
185
37
343
169
131
435
478
205
752
18
293
29
779
167
20
26
63
120
221
90
332
208
307
87
110
63
496
281
96
43
490
34
11
119
196
165
50
293
60
251
14
395
83
177
164
276
183
16
41
358
209
98
291
533
292
1
78
691
222
334
230
179
167
54
387
94
102
617
339
415
161
22
281
55
551
120
108
172
253
149
182
337
187
35
110
69
4
97
122
266
525
52
69
557
330
63
215
277
125
150
237
228
25
179
111
323
169
122
20
38
352
19
97
138
787
27
41
56
253
241
574
591
73
480
52
468
94
317
173
762
93
102
57
280
876
332
565
256
124
234
22
286
5
55
447
175
109
16
113
107
288
1
96
174
200
24
135
59
253
46
44
12
415
6
366
285
518
54
197
294
11
169
507
209
26
66
588
91
320
33
143
143
298
43
349
45
658
111
9
371
3
262
169
170
644
52
320
122
105
41
65
74
1
404
1271
56
209
93
359
258
46
346
268
82
19
1
333
646
168
317
335
199
32
118
50
248
352
31
111
238
197
341
35
71
44
235
279
10
390
141
74
32
598
495
101
309
283
5
82
195
542
139
245
215
266
64
30
57
450
63
880
110
140
31
1
67
258
138
167
208
254
150
182
243
165
182
266
391
163
229
397
152
294
37
179
15
23
726
306
161
321
117
258
224
219
2
3
106
484
18
316
267
506
26
100
13
308
94
780
202
805
56
82
197
1
294
74
20
72
34
18
180
102
375
365
176
126
24
392
109
69
179
286
20
405
340
392
133
178
21
78
71
56
351
33
118
301
194
216
14
20
64
115
523
289
2
142
96
792
779
229
205
191
143
283
182
234
858
198
354
34
699
492
26
64
100
43
24
123
94
111
104
680
190
247
245
43
311
411
95
1113
1
18
1
391
219
9
48
52
376
322
156
436
151
443
125
250
269
316
88
198
8
87
195
27
77
54
224
44
105
10
1113
5
102
33
4
49
53
377
1255
9
123
572
219
105
216
85
316
561
145
295
134
18
608
33
81
133
94
341
38
141
109
23
270
67
55
110
327
20
262
93
25
111
258
21
360
163
179
84
219
8
48
104
109
387
332
140
53
238
184
262
30
15
259
24
48
260
115
492
15
27
4
302
337
92
101
289
67
100
449
497
258
330
35
116
213
39
206
13
27
25
223
249
19
13
168
15
23
4
273
24
24
35
72
47
115
180
12
516
359
44
133
15
250
302
155
20
69
139
350
118
456
342
21
724
34
397
153
739
48
157
287
650
350
60
28
283
109
155
33
5
468
124
196
300
127
43
93
12
4
143
18
56
153
188
56
43
9
18
163
303
106
103
542
439
241
251
100
141
69
91
611
666
141
468
487
732
501
3
146
133
26
21
129
3
25
1230
71
147
15
158
484
106
229
107
158
305
339
6
80
135
229
563
177
30
56
124
71
170
19
489
234
1126
131
96
107
67
329
51
75
168
28
71
49
284
20
26
261
1298
379
511
146
260
74
401
4
100
76
67
16
119
20
72
116
233
168
232
208
157
423
55
39
110
258
181
114
232
327
301
123
92
15
84
427
43
773
121
12
10
145
270
410
120
31
68
36
26
120
169
63
60
235
253
193
201
566
517
405
6
17
92
160
40
83
118
234
356
186
263
90
437
53
112
222
99
157
252
22
77
307
324
259
400
237
10
50
53
125
835
38
172
63
175
221
46
25
191
160
167
41
122
111
38
116
34
315
11
237
30
83
311
350
93
317
286
114
85
100
239
168
237
84
22
339
365
77
224
119
119
110
65
331
20
178
197
254
575
468
43
18
348
322
136
111
132
186
76
161
113
105
1245
27
43
248
86
61
63
375
68
809
284
183
346
220
354
9
118
54
10
3
152
72
298
60
411
4
167
196
406
307
392
91
165
183
353
652
4
53
261
120
50
626
177
260
5
9
172
331
68
274
524
129
284
5
238
80
352
206
62
222
261
622
449
51
66
11
41
26
302
124
307
36
23
45
41
314
223
73
631
290
68
190
63
843
152
6
5
126
265
520
118
456
37
902
147
295
149
28
11
162
67
291
261
404
12
31
6
27
151
516
77
198
10
303
767
176
131
39
457
776
115
20
41
333
115
461
117
210
28
18
118
768
30
13
169
68
209
322
328
100
78
126
254
623
201
314
39
216
45
113
44
3
56
626
313
59
273
320
17
84
101
279
179
119
513
87
7
918
518
309
113
193
280
175
579
34
176
308
44
548
59
373
139
161
539
529
305
108
65
433
174
38
20
168
573
90
43
271
167
99
104
74
7
36
133
6
137
127
476
135
187
134
40
169
25
115
284
3
452
357
40
123
322
74
128
163
37
126
124
111
82
268
14
37
653
262
34
204
179
1045
17
53
41
260
130
376
15
83
114
329
20
95
173
477
77
292
53
84
34
375
50
236
50
30
92
283
305
92
91
89
37
219
8
519
505
109
194
3
22
306
33
139
158
63
163
253
113
104
164
29
2
547
505
512
349
152
51
14
66
128
235
49
430
60
46
18
8
217
10
135
225
29
163
425
211
16
39
126
35
509
20
274
12
142
886
181
129
245
5
223
124
297
225
82
25
102
121
335
651
471
37
333
690
184
303
79
5
245
125
349
53
397
636
173
365
230
341
66
45
69
199
282
159
88
348
554
625
160
30
332
88
560
89
177
430
54
107
325
138
105
106
164
23
192
265
197
26
510
295
203
294
286
92
18
812
204
194
81
50
6
17
92
17
458
689
151
8
541
145
433
27
303
782
150
614
108
129
131
426
7
40
113
213
114
7
5
112
101
143
519
116
766
166
95
55
61
75
118
290
115
194
262
38
285
23
231
221
82
242
78
78
37
83
141
11
129
437
149
286
263
488
50
399
105
85
75
28
380
221
53
27
79
257
19
28
199
236
16
390
70
105
534
394
337
147
332
423
429
220
31
17
22
48
326
125
33
211
57
68
355
71
419
438
6
69
76
243
4
186
365
382
12
11
226
29
339
652
97
291
144
171
5
245
75
286
92
521
457
40
387
122
249
108
128
160
344
62
85
346
448
231
48
239
53
166
149
1
87
405
88
14
12
65
455
38
138
430
237
216
39
18
101
184
85
49
43
78
336
10
249
201
170
268
148
36
63
83
7
154
590
107
626
383
11
493
22
53
32
412
214
311
89
2
255
479
538
386
76
28
674
142
159
138
249
156
42
262
125
56
86
6
128
271
140
488
415
21
166
392
19
870
51
35
216
9
66
304
3
124
46
199
17
1025
172
1
75
363
263
186
603
189
52
1131
30
668
106
282
281
468
321
57
138
123
121
81
31
284
26
365
125
29
77
42
327
77
24
566
256
84
282
247
252
57
1664
37
139
36
42
188
284
418
511
330
444
132
142
179
248
44
416
515
149
543
50
434
198
281
13
84
197
268
666
231
176
111
186
137
124
98
114
109
318
6
204
37
28
51
201
547
24
392
298
20
286
456
159
153
429
12
539
115
13
226
34
445
52
429
168
31
62
212
372
380
197
377
58
40
109
348
39
19
542
259
206
200
19
6
11
214
276
117
345
234
104
299
50
106
34
357
2
140
137
604
47
68
373
67
212
472
73
97
170
132
192
55
457
6
293
70
164
136
57
181
109
298
93
197
31
7
259
599
207
40
19
54
105
353
455
281
81
202
231
738
86
66
