269
70
38
74
518
138
122
54
99
177
31
27
114
174
422
105
32
209
102
240
276
108
114
103
225
22
57
152
1583
205
16
263
59
172
92
562
67
455
28
246
41
160
61
182
693
394
41
221
4
163
198
131
486
204
494
190
271
308
180
37
147
160
267
43
269
8
327
152
243
66
85
15
250
15
111
319
243
103
30
240
112
75
751
658
307
66
141
103
90
602
17
197
341
89
3
458
44
103
10
34
255
315
107
36
52
32
96
59
309
138
183
223
191
542
25
449
432
154
93
6
145
102
11
192
151
468
25
596
22
1453
399
52
363
226
88
214
119
94
17
382
84
156
32
182
68
10
522
90
240
238
100
175
214
148
18
42
61
28
1092
65
102
274
60
142
149
63
500
16
162
598
240
327
122
3
17
82
197
400
147
314
230
30
38
3
246
74
617
260
175
12
73
217
140
33
119
21
51
1055
164
304
47
214
203
228
41
138
108
176
65
44
50
670
61
85
7
24
12
84
224
743
8
346
107
259
69
78
391
119
84
97
124
850
150
410
142
98
162
216
441
443
88
118
170
1282
350
425
3
139
164
317
125
3
30
204
111
547
26
623
33
85
60
10
149
271
23
169
30
38
167
63
609
206
119
184
82
88
271
107
414
215
158
116
290
60
90
341
32
184
325
86
43
515
77
241
91
575
3
76
178
201
39
41
302
16
188
61
136
367
83
240
19
467
332
203
56
133
34
291
24
418
200
97
16
219
365
32
77
81
292
62
27
249
77
88
60
60
89
186
56
186
493
178
389
101
192
85
293
321
543
839
170
286
90
156
24
99
22
66
116
136
94
40
53
234
450
355
1
24
231
106
1
32
270
6
20
31
242
25
119
215
19
14
137
20
49
455
348
62
90
20
142
379
71
104
195
43
300
278
84
105
11
10
109
70
11
12
112
923
61
19
182
392
696
240
170
165
442
26
659
319
362
228
3
226
130
419
51
43
323
87
78
272
99
131
83
54
11
327
49
202
713
2
276
158
463
216
47
236
160
126
136
368
255
48
36
19
76
29
40
1290
299
629
246
171
19
63
363
137
506
139
150
191
697
45
216
46
39
353
151
394
346
319
183
181
38
663
449
9
232
74
382
65
130
957
863
44
5
167
48
559
320
125
33
74
398
180
73
218
11
38
96
67
333
164
230
182
76
73
384
83
541
25
350
5
209
704
90
274
148
25
725
306
318
23
183
550
262
245
409
21
286
278
78
4
18
315
92
266
58
235
105
199
405
413
466
176
2
140
283
46
99
60
385
176
1121
562
20
170
25
212
298
5
139
257
205
696
227
30
137
54
9
229
208
104
294
137
22
211
53
69
333
102
461
516
325
55
120
166
177
28
7
30
206
72
114
83
82
436
22
347
26
221
256
512
93
927
99
132
218
60
714
28
434
1
315
208
881
1008
38
222
269
88
687
125
79
30
242
554
27
90
80
224
149
614
70
34
23
170
559
539
10
299
383
487
13
147
66
156
320
115
33
11
547
388
409
149
435
17
104
648
118
353
326
23
46
86
263
50
22
37
24
155
510
526
124
195
29
77
7
79
365
138
84
178
65
16
36
330
191
5
193
558
122
168
116
28
415
122
714
8
74
204
12
175
43
303
87
82
191
179
47
73
547
120
223
61
177
70
263
101
3
45
97
137
7
240
193
88
127
51
520
205
108
242
103
573
666
269
12
52
276
98
108
98
29
498
7
29
103
209
551
651
331
43
247
86
297
43
42
749
32
571
127
30
342
467
54
20
172
163
13
165
132
179
272
13
234
392
67
94
820
23
186
301
559
508
172
76
831
387
128
311
63
57
121
275
202
206
27
22
173
80
363
237
136
557
271
109
19
175
61
55
74
138
7
245
168
214
535
70
242
85
59
40
114
25
232
292
243
35
21
199
270
136
337
18
37
1
115
32
7
268
286
16
15
128
822
46
15
2
236
68
226
34
317
27
119
405
622
183
173
152
209
514
11
360
101
63
194
47
76
146
115
77
161
83
233
156
235
78
11
540
274
100
95
200
338
46
83
38
3
266
152
238
276
362
254
130
583
459
226
337
83
105
117
218
93
163
69
12
389
242
79
260
573
314
901
625
144
173
89
8
176
285
165
108
359
329
37
452
331
243
435
530
548
64
103
121
518
92
265
46
211
175
526
7
24
294
111
35
159
4
669
343
88
87
94
76
332
410
10
461
69
143
145
140
1
40
443
248
438
138
177
5
251
321
24
365
8
240
73
25
11
406
376
48
809
68
103
370
10
215
50
211
218
56
159
81
479
302
244
330
466
290
31
102
34
298
88
128
132
10
764
155
199
18
476
59
21
112
318
74
101
99
291
209
40
488
234
11
133
76
386
122
175
18
104
11
158
151
85
187
40
97
141
937
85
48
63
82
71
270
110
383
35
426
924
268
10
201
90
33
8
196
170
250
142
126
22
160
556
224
1031
61
349
88
222
416
268
95
63
40
32
65
404
127
26
157
106
24
119
187
244
582
82
32
74
755
52
2
230
74
371
108
114
320
18
250
701
116
337
78
127
397
40
41
115
962
150
96
292
71
154
28
174
190
195
464
261
999
60
467
75
172
57
164
2
500
181
73
198
299
11
90
208
320
452
244
34
21
21
894
4
39
113
177
168
36
188
146
258
378
19
118
407
123
181
137
69
223
637
14
174
342
100
108
319
273
294
39
291
74
5
165
83
679
50
127
652
122
127
46
102
742
39
3
643
457
338
48
14
121
278
6
133
86
57
1298
30
329
55
6
263
827
592
423
27
54
649
88
305
43
384
295
17
33
580
19
470
228
70
69
81
1066
143
76
253
852
140
49
23
113
252
300
52
83
1
79
972
432
229
480
287
486
420
194
74
133
309
54
272
115
439
476
77
96
279
32
93
45
141
286
86
106
172
10
35
111
305
408
295
38
94
468
88
2
27
277
375
120
14
26
54
204
524
358
125
7
600
355
61
71
16
535
271
417
37
159
31
30
84
17
145
234
1
44
267
249
212
275
227
379
23
139
385
187
46
112
113
251
163
301
499
116
139
190
94
74
324
18
144
49
49
25
135
96
140
267
317
21
762
317
1
357
50
52
321
141
861
212
22
156
850
134
180
191
154
67
163
150
291
160
79
57
103
260
43
148
296
171
31
19
20
223
54
448
218
57
839
82
1
12
170
687
196
161
59
222
106
5
338
242
75
569
88
211
92
62
78
272
229
379
23
118
125
276
4
408
228
180
10
586
125
302
35
314
351
215
180
69
340
135
458
83
218
85
20
246
10
223
331
4
15
318
264
297
2
877
47
574
128
104
81
8
6
166
101
34
494
178
3
1
496
613
296
70
2
545
282
150
376
131
322
213
273
270
313
150
29
600
414
204
50
473
490
30
373
270
9
158
41
49
207
41
84
62
193
285
140
884
63
15
206
343
215
76
131
23
290
1860
239
310
76
350
12
108
176
200
146
54
15
313
436
143
79
10
43
418
370
67
65
411
68
29
298
107
669
1
5
105
392
81
8
56
8
252
23
87
378
274
27
167
222
14
61
153
197
213
8
352
14
272
113
10
38
94
12
171
148
12
19
59
1065
139
649
217
305
404
117
49
553
157
47
377
59
436
139
117
346
476
500
283
28
93
5
14
3
64
287
49
87
38
88
86
338
83
267
712
136
40
25
190
317
562
312
309
120
25
295
133
500
163
82
446
19
268
20
171
190
37
209
365
236
96
130
135
228
142
23
243
82
447
32
54
18
234
85
230
24
631
48
2
200
43
63
13
52
286
205
78
139
54
522
157
1600
12
16
166
220
151
65
731
243
184
146
417
43
100
357
113
71
645
511
117
104
57
36
227
8
239
204
30
497
137
68
4
608
506
264
163
171
281
534
140
45
53
42
107
50
135
221
146
72
4
776
79
98
2
523
282
55
33
6
618
347
337
428
160
118
9
3
159
496
98
48
181
211
12
17
352
891
64
272
6
196
91
111
66
124
177
579
458
288
15
250
317
461
464
83
4
179
343
115
245
537
128
271
33
21
244
20
42
8
401
107
200
887
173
62
5
50
638
14
74
289
274
172
298
159
74
274
444
257
3
140
72
170
453
183
223
331
28
18
212
196
57
143
186
83
177
133
92
728
536
189
298
190
333
125
23
427
114
220
55
100
252
224
232
144
100
83
56
60
205
427
134
260
54
79
328
360
213
6
50
284
35
91
231
464
56
42
20
270
144
28
256
94
92
97
77
31
154
844
160
33
440
69
8
9
135
197
237
388
101
337
175
78
30
178
4
116
92
153
29
228
200
203
179
210
276
6
273
169
277
6
407
103
405
16
279
848
146
206
77
1
287
260
157
29
48
1
87
58
377
59
253
710
254
34
237
113
858
810
185
197
70
112
15
33
491
740
37
234
222
17
78
19
11
194
70
98
167
327
382
178
237
16
114
189
158
25
128
32
162
176
198
392
65
188
194
281
248
238
497
1
30
23
587
34
485
77
25
775
52
213
66
491
60
226
644
74
258
112
656
114
61
30
209
153
208
129
172
308
66
484
260
141
623
90
5
119
79
190
95
158
15
233
890
488
55
260
15
137
252
126
314
37
64
518
176
203
45
98
179
9
1024
62
108
131
2
618
726
119
193
61
162
111
330
140
531
134
226
379
200
78
347
15
41
109
18
42
122
412
173
40
476
151
166
92
465
545
4
124
344
374
127
1471
47
229
2
37
208
286
622
206
186
211
43
162
605
139
156
29
91
217
61
36
92
133
10
325
42
184
162
530
39
160
451
147
905
21
14
50
64
15
326
221
9
16
333
239
142
521
363
622
147
32
171
22
105
88
368
25
96
507
6
410
57
237
60
135
212
40
54
220
156
802
70
125
21
455
145
275
389
115
140
320
49
41
232
55
10
332
236
356
220
13
238
64
360
195
60
159
9
30
188
829
297
63
368
152
1
31
799
110
181
890
107
306
369
89
190
68
491
268
233
113
84
476
213
174
81
471
581
70
19
488
25
25
441
522
46
84
23
161
264
475
484
285
312
1306
430
669
48
109
50
56
60
94
310
13
379
254
261
80
252
73
355
36
156
130
103
39
135
81
351
177
28
392
180
32
45
140
501
4
40
68
297
212
40
17
131
364
14
17
185
445
72
26
99
63
140
581
106
118
31
497
236
113
98
103
4
284
158
78
193
60
14
2
751
143
170
593
848
67
554
145
29
347
308
59
822
77
127
413
193
99
599
128
77
790
162
27
36
114
18
119
276
29
59
36
350
171
452
83
719
34
548
88
20
167
178
40
521
27
280
17
77
429
11
84
109
387
149
20
176
50
105
376
37
341
792
326
482
356
632
174
44
529
96
101
362
300
132
86
195
51
141
382
101
3
516
369
316
100
9
363
120
98
123
121
352
46
78
123
107
130
479
724
143
324
113
463
79
83
170
39
170
396
259
586
81
20
99
60
85
206
236
87
144
112
145
36
301
465
43
24
24
544
56
310
390
234
20
186
24
86
76
11
93
3
59
179
44
210
190
369
13
98
455
23
26
10
47
380
35
55
90
53
95
363
318
60
65
51
51
246
81
26
144
78
242
91
300
129
219
112
23
338
6
24
535
8
47
39
141
87
45
62
114
267
39
9
279
181
465
283
141
426
266
45
72
77
86
77
347
290
976
100
254
92
112
7
479
161
77
602
257
130
53
275
394
7
13
198
202
680
636
90
131
62
208
80
39
80
42
2
290
20
8
262
210
215
153
17
311
147
171
272
146
1222
228
37
546
761
42
428
75
147
291
350
150
126
945
135
621
189
41
64
343
163
57
371
117
338
249
466
94
68
242
29
446
218
12
261
319
489
72
78
1352
92
270
216
411
165
69
412
344
102
103
226
10
259
219
88
734
546
110
404
74
216
3
512
43
41
673
89
112
205
273
226
58
178
98
19
175
21
215
436
68
438
1062
140
87
205
523
22
132
18
49
13
18
516
111
29
22
57
25
237
213
113
119
454
680
53
74
13
170
19
322
36
50
57
49
277
131
326
62
33
152
69
276
69
8
350
115
1640
219
138
74
21
32
5
553
33
100
77
44
56
180
4
4
160
337
188
105
30
6
44
139
294
9
166
283
17
84
176
31
830
57
164
110
207
108
201
82
350
25
359
374
3
57
365
45
25
198
17
2
24
110
59
11
125
63
412
17
221
4
429
55
287
172
4
120
30
347
547
89
151
14
265
30
129
741
691
370
31
159
262
158
340
600
455
539
576
344
35
206
5
540
422
2
52
248
114
126
19
167
16
75
18
145
573
9
121
14
71
5
30
336
186
208
30
263
141
274
32
206
80
128
343
318
44
81
137
13
81
207
269
234
225
21
154
19
88
202
132
211
42
108
346
1
249
6
218
264
520
236
51
5
60
230
124
35
515
227
458
97
47
57
8
18
335
48
32
277
356
17
349
244
124
70
31
8
7
141
249
289
132
165
160
183
322
134
13
108
198
25
885
291
149
203
213
130
10
274
101
322
46
200
123
9
107
147
60
43
145
809
75
131
635
272
250
86
290
42
125
333
82
73
153
211
250
62
855
120
100
97
837
442
63
207
16
79
335
159
158
15
16
123
49
95
191
49
148
180
556
42
49
111
158
138
150
347
39
226
31
110
86
102
359
4
322
166
20
14
441
113
187
198
182
6
443
320
38
163
2
1178
15
706
182
42
52
156
38
105
67
145
591
211
412
219
17
145
152
515
209
185
86
332
60
37
548
425
151
527
354
525
107
171
439
28
182
402
339
422
458
413
94
143
617
58
99
208
16
15
37
90
177
30
88
521
152
80
494
70
7
319
57
20
46
223
16
84
530
17
49
157
87
8
280
137
112
38
324
102
102
241
98
185
132
246
162
189
233
21
80
206
7
65
162
106
15
954
71
95
5
67
325
37
99
12
241
99
87
45
128
173
369
304
351
126
197
42
11
68
44
324
536
101
406
18
89
351
480
171
39
23
7
306
108
679
22
113
122
46
112
841
54
113
109
5
23
401
6
73
110
766
278
26
123
25
187
300
255
431
374
322
75
136
340
258
93
288
312
2
55
12
18
1
101
313
90
131
321
331
105
198
252
70
61
14
185
124
6
288
41
255
50
103
62
175
696
21
118
661
702
737
52
31
123
175
257
20
26
162
124
102
50
169
118
118
392
1
8
39
201
69
278
14
178
120
171
152
315
263
434
171
97
404
171
288
107
442
124
93
89
944
187
352
196
97
179
52
442
200
99
24
206
118
460
55
264
89
271
172
75
75
107
42
876
165
103
73
149
569
78
55
688
419
258
98
142
37
188
8
514
2
64
44
995
37
171
37
209
442
55
12
64
87
48
1
638
65
314
60
20
181
130
491
12
206
63
123
127
406
108
394
273
145
58
127
84
55
42
88
160
32
140
103
28
50
563
319
236
172
330
43
28
159
174
46
575
13
221
145
355
64
105
67
89
452
410
10
14
65
194
477
414
171
574
28
15
28
254
611
325
93
129
308
95
86
273
143
40
60
75
29
201
2
114
131
841
52
207
35
61
274
51
151
64
669
566
397
877
27
30
117
27
480
307
323
67
96
162
354
147
235
166
716
203
161
351
49
15
548
10
23
266
658
339
142
192
121
368
75
141
23
62
356
243
312
244
21
5
427
13
279
603
37
279
314
76
50
96
391
65
308
151
72
6
17
232
262
1099
145
631
65
625
337
197
66
337
595
36
198
134
518
316
123
223
360
40
117
401
39
90
90
131
439
141
56
96
20
178
228
257
747
172
215
102
356
50
156
581
223
14
116
68
113
268
262
21
43
24
403
46
111
139
66
301
241
91
148
293
371
278
112
79
1860
586
120
185
177
146
649
327
176
67
224
277
36
88
545
411
15
313
23
654
337
1227
280
136
4
123
355
425
4
402
206
158
21
70
266
14
86
120
133
77
214
209
166
514
259
170
8
375
216
108
71
137
9
151
148
34
853
24
579
26
32
21
176
88
26
328
238
1145
54
111
207
200
46
712
114
172
171
310
182
21
131
37
215
408
204
53
496
148
19
189
271
193
184
16
24
540
62
206
184
80
46
76
168
23
428
6
249
43
1
403
290
500
102
41
144
423
910
248
398
167
35
51
43
49
182
466
222
232
16
532
345
245
12
126
779
81
238
167
479
712
32
32
68
345
200
174
65
7
77
10
427
131
91
39
87
129
44
32
73
54
113
291
340
139
116
232
44
22
878
70
202
370
858
111
141
155
265
115
122
162
235
305
18
225
52
219
97
227
72
373
211
109
167
49
31
321
369
60
27
117
120
460
181
118
88
790
87
4
186
323
210
100
5
548
40
303
187
393
152
354
217
141
558
72
10
76
118
104
184
519
64
177
24
7
176
30
496
161
86
114
135
238
163
47
14
871
125
207
247
449
32
207
403
22
971
34
318
13
125
370
441
483
264
1245
87
74
136
1147
42
86
196
36
753
22
659
100
109
442
363
82
17
412
214
166
88
17
53
131
14
114
9
89
265
458
45
87
445
77
73
350
148
10
442
347
1097
798
280
8
151
14
306
30
192
406
183
273
103
86
218
947
126
91
22
476
1039
10
633
156
316
195
20
30
27
320
121
54
346
59
464
737
229
103
98
162
160
513
182
13
29
71
452
196
555
291
221
39
97
709
433
228
126
272
9
37
8
49
50
115
16
341
131
268
2
59
77
75
125
10
93
23
144
292
28
151
299
146
395
165
120
296
122
22
218
39
104
411
33
97
228
240
254
152
211
177
131
122
382
87
66
50
261
44
87
18
34
17
190
125
439
40
181
2
263
90
130
99
159
506
43
390
522
138
12
52
225
139
495
71
379
359
62
99
173
91
73
7
88
401
112
109
12
410
11
248
95
52
86
330
503
245
273
215
206
154
271
242
458
38
781
158
293
30
7
128
508
89
410
411
253
239
156
37
287
42
485
95
206
231
13
364
15
82
51
66
23
263
290
259
294
3
39
113
215
399
152
88
379
208
99
79
334
185
195
126
138
105
21
716
96
575
269
377
202
207
445
226
42
50
126
8
352
37
387
216
36
352
14
441
160
109
10
177
328
351
226
7
375
147
96
553
5
114
387
39
88
38
391
66
86
90
150
84
244
131
48
103
147
14
66
463
73
176
414
77
125
364
13
161
136
54
95
39
192
317
51
29
11
43
16
861
211
259
699
75
27
148
65
69
166
355
34
40
135
291
270
213
30
77
127
237
46
897
158
13
303
451
1
878
210
232
81
36
274
24
37
179
481
176
544
117
253
183
5
134
169
75
91
44
300
38
575
17
386
524
42
114
270
338
234
949
36
89
64
207
422
150
353
315
731
227
481
112
1
13
163
162
24
66
73
2
519
148
407
73
102
501
120
187
76
391
29
88
245
200
95
265
441
47
3
138
79
150
294
71
6
28
296
16
289
122
675
198
255
246
728
556
448
160
79
90
479
157
149
62
129
208
709
46
48
183
26
59
13
173
525
166
2
526
7
254
67
83
182
14
440
68
80
144
134
27
205
580
151
189
101
400
294
62
51
70
412
94
441
175
97
1102
204
47
264
334
10
26
144
32
69
320
284
8
87
151
109
222
17
16
298
4
195
66
772
13
33
250
136
108
108
693
172
219
1583
230
186
85
383
432
98
345
758
290
57
647
322
124
6
521
36
560
358
554
111
183
178
84
188
207
68
359
27
406
5
42
628
483
188
76
382
176
559
4
117
97
393
63
301
275
273
89
59
43
136
294
91
418
39
25
71
262
13
605
317
245
45
432
71
66
80
260
300
285
69
25
72
151
247
101
264
319
19
31
165
618
28
28
88
31
107
25
286
19
50
76
157
417
226
317
209
209
551
323
246
512
219
46
6
163
135
1070
122
878
227
40
30
346
251
369
208
98
13
327
99
73
287
229
360
268
26
227
133
85
46
800
15
161
93
20
528
68
139
562
17
220
51
19
425
388
340
677
357
171
859
86
107
113
64
8
129
197
67
3
28
36
137
530
197
21
337
79
35
1
193
77
18
33
151
47
151
177
182
294
383
206
30
206
480
883
541
174
189
362
4
903
269
91
290
149
136
728
137
32
251
125
81
118
68
254
137
178
219
2
329
271
927
134
165
70
320
704
150
263
269
205
64
151
78
233
167
398
26
168
2
148
116
450
247
367
395
198
24
2
254
182
316
179
413
769
102
200
369
362
109
27
240
64
18
61
260
81
8
62
75
53
9
32
4
908
110
60
75
21
125
620
641
66
139
56
127
634
431
244
210
145
173
192
220
563
177
156
208
704
513
62
47
69
94
110
754
485
262
215
137
77
264
208
141
127
124
368
21
53
85
65
221
103
165
67
38
340
1
116
192
269
161
192
69
7
426
130
236
70
134
52
186
120
43
2
75
7
324
279
106
171
46
364
44
90
147
110
18
10
214
272
5
57
380
70
101
259
152
34
96
53
32
93
41
194
46
238
40
77
58
164
106
264
720
178
93
265
45
155
190
272
638
662
17
171
83
136
237
180
98
5
22
71
275
246
24
517
54
15
286
29
25
13
119
109
62
120
39
77
575
92
76
831
109
80
403
61
27
192
243
357
186
88
283
152
523
17
197
112
364
50
156
285
76
66
46
77
305
14
114
99
229
391
20
345
204
303
69
79
512
72
67
190
114
35
21
115
495
158
69
37
216
613
388
578
86
121
255
17
77
320
340
232
562
40
42
64
75
855
22
58
6
100
204
15
49
33
250
917
155
97
6
30
118
315
429
477
76
9
92
77
293
256
363
109
369
255
43
78
52
81
482
859
83
637
78
73
99
291
9
202
48
19
19
77
5
778
206
82
463
254
409
200
25
203
383
62
22
18
6
533
63
491
33
621
83
67
50
101
134
37
89
67
582
96
18
209
81
130
1525
96
102
97
69
170
114
12
14
95
6
21
776
4
106
164
25
10
24
417
171
96
29
53
310
78
86
43
635
7
99
680
218
221
228
32
7
220
455
51
146
91
147
329
217
132
257
327
532
192
82
122
651
64
9
159
71
180
192
224
1
87
75
374
42
69
50
83
389
106
296
17
21
75
16
127
8
41
93
480
170
137
64
663
73
10
7
113
238
109
158
45
380
121
75
53
670
332
19
145
382
62
108
74
156
301
307
169
108
599
190
380
392
729
317
167
414
212
2
489
203
179
147
90
131
33
238
667
55
59
561
119
123
220
67
71
109
305
81
327
117
176
321
79
121
344
88
202
65
2
681
275
195
91
147
662
49
52
391
182
20
27
7
26
124
3
503
34
34
337
924
21
24
384
94
273
392
63
1
300
128
1
1
102
890
123
26
9
255
114
70
103
120
98
47
273
827
226
669
249
3
362
202
174
291
137
420
57
112
4
96
325
281
132
73
13
515
16
134
359
1
138
177
95
19
130
484
274
139
990
34
145
21
65
261
191
18
49
569
229
86
55
262
279
293
65
33
202
122
415
97
335
110
23
108
52
192
73
39
293
345
64
76
356
89
6
80
296
19
233
70
194
218
171
428
422
139
38
505
278
124
869
36
216
222
495
162
99
138
54
202
227
23
312
93
207
181
125
19
375
33
163
278
88
58
28
61
213
66
544
17
278
210
3
302
66
312
163
412
2
7
26
141
163
394
312
82
216
117
107
60
382
837
113
53
441
358
131
441
298
302
69
42
241
177
5
294
313
36
197
80
618
93
61
186
246
515
134
76
72
97
40
220
4
207
454
268
621
786
224
95
32
4
549
465
96
225
163
64
154
148
233
741
336
137
119
85
208
134
13
145
245
271
156
283
319
152
139
94
1140
23
52
537
463
88
156
744
69
36
191
4
16
544
65
663
444
57
516
260
25
18
221
54
268
235
263
161
385
98
286
83
40
124
25
88
99
137
270
58
210
30
227
81
42
342
445
153
48
71
105
87
16
181
111
395
732
56
125
224
17
73
36
489
98
33
324
8
38
134
30
218
102
157
233
28
402
545
2
5
146
38
18
104
238
54
109
423
250
59
496
82
173
246
37
133
50
24
45
714
9
259
73
56
43
33
12
503
80
97
14
394
63
53
190
226
95
168
247
405
704
112
267
86
226
95
44
151
1314
30
240
268
1
578
309
26
106
177
222
335
2
192
129
168
211
234
24
157
263
141
78
138
132
73
9
24
496
113
205
192
291
386
35
143
64
51
19
142
31
76
412
142
165
109
189
289
164
182
39
743
179
70
58
153
242
65
106
194
13
80
401
106
66
268
472
13
71
899
240
254
46
211
134
70
388
526
343
35
189
377
404
157
2
154
123
361
322
172
467
126
20
425
45
221
4
23
267
276
268
2
12
36
27
272
323
13
837
195
109
162
31
41
252
104
59
37
427
88
222
65
9
360
47
54
579
56
39
26
490
153
129
97
174
82
35
180
169
67
60
79
234
382
49
43
254
76
341
128
109
31
512
71
333
139
353
436
92
16
218
310
38
670
185
174
215
355
65
9
5
9
45
44
433
9
181
70
85
192
104
16
558
81
434
104
226
357
180
224
245
47
26
625
250
42
117
101
207
83
35
294
373
1
164
280
52
48
303
289
152
60
577
581
67
36
187
46
166
320
88
298
36
296
459
77
47
563
151
671
392
204
50
75
47
112
73
372
481
156
786
252
229
292
174
103
59
664
383
32
411
616
42
253
504
1038
15
107
317
162
192
304
182
186
176
9
270
37
191
221
19
72
28
24
222
65
225
21
201
34
23
149
126
121
99
93
25
44
109
194
18
610
227
223
25
47
20
38
157
225
454
290
437
391
407
276
364
142
337
8
36
57
172
131
229
9
128
578
391
311
122
36
32
215
476
333
208
141
76
287
41
971
296
4
106
225
171
65
1242
302
320
168
163
384
40
1066
78
13
36
1230
54
66
106
24
154
305
250
251
98
216
150
254
242
282
17
216
252
73
80
41
113
1099
208
94
138
226
166
450
213
116
107
113
70
64
53
95
61
7
260
57
141
495
264
312
185
44
425
60
369
102
556
328
430
219
183
136
203
145
18
377
112
247
101
134
11
125
171
249
331
247
318
188
29
193
210
167
396
30
121
263
312
237
524
77
171
431
25
71
181
59
343
92
377
857
136
280
137
203
355
255
28
244
877
86
95
47
253
132
515
1003
69
82
152
6
155
274
43
84
403
144
635
432
169
337
180
906
76
35
174
227
22
369
205
143
178
91
75
47
20
343
242
304
24
227
2
81
265
592
434
80
280
44
68
131
381
98
334
6
230
849
54
166
46
92
55
46
22
435
750
58
210
240
172
22
380
244
27
198
43
203
67
251
436
289
22
48
456
28
26
1102
206
376
86
90
229
110
64
126
58
138
97
11
847
19
102
35
216
243
288
7
77
92
131
763
184
654
472
86
218
522
183
102
122
246
308
55
314
823
173
165
788
26
143
111
107
317
134
271
485
75
293
284
50
151
7
41
119
438
34
56
344
146
328
78
186
411
95
119
144
409
119
88
120
5
73
64
650
129
200
55
44
142
621
23
273
92
693
984
44
785
68
88
287
129
287
119
312
954
500
85
155
273
206
73
8
335
232
182
97
198
18
197
78
190
23
130
116
666
316
215
361
5
242
52
182
50
635
11
526
13
41
94
68
24
103
123
84
120
155
136
33
180
172
131
77
70
780
90
176
57
128
6
171
31
292
141
34
3
88
3
35
108
469
16
436
76
109
125
41
53
251
31
119
163
71
707
114
164
69
85
37
887
116
155
364
328
347
492
776
672
96
309
360
270
313
16
44
163
415
162
181
318
8
358
41
158
487
390
28
286
265
24
471
324
184
53
64
357
40
69
84
5
529
115
153
12
145
23
304
407
103
167
355
29
73
547
793
115
161
137
20
182
666
112
51
32
81
262
271
95
23
160
52
866
93
190
11
267
256
894
542
29
24
511
92
171
63
503
42
569
339
360
52
24
190
36
65
79
129
61
80
574
382
248
82
135
155
165
100
136
5
201
218
16
172
206
445
312
218
86
405
197
299
108
211
229
64
66
523
132
83
203
82
95
200
427
20
4
266
27
319
95
1173
10
238
60
373
84
77
320
41
415
323
440
680
95
247
9
144
354
289
188
245
63
66
397
197
62
204
447
266
262
248
315
44
82
130
22
114
51
302
643
140
58
134
798
101
120
631
62
400
656
20
156
347
36
464
557
846
35
361
68
300
105
325
133
30
233
38
385
78
20
193
788
57
78
33
1033
156
616
39
286
356
507
560
614
106
495
36
131
356
609
60
49
170
305
646
156
75
101
220
193
672
83
104
479
6
5
257
397
84
334
90
70
432
8
9
92
211
252
53
244
59
28
47
152
71
13
69
99
37
372
164
83
67
601
511
30
108
97
401
91
49
152
262
671
125
276
406
33
46
87
144
40
73
63
241
557
184
13
25
330
30
142
39
321
217
144
40
102
606
152
610
27
9
50
251
51
786
169
181
143
42
44
190
337
3
9
127
787
183
39
843
492
187
615
160
200
658
45
101
302
32
229
17
189
38
172
693
389
332
26
26
138
45
52
93
389
95
48
696
10
417
105
214
38
574
379
118
74
144
302
4
239
132
33
12
28
110
443
91
1
71
24
14
2
71
3
356
469
89
206
94
92
133
84
24
98
130
607
82
33
23
192
241
507
103
84
110
360
18
11
963
30
287
87
290
308
3
243
63
452
434
67
170
5
593
36
161
248
141
24
109
78
2
220
80
166
79
282
110
260
480
156
36
18
133
263
65
106
86
13
38
25
399
40
39
520
60
211
101
202
71
64
189
346
605
131
1113
16
204
841
5
209
28
113
102
2
254
57
93
75
290
113
58
42
36
130
145
373
412
38
65
1196
19
130
157
141
30
46
5
61
238
254
508
66
114
99
121
109
232
827
156
287
46
280
112
18
193
104
201
98
256
237
12
795
19
387
168
13
55
170
591
61
339
266
146
34
870
226
69
37
172
26
1
412
14
167
376
25
9
70
72
1
45
298
331
24
129
201
284
6
101
504
148
164
71
486
562
207
110
33
20
122
159
539
229
186
52
953
420
592
47
165
1
807
39
167
350
59
96
29
465
311
48
38
253
841
101
49
7
671
362
60
62
346
263
307
52
286
6
284
21
173
389
261
558
127
837
334
194
197
515
289
143
166
290
372
260
251
83
247
89
40
323
9
112
33
50
30
3
844
67
40
76
86
247
103
8
119
112
385
515
303
42
8
329
111
186
12
666
62
81
159
45
42
88
30
110
221
17
158
26
295
64
37
157
618
118
67
542
267
302
197
232
193
49
162
269
66
271
142
12
137
153
818
163
268
1421
301
74
599
85
215
89
120
272
51
5
111
249
37
973
2
301
212
16
97
6
3
722
439
217
140
384
190
18
89
33
111
252
309
90
481
4
49
57
45
486
118
49
30
29
604
69
304
201
13
132
219
192
43
444
376
76
550
110
36
19
23
108
229
580
174
18
330
15
12
7
9
126
149
316
337
71
191
198
105
6
163
143
100
537
833
182
184
26
70
10
9
192
290
144
310
184
38
41
57
117
23
225
367
165
275
212
146
289
54
146
19
22
121
803
369
462
90
479
115
720
217
53
133
249
619
77
403
14
36
185
39
9
99
387
73
344
902
481
213
12
846
44
404
132
211
580
200
108
101
93
132
52
249
243
15
97
101
110
430
42
281
134
423
278
6
719
891
83
259
450
776
219
29
193
203
56
210
216
259
83
58
54
251
246
250
103
255
190
457
31
210
68
270
49
1387
106
51
32
68
223
5
35
177
13
7
122
27
565
153
188
112
140
40
133
601
251
152
135
245
85
93
142
343
34
142
94
143
364
68
47
116
384
154
129
491
224
30
21
487
183
901
136
100
243
155
336
384
2
194
84
202
139
333
63
441
9
7
297
267
340
192
254
152
97
149
355
275
470
1180
217
108
248
70
52
188
249
296
203
525
351
7
166
125
653
75
458
46
226
450
116
84
22
242
601
134
52
359
114
48
27
58
684
454
53
76
603
108
62
108
19
148
405
106
684
136
176
14
175
572
59
60
196
82
107
28
453
18
343
469
248
298
221
201
168
126
179
148
5
138
14
23
4
358
73
1026
179
90
43
86
52
31
114
431
310
15
116
172
63
529
15
296
73
59
375
716
260
15
232
700
3
418
316
169
1
447
297
191
233
12
171
153
124
220
86
28
192
57
366
342
137
134
86
14
18
332
545
42
113
143
433
75
254
509
19
195
79
177
98
240
263
472
136
20
197
55
184
570
3
469
56
257
261
12
139
1
28
559
40
71
97
109
5
316
33
86
166
40
1099
201
252
61
107
177
226
180
308
109
60
401
22
111
57
58
360
310
360
105
270
135
312
105
2
67
102
59
157
47
321
59
274
187
334
507
209
25
347
229
256
188
393
8
51
155
107
121
103
221
29
232
116
210
608
258
118
111
309
28
84
471
85
557
4
492
42
426
165
385
184
24
550
12
106
41
534
77
66
132
264
152
206
369
678
610
339
157
163
3
113
118
50
41
254
114
748
338
347
573
140
141
207
260
209
388
98
200
2
39
86
173
383
12
17
128
65
65
140
59
497
14
8
341
12
28
106
6
142
105
39
140
8
25
164
125
318
560
262
71
120
420
19
16
141
287
203
293
160
365
21
83
351
116
307
127
696
38
409
21
48
200
35
158
630
18
492
88
8
19
389
238
129
148
557
105
34
3
659
145
39
47
218
96
73
355
78
45
65
19
150
28
106
65
38
212
61
31
60
149
273
508
209
528
144
162
75
20
736
5
41
20
299
68
51
10
17
310
290
110
148
1358
298
233
31
735
13
1
39
93
20
43
4
480
120
239
50
295
176
278
409
368
446
128
39
81
294
22
189
239
240
26
127
91
718
115
37
45
36
91
30
43
468
220
217
90
19
69
125
72
22
19
123
91
33
49
114
542
63
106
15
314
39
450
21
1017
121
29
656
62
64
21
339
94
30
89
49
113
374
183
84
198
41
501
16
80
133
136
336
8
212
503
85
33
251
508
190
8
145
198
258
83
209
36
18
6
48
287
534
25
132
22
35
169
23
29
296
79
454
10
330
503
347
228
11
232
75
777
111
796
112
407
92
111
6
24
10
189
142
129
296
61
50
410
117
70
28
257
80
298
385
54
27
48
210
353
145
37
112
117
40
223
111
448
149
93
188
18
3
499
97
41
113
158
281
172
564
74
127
300
54
608
70
925
233
428
699
185
305
46
849
63
260
68
253
360
159
410
14
343
148
20
36
220
75
140
58
131
194
127
77
129
245
712
193
382
207
57
180
80
195
55
98
5
32
88
130
500
143
124
155
211
80
195
29
325
157
141
82
114
218
700
362
18
222
314
242
586
90
648
69
113
146
170
137
385
261
269
377
125
45
149
201
140
106
82
165
164
684
291
24
443
129
88
33
790
298
49
440
1239
107
6
337
109
224
84
208
142
865
214
566
434
27
67
112
452
607
105
223
1103
33
87
33
444
226
141
88
194
99
438
914
78
189
317
414
474
3
150
207
79
212
217
364
236
144
328
127
566
93
87
218
64
92
35
134
15
23
212
147
163
184
72
67
353
696
589
33
181
39
636
285
55
226
213
178
132
75
1
292
86
69
7
243
202
198
568
199
218
351
92
224
116
49
309
148
5
261
148
72
67
149
73
265
301
52
425
47
619
41
201
331
107
167
213
521
113
209
69
161
135
25
166
344
2
281
148
502
1105
86
444
554
388
30
16
301
13
234
522
234
452
144
70
158
7
60
292
115
20
397
202
240
688
126
140
545
22
125
151
36
119
139
302
212
73
330
199
169
322
223
258
829
42
104
112
102
239
215
61
75
34
114
61
816
24
183
312
614
211
72
225
105
214
18
58
1
241
12
38
59
74
1306
159
4
331
225
79
59
133
62
93
176
56
53
69
309
148
118
92
310
225
612
220
65
141
48
247
147
50
26
269
120
133
251
4
231
352
404
24
129
16
332
228
64
15
390
232
642
103
35
151
76
69
337
12
401
125
49
479
234
27
587
52
56
351
17
20
372
105
55
288
428
263
52
23
88
122
194
61
344
157
24
483
95
250
1
55
264
183
211
585
779
300
49
91
41
111
174
18
80
330
292
21
300
78
230
521
299
72
161
222
35
80
448
134
319
56
89
122
476
169
67
61
347
198
75
262
70
644
483
205
560
96
33
304
507
72
162
273
121
188
104
105
53
273
76
176
87
65
114
313
444
201
23
201
194
51
86
270
15
248
961
282
117
167
321
76
159
255
116
145
65
127
208
341
284
90
104
399
322
75
140
38
210
201
78
43
271
47
34
216
125
159
651
290
172
475
379
10
90
51
34
156
20
15
126
18
560
86
104
83
390
535
165
93
194
3
90
104
149
75
66
182
478
547
39
88
10
8
34
39
150
11
270
124
263
238
296
56
115
125
310
89
50
336
76
1758
246
326
404
19
66
91
832
139
72
537
47
157
149
227
67
267
235
6
119
61
794
253
42
34
96
14
53
196
156
264
46
147
68
204
245
104
65
68
60
37
2
42
386
245
214
212
149
187
624
178
278
65
185
186
13
157
92
22
208
38
120
163
92
54
44
269
633
375
292
20
328
53
395
617
28
161
12
419
442
144
463
274
84
38
80
508
120
699
129
25
32
100
158
56
227
68
278
507
521
62
651
449
10
40
37
14
59
30
72
88
23
5
170
25
28
712
379
78
31
361
54
57
16
2
100
381
256
222
261
180
28
377
9
446
27
83
239
630
234
403
575
43
193
159
133
467
57
8
365
162
200
99
214
50
1097
21
148
149
328
49
96
285
75
28
36
98
458
413
235
214
22
131
139
172
179
85
193
483
9
14
531
126
32
257
48
90
229
15
116
142
605
184
111
4
110
835
116
287
589
323
391
305
94
14
123
324
478
144
112
152
17
24
260
953
192
295
380
178
29
232
191
30
468
86
9
165
207
202
646
142
169
755
96
160
191
11
64
58
38
972
358
280
32
169
324
36
244
76
783
107
164
11
134
363
27
345
448
38
93
207
310
45
302
22
463
295
33
50
93
102
245
171
51
35
57
38
240
23
306
718
133
565
103
190
127
30
313
53
22
52
49
507
575
142
76
258
155
371
149
230
31
340
158
437
123
511
187
1194
522
8
595
49
251
408
75
35
550
211
327
199
59
243
3
252
111
45
197
52
419
290
138
478
611
37
120
105
395
337
220
128
666
62
3
87
134
137
34
350
54
19
307
483
109
36
336
197
44
29
440
375
698
27
11
241
29
47
462
120
53
44
19
91
61
46
143
153
20
240
7
20
228
60
14
340
27
295
435
177
41
62
1011
214
83
23
99
47
749
313
19
39
356
6
276
304
53
87
234
288
68
662
57
302
162
12
244
534
91
65
256
435
71
203
160
173
738
134
517
527
284
395
542
182
101
390
275
40
62
71
147
421
70
91
79
11
25
127
129
228
190
6
6
33
103
99
439
93
83
203
71
239
250
122
14
163
27
355
103
90
249
262
234
167
330
168
4
110
173
179
405
82
326
685
261
85
82
287
12
209
89
148
91
237
10
248
363
277
233
230
58
125
456
114
186
88
979
361
69
271
30
182
21
3
84
199
711
310
473
16
339
388
113
240
45
119
541
378
78
251
52
276
9
724
24
66
101
193
131
5
79
47
601
286
20
224
21
31
26
30
445
283
214
69
110
78
21
347
146
43
73
354
87
605
282
257
193
54
462
171
93
173
150
90
32
120
141
25
109
52
285
100
8
77
305
20
219
29
169
8
480
34
71
78
30
335
174
432
206
92
233
66
53
158
145
18
341
27
241
825
25
46
232
463
11
93
24
55
680
129
86
206
43
56
150
59
27
118
528
744
97
354
8
204
22
164
29
189
7
83
290
297
126
778
517
87
196
193
70
165
182
67
97
156
107
12
566
158
83
161
113
390
2
409
591
103
136
382
116
142
352
270
141
339
50
12
249
302
103
384
228
260
71
17
368
756
179
71
46
585
58
115
534
266
214
362
31
35
93
57
247
236
45
16
118
69
181
155
142
163
1
698
87
57
66
863
24
155
251
274
237
12
345
1066
139
34
111
36
12
85
41
35
118
111
27
38
352
48
66
23
838
105
5
600
24
132
50
256
322
34
268
68
147
79
127
250
111
3
100
96
380
56
377
186
88
74
156
680
191
121
110
12
9
100
3
413
127
201
61
179
264
22
177
464
139
6
17
224
46
157
182
24
101
695
270
41
96
68
89
131
134
255
212
61
315
514
138
482
219
271
6
137
602
1
34
213
39
74
3
160
169
79
11
18
69
137
251
22
223
213
121
352
369
166
13
43
168
278
747
80
209
240
184
542
254
333
72
250
326
28
22
191
123
67
265
21
373
198
19
32
183
10
223
51
321
97
48
494
507
693
486
132
20
54
153
1002
146
367
391
81
90
76
201
260
7
231
180
14
20
5
208
244
282
116
356
680
44
107
29
20
195
4
267
352
101
527
376
89
10
269
197
401
158
150
95
86
221
31
158
911
308
40
210
284
595
34
251
124
176
273
78
785
215
229
380
486
215
44
7
74
51
140
94
282
295
63
167
149
689
186
130
635
100
116
346
425
47
394
16
44
56
72
273
110
55
18
196
94
252
73
11
246
42
125
364
157
38
447
456
465
277
95
56
36
21
842
89
55
303
166
199
282
35
381
368
392
313
240
101
597
24
89
82
6
71
74
257
393
183
179
159
255
10
21
217
421
336
376
507
181
28
194
16
346
11
3
145
80
635
83
129
125
25
74
297
78
26
13
245
114
195
102
33
331
24
283
151
133
36
456
205
73
565
257
14
37
85
57
31
122
187
35
29
370
248
601
267
57
123
19
112
17
154
44
345
181
111
229
186
120
136
385
26
76
26
498
54
216
43
385
165
125
340
220
194
21
184
513
13
9
77
23
139
254
85
247
29
20
223
158
192
82
397
65
111
38
305
176
38
60
122
776
18
38
444
243
32
83
47
247
9
162
543
38
141
88
301
141
28
518
291
91
62
318
12
168
20
2
65
122
118
4
262
191
137
903
87
123
454
294
227
200
125
48
281
227
1015
19
66
1206
79
69
364
140
49
175
172
756
29
164
34
183
179
19
76
179
9
499
543
127
4
232
401
397
164
10
120
95
132
25
4
117
247
991
54
218
22
155
204
182
5
31
44
114
23
247
54
178
115
162
183
187
203
131
87
108
8
224
470
87
123
258
409
547
260
111
148
453
153
185
41
90
243
229
104
254
127
49
54
28
406
20
147
20
361
201
114
32
18
75
52
7
95
72
118
110
72
173
135
180
17
326
409
10
177
230
863
163
25
8
302
170
1022
76
20
137
225
259
28
283
83
292
272
45
219
76
13
234
345
6
30
134
66
63
15
66
162
59
97
100
121
243
9
29
552
185
554
253
40
112
38
315
505
117
1017
682
250
84
285
92
32
628
238
218
210
48
426
150
639
21
56
5
399
346
518
393
68
520
424
3
85
141
3
205
107
82
273
323
432
10
71
538
185
28
183
156
219
601
25
21
193
139
116
171
236
24
10
211
24
382
723
765
29
342
356
152
413
7
725
141
143
40
33
241
847
484
144
442
297
438
72
31
344
87
14
152
59
92
273
57
540
156
134
161
131
77
145
158
343
254
429
53
441
184
146
357
165
60
76
344
101
149
238
219
78
28
111
250
354
138
15
53
281
273
492
4
67
11
224
183
57
38
442
129
69
58
75
82
12
254
22
310
484
121
61
140
86
481
11
68
226
134
327
6
9
335
637
1184
108
35
202
122
188
286
201
15
602
37
37
13
230
117
44
179
228
90
237
85
180
90
234
287
3
112
115
491
265
231
159
126
250
420
120
258
364
120
694
45
16
132
115
239
23
36
28
92
5
7
101
251
50
273
73
926
7
136
39
1
54
455
352
270
825
152
429
387
81
324
710
99
367
112
43
307
125
48
216
190
52
83
137
922
391
488
17
38
443
628
613
57
107
173
36
128
1
157
109
31
616
666
545
142
98
77
50
243
91
145
283
32
166
57
357
98
190
77
109
369
253
42
110
122
194
120
29
221
148
112
61
258
9
231
93
291
353
169
7
226
440
181
191
33
58
346
730
655
10
1
587
442
187
210
585
64
217
351
156
222
57
318
82
176
102
72
3
257
57
234
385
297
174
165
206
30
136
50
46
196
46
183
139
157
197
445
191
43
341
195
106
38
393
86
66
158
70
278
328
65
233
66
201
471
121
26
128
696
122
235
146
25
177
84
31
94
331
167
53
155
366
82
737
45
4
431
123
66
127
163
514
224
39
7
7
352
900
173
603
382
64
172
202
8
38
12
32
70
35
106
78
138
570
15
239
29
82
70
573
73
30
370
279
139
235
270
115
31
31
346
32
81
11
76
1941
334
104
34
3
169
206
62
28
19
336
144
58
238
104
163
154
685
730
78
453
231
43
67
592
68
81
85
85
73
397
115
290
260
44
211
121
321
46
12
190
39
188
587
152
595
302
282
282
130
28
72
41
142
187
205
98
162
120
52
10
1
276
168
330
469
523
33
105
533
282
328
122
126
598
59
212
72
895
13
357
417
48
231
213
176
347
424
70
15
382
31
824
2
254
112
256
74
120
386
5
59
37
202
12
146
535
478
594
141
150
268
257
11
77
686
171
421
246
36
527
337
91
90
20
57
280
348
342
279
18
161
227
105
70
280
151
255
24
721
704
212
390
32
21
267
925
55
110
238
19
281
62
184
68
276
152
782
323
220
29
435
192
201
637
92
570
125
252
77
150
23
134
42
107
267
87
142
60
41
457
233
290
1196
1
20
96
285
232
347
300
621
108
48
72
16
225
121
464
36
38
100
221
169
135
443
181
12
180
307
187
17
513
376
142
84
162
316
417
118
33
262
168
305
29
14
407
121
386
81
514
86
36
408
142
45
42
440
295
277
210
354
1
317
201
144
11
79
11
12
131
119
274
1481
6
82
130
205
143
543
274
4
261
185
237
150
132
119
1
212
67
158
15
277
405
317
97
91
22
174
88
15
90
2
141
64
767
450
88
639
438
66
335
387
2
185
127
715
136
84
173
1100
114
65
26
138
22
30
278
112
83
358
6
418
35
612
230
155
49
362
98
454
29
375
270
159
110
27
510
221
499
143
309
17
141
391
307
403
16
130
150
16
102
469
89
87
805
251
279
27
136
198
511
38
380
175
114
30
180
8
45
500
182
40
244
102
268
75
293
137
191
13
260
3
451
246
90
51
105
74
105
243
158
356
5
83
22
7
2
1
27
70
38
401
368
37
202
325
86
272
137
403
6
255
174
72
106
58
285
12
131
87
163
70
15
22
128
328
114
79
336
416
172
634
110
140
114
418
22
132
145
88
22
73
19
453
154
83
137
200
1
63
251
9
81
60
263
44
292
344
374
45
103
351
133
38
60
217
193
76
362
694
100
119
122
808
7
190
62
410
220
11
58
23
20
43
17
71
37
585
29
129
338
769
162
65
87
40
245
4
25
17
324
30
21
105
28
483
172
136
212
846
106
316
100
226
15
42
93
126
778
71
140
243
68
172
63
744
209
77
141
21
25
91
39
49
258
255
110
586
447
277
329
24
41
56
6
506
166
4
869
33
273
66
154
68
225
142
282
8
339
3
26
62
62
603
86
283
79
658
87
314
200
43
11
6
106
421
131
196
669
62
545
20
1
3
187
370
389
413
122
458
62
312
261
259
236
50
554
226
524
331
210
941
479
50
533
380
133
62
306
109
29
23
115
91
61
258
333
371
42
95
4
89
92
62
53
153
943
30
299
51
150
5
299
540
74
358
47
9
292
15
242
300
99
75
547
102
1
254
651
182
132
74
76
159
129
33
57
177
50
66
487
1016
18
124
455
378
432
193
395
106
179
11
247
4
154
55
20
617
225
104
179
60
7
162
116
579
463
58
23
195
486
322
194
525
155
17
477
338
35
285
20
23
59
12
1
73
359
382
308
32
237
67
593
345
179
182
239
94
533
125
417
51
13
121
98
74
306
525
109
279
26
7
78
194
5
7
139
207
4
238
25
114
119
577
1
29
98
142
193
1102
337
301
78
345
31
177
506
285
236
31
282
110
54
334
42
315
31
5
355
426
68
499
101
187
67
17
119
418
24
630
601
79
299
67
554
231
18
31
32
59
23
613
691
114
111
13
156
327
329
33
86
249
76
59
37
335
153
126
231
174
526
46
215
48
1
35
551
531
71
213
48
23
349
238
347
54
19
81
123
40
45
211
27
224
56
8
40
154
133
785
369
192
127
23
518
390
214
225
58
145
211
59
132
714
200
310
327
27
20
309
55
313
123
366
588
32
224
43
107
188
101
179
287
46
360
24
34
320
400
45
149
56
135
216
153
387
63
274
25
55
299
36
98
374
241
29
80
87
233
56
11
46
139
90
2
103
181
61
701
504
256
44
28
282
197
42
39
22
120
40
230
164
547
330
205
467
1
7
136
89
353
70
143
361
957
118
402
25
307
43
48
120
70
49
33
160
83
280
110
102
393
312
31
484
374
209
582
398
108
32
98
18
24
12
109
92
9
20
81
19
489
30
548
658
192
482
101
623
95
386
146
303
32
94
390
680
58
49
128
696
633
37
224
66
5
358
197
2
304
211
28
497
621
496
111
94
234
4
98
33
637
179
494
195
528
347
474
55
88
197
188
332
192
430
270
157
142
145
44
71
77
161
235
7
88
600
38
559
133
95
91
35
293
213
70
209
320
27
18
18
364
183
637
76
86
40
232
78
998
180
109
29
256
80
40
254
5
58
448
62
582
490
71
368
661
80
159
498
75
86
490
243
380
116
86
287
16
6
82
456
92
32
319
278
8
187
126
20
85
110
150
71
761
213
393
477
37
136
315
368
1029
223
196
31
2
11
347
292
238
139
51
104
823
379
11
262
64
23
33
28
38
216
50
80
124
251
121
488
127
192
89
38
84
89
38
67
99
530
207
70
14
288
191
341
225
740
28
1061
106
201
156
199
337
288
86
990
55
73
44
58
114
295
322
1803
340
293
52
406
162
36
70
211
4
15
131
615
265
98
42
335
101
22
223
59
15
25
141
63
28
263
512
36
19
190
432
294
385
88
41
127
149
116
126
133
88
300
147
129
518
154
189
316
32
141
70
138
42
237
136
129
494
100
43
263
554
102
185
62
382
217
33
140
311
7
19
315
369
79
32
434
132
130
920
448
159
562
417
242
457
17
85
66
86
299
64
431
571
702
36
187
40
81
622
54
74
333
70
483
49
59
138
154
23
387
32
106
121
180
186
11
101
113
73
236
34
127
36
100
157
298
901
63
40
22
33
297
142
56
116
147
41
44
109
194
701
474
26
849
232
274
100
173
83
146
365
14
4
34
171
413
205
371
261
14
35
316
1086
15
69
97
21
208
110
425
134
39
249
125
34
187
8
295
391
33
396
235
200
21
184
186
546
306
191
329
57
35
99
81
132
490
4
440
14
214
169
27
913
17
116
602
266
186
64
30
87
136
167
463
178
353
151
230
101
111
72
435
195
9
26
265
74
595
150
1
87
62
56
369
548
12
260
99
159
210
24
107
537
34
146
235
353
207
103
88
344
580
4
457
35
167
164
23
465
214
26
166
43
152
4
9
11
227
197
99
140
287
61
57
97
160
60
44
237
63
305
222
322
82
155
59
96
499
452
211
103
90
169
2
7
379
119
346
307
88
208
36
263
72
98
99
47
506
312
32
272
303
46
302
204
111
25
616
4
200
65
220
220
54
25
89
159
682
11
97
71
84
297
141
175
708
26
233
195
90
179
403
280
178
38
515
90
449
127
183
8
176
348
157
66
68
127
55
193
707
75
2
130
268
123
334
196
347
14
16
168
325
186
65
257
123
34
116
248
62
302
95
188
1099
197
290
152
95
333
402
87
70
234
18
511
134
195
15
204
57
320
178
239
6
57
428
403
135
181
284
32
465
244
16
28
113
269
479
118
47
306
9
16
246
187
19
625
95
212
403
202
799
392
85
99
217
100
316
194
28
459
102
380
3
93
16
49
319
43
209
280
78
141
39
82
82
122
176
193
8
106
93
358
23
286
169
269
37
102
247
201
38
119
792
256
211
91
84
241
85
721
275
479
23
165
60
435
202
184
56
220
560
50
89
226
9
772
169
163
384
17
502
305
274
176
49
96
251
279
119
200
223
11
14
18
318
1
426
252
108
94
339
174
105
424
41
349
163
666
282
95
419
259
75
34
81
197
471
35
558
13
160
66
252
90
162
39
126
88
52
5
353
15
35
161
183
212
333
35
287
29
196
120
54
20
92
13
282
389
595
25
483
69
103
30
286
320
61
309
8
187
16
51
92
639
49
138
147
64
310
303
25
407
293
274
294
105
35
6
40
151
83
5
12
484
87
484
114
54
80
58
63
50
313
621
402
66
5
11
5
554
60
1640
106
151
421
599
37
90
88
326
25
398
36
95
210
386
84
150
242
143
884
189
295
26
85
17
143
55
253
169
318
78
656
89
316
114
264
128
603
26
50
88
106
11
181
97
325
151
468
28
428
113
169
203
1086
244
69
218
346
2
148
25
96
168
53
187
277
419
47
115
139
75
185
397
63
58
490
780
129
329
38
17
201
297
136
336
54
370
309
2
224
263
284
133
34
65
868
256
23
25
64
234
6
9
622
264
52
178
133
334
127
7
394
680
622
67
64
85
200
403
170
195
65
148
365
41
84
151
280
447
9
98
828
314
183
414
78
176
39
36
290
57
114
3
70
178
44
223
148
33
36
174
919
54
41
123
64
116
3
411
205
153
15
422
141
6
24
378
83
61
81
8
76
93
384
7
95
678
9
195
558
421
214
60
722
324
71
180
216
45
17
77
89
63
12
289
17
101
76
128
53
346
65
58
301
974
14
362
190
83
149
310
78
427
306
202
10
134
400
573
239
27
71
86
46
617
44
39
13
193
327
256
355
157
517
320
455
201
57
208
22
36
5
309
167
56
12
522
83
229
127
137
38
185
61
503
16
211
10
50
412
28
3
8
160
511
153
213
143
155
110
32
154
25
61
47
208
284
354
332
161
882
10
47
683
266
110
119
122
209
138
702
12
19
49
82
103
225
246
287
158
220
120
135
45
20
71
188
209
580
74
113
1
54
401
1314
13
84
13
350
112
119
307
126
53
94
157
1129
962
267
100
6
5
241
9
72
683
48
157
145
269
8
154
105
181
124
160
292
146
668
74
106
224
299
134
254
25
172
619
409
147
60
422
80
14
8
279
226
76
320
276
109
42
932
102
344
342
538
13
94
142
393
31
6
121
170
152
246
151
3
62
65
299
190
325
144
424
319
737
39
74
105
2
313
87
130
200
52
291
28
245
211
68
2
95
741
203
1619
41
96
92
247
28
1
32
100
31
100
295
338
603
348
187
332
290
12
229
433
331
210
26
280
29
101
46
21
226
4
227
115
11
213
204
109
8
73
192
103
50
282
30
209
289
27
126
1018
320
195
259
80
87
172
35
256
83
95
244
161
158
97
198
132
20
107
113
191
83
482
281
224
241
87
128
168
84
10
262
37
54
386
27
202
148
697
280
38
215
81
80
139
82
302
28
613
187
145
546
132
50
3
263
121
180
470
89
169
122
5
369
283
160
20
191
87
112
60
92
123
298
682
249
318
55
94
110
434
54
304
113
524
242
64
74
46
58
22
131
91
253
639
363
105
160
207
5
274
4
82
12
35
249
624
171
3
69
330
83
153
659
1
69
173
218
344
365
192
93
187
186
97
179
53
84
831
102
309
62
324
20
169
130
14
366
571
270
114
93
42
72
93
26
553
841
301
342
61
64
177
1116
9
185
298
94
226
175
169
182
287
91
51
67
318
414
44
408
155
27
15
47
20
82
19
97
77
17
178
262
218
34
55
143
2
114
105
50
190
93
125
908
309
112
114
16
77
18
296
393
79
261
213
92
168
10
185
290
371
51
317
321
165
192
495
204
14
33
399
23
338
26
42
290
9
213
170
320
477
158
58
47
382
216
198
61
27
208
8
199
40
38
453
65
669
101
39
122
278
474
122
425
154
358
131
123
226
85
140
191
328
67
71
217
203
24
34
31
276
539
269
229
632
288
24
58
86
330
316
96
168
559
46
48
135
23
71
569
337
438
323
157
257
493
322
74
37
93
26
25
444
72
66
682
310
561
96
216
213
299
294
36
867
176
379
196
400
29
344
117
157
293
291
116
361
216
401
170
455
347
27
26
129
271
118
427
55
263
89
66
71
333
77
499
119
64
390
132
76
236
117
146
498
166
107
1
314
78
342
54
59
572
137
586
434
358
55
35
389
61
110
267
35
4
417
18
90
151
105
1029
670
38
299
17
675
584
131
305
247
74
46
108
199
72
62
50
833
279
429
426
33
277
219
137
179
20
20
122
22
685
102
48
105
154
213
96
230
228
108
36
38
190
306
172
98
165
43
110
21
63
344
127
181
142
463
402
105
81
368
37
5
72
119
8
242
88
28
3
7
197
102
94
52
345
154
147
387
131
286
397
4
272
250
237
206
563
218
1
462
195
48
238
112
81
448
45
96
311
128
496
584
266
76
138
105
27
219
103
82
477
35
247
4
30
116
218
248
160
45
470
350
117
146
400
189
630
312
69
116
179
38
95
79
12
301
120
240
69
178
249
20
315
74
665
343
1052
21
358
41
525
133
106
106
398
66
364
343
38
482
267
87
23
536
4
9
259
25
1066
165
240
566
68
93
38
364
131
200
126
2
1
107
288
45
48
85
164
58
28
65
13
277
330
10
66
230
334
530
800
94
270
507
74
175
76
93
40
22
589
27
68
243
75
258
360
283
352
315
308
100
175
39
327
146
193
537
206
170
15
322
33
78
30
40
227
176
76
63
8
38
470
115
310
552
58
106
4
66
204
98
103
445
104
221
225
32
28
429
79
636
122
112
213
118
131
45
661
56
34
46
16
358
263
39
453
231
207
261
67
191
393
52
384
33
29
439
8
67
31
56
11
112
684
164
2
579
473
76
476
15
11
70
237
184
212
108
28
30
222
484
235
78
160
433
42
314
211
532
88
72
72
340
30
305
599
470
345
273
102
81
380
321
166
192
106
239
267
248
186
247
371
34
102
233
191
101
8
213
42
392
41
66
21
446
134
8
20
33
319
133
306
149
259
95
175
51
344
15
451
14
5
6
6
197
212
247
321
62
200
322
77
247
37
6
407
49
190
116
113
576
263
151
262
199
13
706
90
28
196
98
429
710
234
554
111
124
323
23
240
127
320
141
605
132
10
14
310
1
187
117
83
477
145
608
279
390
741
711
131
79
187
6
72
94
138
143
176
289
65
77
274
121
608
62
87
33
219
208
419
562
35
255
154
199
28
162
47
438
41
827
415
289
212
20
179
240
538
7
102
187
191
139
50
28
23
321
27
213
585
256
1
41
164
38
19
221
215
379
70
405
1264
359
342
93
268
106
8
357
17
1
23
7
116
151
57
425
403
8
47
465
493
736
408
89
230
480
105
159
63
16
13
107
77
166
539
9
538
145
301
29
189
34
67
11
125
1
309
162
113
30
466
296
233
329
8
162
1
63
55
287
52
41
100
188
203
115
40
202
102
220
304
112
320
109
387
206
141
52
214
128
179
126
364
24
129
82
447
82
177
317
228
301
443
379
6
2
10
545
394
833
101
369
402
3
141
670
19
280
127
56
141
109
265
194
984
264
175
100
230
261
20
62
38
6
252
124
152
200
53
283
200
438
65
267
238
212
41
37
182
72
88
316
361
213
368
104
235
110
105
156
135
54
298
219
137
475
58
29
81
716
126
344
133
25
131
291
298
174
445
199
81
38
60
87
835
469
133
374
181
534
117
10
56
344
131
46
301
314
28
233
234
911
196
62
282
102
161
14
121
137
63
36
180
50
90
23
31
90
360
44
253
799
63
486
247
513
211
73
135
4
19
227
249
24
37
119
28
120
26
133
515
171
162
330
5
62
590
650
81
232
211
492
106
62
171
369
141
119
78
192
119
452
634
92
87
54
35
561
198
569
493
181
51
120
173
339
187
22
100
158
113
3
69
235
93
116
27
63
20
291
26
1
326
240
215
273
103
261
56
155
195
146
281
232
54
54
293
217
225
136
37
45
33
566
239
112
204
28
314
84
293
257
63
158
14
222
46
143
139
111
224
59
347
310
160
293
227
140
32
8
467
36
350
1011
13
156
109
56
184
550
153
522
231
198
176
158
16
6
246
19
28
196
67
77
69
82
76
168
27
72
77
387
74
336
7
244
162
86
180
131
810
110
104
190
351
61
130
149
5
596
92
192
191
23
144
40
109
245
31
152
829
32
137
56
57
24
153
357
436
94
577
240
391
27
163
245
7
414
605
50
118
179
132
648
28
22
97
144
629
110
54
345
145
4
130
160
112
232
38
183
32
19
323
226
206
156
52
52
729
40
185
179
48
14
117
239
229
81
146
45
932
707
424
79
336
93
215
84
457
33
436
565
64
115
17
106
21
32
278
517
40
93
196
336
159
128
263
27
29
685
28
85
605
328
123
205
349
26
6
105
11
15
246
146
8
358
69
25
78
96
165
59
2
20
321
67
4
392
526
59
40
215
7
66
191
87
118
20
82
218
36
275
196
989
286
242
14
35
157
51
289
210
40
103
221
132
142
190
149
59
243
352
94
147
194
156
21
1
107
255
742
385
57
177
238
111
61
178
354
290
152
100
49
82
52
61
50
26
255
203
79
214
346
71
21
30
447
452
403
27
5
66
50
4
9
93
233
378
150
993
202
127
160
136
337
305
105
121
160
15
1
105
3
6
32
357
175
166
117
79
258
8
8
58
98
616
500
282
93
248
637
119
202
164
133
190
7
73
150
76
104
406
147
43
151
71
196
80
481
77
119
6
347
11
73
353
203
517
349
196
381
111
13
45
354
315
340
13
239
42
134
459
91
143
4
131
34
92
74
100
1061
102
232
109
214
114
292
525
755
218
77
16
178
97
109
50
13
101
194
94
705
232
65
816
392
123
381
789
145
24
81
88
185
60
152
32
13
108
126
41
60
93
155
109
96
542
262
45
3
13
166
68
91
4
818
13
35
214
629
194
176
90
545
61
84
355
592
11
50
46
155
574
37
255
51
45
92
103
294
156
48
594
470
296
262
94
308
83
95
141
410
158
224
538
117
428
216
143
136
51
213
773
46
67
57
379
248
38
8
17
107
93
7
238
140
3
62
490
628
276
130
422
257
25
117
182
65
241
385
36
77
590
55
423
307
955
421
92
506
73
49
52
199
155
238
102
326
107
144
290
399
572
60
26
53
502
444
21
614
500
13
26
38
269
40
4
237
172
67
87
94
312
18
16
132
185
60
199
384
179
88
5
683
68
91
9
254
280
92
33
18
124
62
43
99
80
9
130
117
62
151
85
41
9
34
342
27
373
195
111
68
99
5
282
345
408
69
515
19
205
164
116
91
680
69
210
473
220
253
73
198
1
151
90
12
232
68
197
331
63
155
69
81
409
17
1032
16
137
92
144
381
343
138
191
183
321
331
53
58
506
122
146
589
123
8
439
69
171
234
201
419
179
182
45
340
74
121
272
128
233
295
6
21
276
166
70
224
8
81
32
157
131
366
23
42
3
214
417
308
298
480
580
291
58
54
185
35
45
101
717
369
233
150
34
149
22
129
14
170
128
49
16
137
588
326
5
54
290
351
273
5
169
365
201
2
105
262
105
91
62
144
196
26
124
138
11
106
300
70
135
95
198
218
36
109
33
195
44
14
156
363
97
20
125
251
268
52
543
46
1100
9
114
278
186
80
232
100
82
205
436
114
20
59
266
253
6
49
29
492
146
272
419
339
33
218
41
25
64
32
111
196
50
101
391
103
315
175
287
287
22
230
290
205
92
128
278
63
281
96
35
206
377
115
7
269
410
2
223
676
49
168
44
324
102
47
491
21
8
20
329
1
492
186
654
3
301
99
85
11
449
1
245
25
4
104
879
111
372
849
18
153
145
105
65
100
77
413
43
341
32
36
214
89
324
14
58
907
283
124
484
201
128
293
130
759
356
997
115
153
358
12
327
112
18
215
108
438
55
92
137
433
490
44
405
483
61
79
191
88
245
53
163
117
740
601
98
52
11
212
314
170
15
64
113
186
339
108
19
202
425
63
393
670
18
229
251
177
62
50
62
53
989
83
25
268
92
110
172
46
109
505
42
440
60
64
301
91
164
409
130
342
117
270
150
14
98
46
42
34
56
45
200
20
637
147
28
198
16
209
103
175
202
112
132
227
168
72
430
85
30
72
136
126
175
158
672
157
140
117
1
54
23
70
88
280
481
186
400
14
1071
232
115
100
96
465
55
751
203
41
1
154
84
17
286
121
115
9
390
20
21
37
178
68
51
30
72
93
27
143
75
367
137
42
129
1
70
36
278
219
171
87
187
63
549
228
196
135
185
39
23
282
316
59
20
186
115
579
160
118
369
59
38
181
105
103
151
28
863
27
6
126
633
342
100
48
208
216
32
32
33
134
363
494
43
214
97
84
13
155
105
348
66
586
399
333
8
36
356
341
9
317
314
597
358
46
62
97
38
226
24
339
194
26
98
72
390
113
10
134
421
79
99
239
195
311
153
335
35
475
355
131
3
64
137
150
250
246
88
33
40
131
4
281
3
320
76
834
78
259
100
415
29
75
55
180
4
17
9
295
2
217
44
382
106
284
72
121
175
29
3
48
73
494
18
11
332
376
103
97
19
306
117
40
157
20
486
100
176
46
674
241
71
10
336
6
260
154
19
354
447
422
329
192
33
499
58
204
603
42
205
59
200
558
548
514
70
390
176
76
108
212
185
122
47
66
314
113
108
885
126
182
167
523
147
286
69
147
38
71
381
79
58
240
98
195
83
129
10
101
212
521
166
1
692
269
97
37
121
370
466
180
279
157
863
396
35
95
63
371
52
212
100
93
218
37
289
88
354
8
497
18
262
29
13
504
322
21
556
23
85
96
174
508
858
71
4
391
584
158
180
24
143
38
510
5
153
121
31
282
74
219
140
448
210
41
449
39
160
488
124
22
52
142
333
202
524
83
838
232
79
236
271
200
358
35
61
168
266
232
409
153
100
60
397
100
125
227
7
197
99
110
1
267
17
6
517
136
11
772
230
246
607
175
37
334
260
297
241
460
88
85
60
137
110
160
150
269
116
162
106
51
48
243
19
44
22
20
51
85
164
97
95
425
249
79
66
34
118
3
945
137
242
59
181
155
118
29
138
233
15
20
510
4
199
223
244
61
255
45
706
30
89
164
324
282
242
96
128
57
616
250
90
113
74
173
28
212
56
111
55
177
13
518
117
32
678
20
76
70
166
41
105
480
19
87
34
129
54
158
20
305
576
168
142
93
495
350
18
522
73
243
232
95
83
4
331
375
64
170
375
63
136
51
270
315
21
122
24
302
386
635
127
155
345
21
177
172
137
382
210
155
368
17
57
179
10
233
353
117
76
166
239
266
173
373
31
3
123
106
331
1352
75
24
441
100
249
231
54
473
52
382
833
286
309
146
317
89
162
179
65
89
173
89
263
382
26
504
282
445
648
180
387
13
172
351
192
75
124
155
161
330
145
92
49
649
310
338
223
104
116
261
463
23
62
21
67
90
196
216
237
369
25
53
80
132
371
67
420
89
199
255
23
79
794
67
118
184
48
194
233
9
141
119
107
72
71
288
36
186
349
194
8
93
32
99
295
95
149
1567
411
232
139
30
547
19
126
350
261
54
32
110
27
41
296
115
137
205
78
40
200
145
224
242
360
17
1462
781
45
120
58
359
291
159
16
153
158
83
7
169
23
142
102
163
263
81
131
261
320
514
236
4
116
193
82
33
23
221
84
287
22
2
403
948
238
68
16
140
490
441
613
113
174
36
136
44
258
175
18
242
569
9
135
312
314
8
46
159
363
499
163
81
110
557
117
5
290
83
546
131
132
37
261
219
26
9
220
93
313
198
61
16
146
728
145
385
92
133
419
357
826
251
274
29
176
264
61
338
10
55
336
273
37
39
15
421
221
14
436
547
18
280
485
484
17
325
66
106
76
63
41
65
128
8
262
121
130
128
354
189
175
186
176
109
85
149
501
4
29
61
357
186
53
363
31
194
34
241
4
141
58
70
38
138
43
596
10
110
124
357
409
837
97
35
375
127
407
106
110
94
99
275
465
533
77
87
69
617
55
528
235
6
60
12
21
123
3
194
650
4
90
17
80
399
112
251
479
244
13
199
610
174
68
263
49
74
493
91
478
2
315
379
669
244
439
204
118
126
282
74
118
11
128
18
89
145
219
39
327
305
242
167
22
192
205
147
186
765
10
153
288
50
59
492
54
25
37
265
486
39
52
89
44
42
164
70
85
159
2
157
68
44
11
45
229
327
53
143
200
5
48
24
372
94
4
222
187
231
177
190
109
170
43
51
198
553
388
292
433
497
87
483
344
70
366
22
251
332
339
43
167
94
95
601
90
182
123
284
487
220
22
33
23
1323
98
115
415
207
14
31
319
510
155
125
182
59
59
120
121
205
25
34
103
320
819
134
268
89
487
485
241
39
32
328
78
30
148
200
312
140
88
217
25
47
102
134
149
23
655
1040
89
212
339
17
380
484
537
285
195
129
233
636
54
35
190
206
210
2
63
154
572
159
92
34
20
281
256
87
51
262
20
21
25
156
174
264
85
38
182
100
418
21
13
344
139
106
407
75
422
843
63
695
196
218
47
10
47
452
63
150
10
362
57
244
200
86
7
859
6
434
346
189
176
268
65
144
46
170
278
12
5
302
30
374
371
170
123
90
32
73
293
172
10
846
137
89
5
122
299
322
299
44
500
53
10
54
159
32
289
27
165
253
75
119
122
38
79
371
35
244
350
1481
503
34
4
175
93
45
202
181
92
52
37
20
219
218
309
303
12
505
79
100
15
261
44
98
294
11
147
437
350
68
93
84
99
3
119
419
435
612
5
361
86
109
145
106
75
482
155
470
628
29
275
158
148
26
85
85
184
226
178
649
117
479
29
7
332
971
167
632
145
583
680
181
49
190
365
351
171
169
61
134
91
39
188
183
196
142
208
106
114
83
108
36
124
668
226
27
312
7
74
287
45
20
125
201
117
32
428
398
205
356
30
275
93
153
46
106
162
23
46
2
260
108
185
115
324
117
312
1
459
36
80
14
87
486
261
11
127
121
23
430
37
132
161
58
7
306
163
227
658
261
85
505
468
99
128
169
386
514
130
108
229
143
1
137
388
140
44
71
245
11
237
21
64
461
28
461
95
181
101
593
662
298
191
61
89
350
14
42
130
176
639
114
208
69
113
146
13
166
147
36
151
163
157
163
162
12
236
613
101
266
39
189
31
55
296
138
120
100
30
298
1106
43
229
132
64
342
110
116
311
99
169
305
67
230
63
35
16
148
71
1
12
14
15
449
161
249
323
113
143
372
36
205
47
24
73
81
3
138
142
108
78
405
115
201
69
54
48
206
89
120
50
917
68
152
713
419
250
95
458
49
369
7
86
597
95
72
244
19
65
355
559
119
110
130
114
154
350
24
112
179
104
182
556
44
936
42
135
131
193
3
134
85
248
471
183
247
54
74
817
48
120
105
232
94
75
69
18
216
33
72
232
114
232
75
37
57
8
38
605
124
261
832
45
212
88
138
161
290
840
66
123
138
446
501
116
422
232
771
30
144
130
443
133
117
30
153
358
25
63
253
105
114
705
62
453
79
755
575
165
336
71
594
218
19
517
31
184
137
247
323
163
590
1
13
7
260
35
322
17
24
134
33
194
376
271
104
210
432
282
127
236
99
76
212
87
127
364
623
72
179
2
190
152
36
428
18
60
58
199
54
63
459
129
456
17
1046
479
166
282
45
358
101
270
418
204
76
140
129
447
79
96
98
233
399
123
238
57
81
340
340
444
167
880
130
688
128
823
4
328
131
258
134
78
30
48
137
87
122
72
64
77
76
104
562
76
182
662
115
42
59
15
15
280
23
8
42
233
131
61
444
54
138
68
71
71
44
82
76
1031
41
36
97
76
17
213
35
529
119
435
187
301
108
24
139
138
291
114
259
75
197
159
120
128
160
102
154
340
41
12
58
177
48
254
221
10
411
29
307
8
207
68
306
10
124
270
116
408
11
109
26
137
247
47
89
59
36
50
117
452
306
8
11
188
366
335
81
208
7
163
107
189
4
117
424
985
28
132
14
19
12
120
278
386
192
77
28
317
123
31
187
147
315
218
79
3
630
144
506
51
1119
92
132
21
742
375
35
181
61
174
104
374
128
46
82
781
82
227
27
293
33
297
644
208
19
8
142
50
12
23
80
379
71
253
62
105
155
50
50
311
305
1264
77
69
176
172
561
112
562
324
156
79
158
551
301
45
212
778
438
26
49
21
315
167
166
133
438
519
73
137
2
133
253
107
144
10
64
228
706
260
186
520
111
17
160
225
227
15
161
7
183
14
25
48
444
97
142
62
77
139
131
350
344
165
41
52
157
47
3
378
40
93
181
1
218
25
213
59
196
27
603
120
190
448
5
98
160
66
576
93
91
120
383
175
69
399
100
164
328
82
398
201
219
343
63
246
937
923
609
33
507
43
23
48
275
447
318
309
7
46
302
359
227
167
332
89
100
47
207
55
156
123
135
327
398
143
16
112
800
257
27
14
50
15
93
4
219
355
457
312
610
16
3
104
287
22
81
631
120
95
84
355
356
17
31
87
163
370
169
66
12
326
121
503
145
152
42
64
410
553
95
1049
62
296
268
161
620
304
967
107
28
27
743
185
186
36
223
132
416
42
98
18
130
44
325
379
32
74
21
26
252
497
422
50
63
35
31
126
118
323
643
693
117
38
29
160
200
31
146
195
68
423
61
101
87
78
205
48
312
23
262
105
100
560
204
139
185
10
142
11
59
348
1086
20
267
47
134
97
151
530
250
109
186
53
5
129
200
19
6
174
129
187
338
247
554
207
136
19
60
55
47
550
62
799
122
126
250
442
342
153
281
447
441
264
915
145
179
75
24
380
188
277
168
119
38
75
53
31
394
124
165
135
247
125
42
414
68
1110
107
381
941
33
189
420
63
210
570
741
784
188
113
120
203
263
305
55
250
51
1191
1
290
74
42
151
172
239
175
169
7
324
50
231
673
22
56
43
220
127
74
354
73
310
14
42
595
284
39
168
119
38
328
66
343
157
33
12
126
109
388
187
357
51
396
622
319
735
205
194
136
249
65
60
285
898
87
365
767
66
32
761
129
186
14
132
53
70
341
266
28
28
59
962
107
346
106
45
200
16
205
106
277
25
95
106
209
16
120
205
280
648
116
935
927
232
8
182
320
472
440
46
104
10
411
45
21
94
67
494
251
110
502
65
8
206
136
106
89
195
96
73
446
237
31
20
67
72
338
16
496
602
108
14
53
24
205
39
329
421
55
173
95
289
1087
104
158
126
367
84
94
535
1062
2
190
176
232
270
269
10
85
360
171
48
310
454
206
785
84
82
11
159
95
198
12
165
55
122
13
792
819
62
64
4
1219
103
255
623
376
88
355
59
107
63
87
239
271
54
287
6
181
161
549
342
33
128
62
1011
381
159
631
325
357
47
261
190
540
182
193
87
272
82
28
604
210
53
111
197
89
179
329
86
407
41
35
85
86
135
198
648
444
65
48
288
202
35
141
39
42
40
73
154
363
8
71
468
151
11
167
118
13
118
19
284
129
10
3
1049
22
6
385
17
59
243
99
490
959
19
124
415
1076
47
91
135
545
321
20
177
93
150
29
331
193
56
4
307
167
112
99
397
448
101
275
234
226
88
211
149
365
522
160
186
114
44
812
106
42
488
92
45
82
504
19
184
30
105
20
229
31
18
287
59
157
431
46
371
273
54
275
19
123
171
340
719
108
31
559
254
19
211
15
211
111
659
744
505
17
77
465
108
8
57
47
242
49
272
50
76
434
327
6
73
131
459
104
75
250
139
185
11
129
58
53
173
138
393
582
18
54
81
30
228
587
183
100
596
111
44
419
183
93
2
114
23
413
272
159
218
525
46
554
63
151
493
946
82
55
66
265
196
281
293
174
420
101
75
173
657
4
113
89
475
77
56
139
205
600
486
169
321
144
207
140
116
298
344
171
886
42
90
223
72
26
517
22
29
280
3
195
523
44
186
538
37
228
98
88
62
93
41
454
46
287
237
120
392
18
24
71
81
261
252
231
18
35
12
225
71
55
328
719
57
139
380
702
7
61
304
254
168
30
71
9
16
336
231
150
9
218
456
172
410
17
108
70
37
10
102
89
524
493
60
223
155
334
61
535
404
250
55
483
85
180
738
192
85
211
109
15
254
16
61
504
361
75
3
188
636
73
32
75
74
230
104
88
209
90
466
93
286
147
8
366
195
112
448
78
209
21
38
3
364
50
58
526
38
83
145
84
20
312
124
303
115
69
283
59
200
255
331
544
145
4
526
2
202
226
245
608
86
352
227
435
169
82
435
71
156
489
106
309
107
246
133
24
8
81
68
43
294
327
804
92
215
96
28
146
372
250
7
103
147
87
34
330
72
4
34
336
80
202
209
369
908
187
78
268
158
55
117
178
163
415
101
140
113
202
78
12
513
61
123
212
672
5
65
136
203
42
2
90
204
597
210
1031
23
96
9
44
26
69
29
121
249
152
852
63
318
206
219
475
293
96
157
308
45
11
43
58
104
28
95
501
69
31
73
80
64
61
233
23
201
191
269
100
37
258
219
237
114
25
304
604
137
132
338
689
122
129
146
797
208
123
33
161
348
84
691
145
46
361
63
42
230
38
25
185
16
272
75
444
270
183
289
217
114
77
291
127
234
41
82
41
196
30
43
112
138
149
128
349
381
5
293
60
174
300
172
421
327
51
292
15
363
138
39
22
30
829
396
207
170
477
45
573
344
129
81
325
69
143
24
27
92
19
29
49
90
17
486
187
611
31
382
156
165
10
9
545
95
499
153
593
138
52
29
586
546
25
92
6
453
630
208
402
30
208
65
14
295
175
96
292
79
341
86
239
125
81
404
107
31
465
41
528
171
164
199
127
434
13
15
160
262
94
75
22
285
211
18
460
67
196
244
542
606
513
2
7
349
66
192
97
202
14
40
51
199
37
207
97
333
205
40
469
522
23
336
131
10
103
107
470
18
99
17
64
17
125
161
28
201
216
258
68
68
417
394
170
48
35
188
34
14
156
101
260
83
87
77
53
8
155
19
90
17
479
37
160
37
316
223
221
185
19
21
35
273
33
154
317
179
134
109
363
52
310
102
271
153
32
126
43
879
11
451
208
453
12
22
25
481
189
6
112
36
6
23
198
405
9
131
341
276
577
116
18
19
276
350
295
327
92
91
310
93
62
183
51
425
157
132
510
46
616
56
63
123
300
185
494
271
13
556
214
98
37
142
32
215
29
70
260
35
270
180
8
414
387
526
217
20
549
95
143
38
47
504
34
91
132
438
367
221
9
27
109
541
206
518
392
38
1
96
192
80
362
44
161
107
369
174
190
77
202
79
4
34
22
193
30
126
29
275
333
37
41
50
74
150
236
125
214
16
281
203
157
278
14
231
156
25
175
50
351
12
442
81
38
250
249
417
92
14
167
112
354
732
3
96
195
6
134
92
167
9
29
175
242
182
229
10
325
81
307
134
33
150
314
409
72
196
118
43
19
43
121
208
137
11
106
253
276
3
9
85
47
644
52
243
96
275
309
264
264
199
137
823
145
219
65
440
78
432
14
9
199
175
78
179
1552
172
181
79
38
303
48
170
316
535
125
121
640
328
78
217
77
313
23
67
621
29
26
321
272
248
228
398
112
242
153
494
28
560
28
61
129
86
240
239
30
67
196
61
501
20
16
51
31
346
88
517
182
72
593
132
224
153
262
14
1
262
71
273
59
284
518
161
78
121
10
364
204
163
347
145
350
210
226
66
97
592
78
110
214
62
52
69
330
3
2
6
717
167
222
222
89
398
53
42
133
159
208
173
70
146
150
174
86
53
184
34
324
189
112
59
119
369
63
8
117
3
209
20
10
352
156
280
1387
74
206
30
340
324
261
697
236
32
155
310
55
78
37
205
293
127
117
401
94
165
51
4
125
199
28
173
6
383
212
149
84
90
21
81
65
23
92
154
4
204
2
115
86
24
154
2
55
103
129
226
553
223
19
801
86
38
65
292
343
238
179
797
30
145
434
222
471
17
133
63
10
109
113
315
199
144
250
857
285
144
808
16
263
32
248
35
39
36
57
493
106
28
305
180
265
128
197
5
376
9
372
198
32
27
207
21
24
37
159
302
131
24
288
105
117
222
295
56
187
88
165
55
431
211
138
71
16
36
70
53
82
9
11
156
69
187
355
162
548
109
264
12
29
270
630
1
381
212
322
102
479
248
14
543
111
127
379
137
234
262
45
21
239
380
164
104
6
577
145
83
78
85
328
623
12
33
11
33
359
50
38
58
547
108
624
34
72
144
323
13
248
156
1
104
88
594
216
19
146
113
166
179
181
264
32
19
38
77
423
24
89
48
21
472
29
412
301
7
428
114
33
84
394
39
247
447
347
157
136
504
139
172
43
112
36
19
802
151
1126
114
189
25
133
45
208
534
160
244
107
216
199
183
160
31
122
114
215
65
249
161
9
247
77
25
613
518
155
208
95
349
209
474
288
91
94
122
251
91
340
277
20
22
21
20
132
277
104
84
156
55
258
195
28
258
471
1059
279
30
78
85
57
920
357
92
45
4
64
899
11
249
37
15
97
102
532
260
68
473
47
29
100
113
213
24
113
248
310
98
353
17
46
386
84
142
377
220
26
48
148
145
59
592
111
562
46
159
415
4
30
358
709
63
177
128
101
20
121
412
18
225
297
269
794
163
62
80
179
408
17
12
166
128
279
147
1
393
339
148
289
49
12
49
96
110
374
593
538
95
163
446
145
126
145
16
152
160
124
414
159
61
682
194
517
4
348
83
509
157
344
60
151
66
485
47
254
136
54
110
83
127
569
497
97
178
81
2
354
217
48
7
324
86
4
587
53
6
182
307
302
522
37
223
43
433
105
115
406
179
35
108
313
188
213
165
180
18
365
113
594
112
213
36
6
386
338
10
47
21
7
247
300
36
31
202
410
115
21
954
72
11
93
112
161
276
175
480
204
48
1
47
11
23
284
21
137
255
66
454
214
155
586
114
246
193
96
1167
299
11
97
115
17
110
674
498
776
165
122
146
190
123
27
38
101
227
84
26
14
23
228
119
134
98
900
271
626
443
398
170
48
167
137
319
409
131
98
77
151
116
384
104
44
148
395
25
81
363
15
2
45
100
197
191
244
98
216
445
141
309
486
32
171
154
149
172
510
47
106
8
275
136
44
13
219
77
46
337
74
1187
118
820
576
39
16
67
101
2
71
189
524
81
43
126
89
53
101
269
18
339
37
114
64
159
270
121
448
903
133
1
391
70
339
282
578
66
78
74
278
119
20
20
99
301
249
61
32
212
426
258
317
263
28
386
365
34
184
1
85
438
101
98
193
173
96
136
116
263
3
145
11
185
15
1086
214
177
351
49
195
141
181
114
20
183
23
186
65
173
258
187
16
179
606
204
76
109
38
357
60
314
28
235
221
22
22
122
17
118
53
912
162
51
1096
56
186
67
60
639
141
328
475
202
271
442
150
105
291
24
15
433
355
536
1
182
16
70
473
16
189
59
697
48
337
612
98
1147
161
399
19
36
157
156
310
509
176
322
361
71
436
216
325
52
38
371
75
676
356
55
10
498
312
29
110
131
90
167
492
1
281
208
116
114
137
46
377
293
119
161
530
451
231
315
547
471
458
116
15
136
180
254
506
149
282
112
78
89
57
207
168
9
193
33
140
591
167
548
107
593
287
180
48
276
61
629
425
113
49
375
202
374
24
54
304
461
55
239
267
96
196
137
40
91
33
24
334
393
11
183
213
243
162
181
111
95
331
76
449
313
511
108
252
216
52
1
253
148
164
252
18
10
262
32
114
233
578
135
56
69
86
296
175
270
119
117
215
62
194
281
16
115
108
249
90
155
426
678
220
81
204
132
26
356
469
82
369
44
44
125
3
79
534
279
12
56
213
57
84
405
16
413
92
67
229
148
655
12
22
303
104
275
882
48
624
39
171
150
298
158
231
112
234
5
97
163
303
380
828
79
58
191
212
1045
163
260
72
383
59
281
4
343
164
207
249
84
7
133
61
461
116
393
315
958
40
106
94
500
70
232
365
52
141
450
507
35
64
196
121
516
78
31
366
40
179
95
143
148
31
30
178
88
442
263
136
990
268
131
223
70
857
81
49
250
167
15
157
27
981
72
470
40
174
241
435
224
338
286
224
195
109
133
61
143
5
51
86
132
619
45
29
381
20
367
241
291
55
130
66
91
7
160
4
67
325
418
166
359
97
19
19
268
84
362
18
242
171
397
148
261
297
139
248
134
231
266
131
176
227
106
758
17
163
205
280
23
21
19
92
481
70
24
55
39
262
130
627
817
29
210
292
50
129
66
121
331
231
2
80
177
94
30
176
41
168
73
215
283
515
253
448
411
98
12
44
125
281
218
410
29
26
11
113
221
231
106
138
32
388
25
195
106
36
452
31
75
495
272
419
158
16
26
354
105
87
195
197
87
506
189
489
204
337
2
121
1078
95
264
18
158
328
874
77
485
53
448
300
336
70
197
33
3
240
196
628
521
249
671
314
321
18
145
61
251
79
497
92
87
397
11
153
299
839
5
795
37
22
73
254
286
56
20
327
476
65
145
33
160
373
256
160
1059
116
152
43
70
191
214
74
20
323
31
64
77
233
19
286
126
206
64
68
574
30
282
295
47
204
12
94
28
668
888
86
84
151
311
14
4
133
169
986
334
44
279
336
96
11
144
103
80
14
473
454
408
46
232
167
23
642
129
239
49
29
83
53
124
55
97
86
62
173
127
269
73
98
180
292
429
13
23
57
131
533
69
12
292
143
114
73
2
284
705
64
23
59
327
357
43
317
96
180
25
99
199
123
178
14
86
362
127
156
30
51
407
29
128
90
175
703
2
234
160
448
248
86
312
15
456
97
182
294
338
119
94
58
326
210
481
64
221
340
137
36
86
402
222
509
128
144
781
83
458
6
172
170
354
63
935
41
179
246
608
17
234
213
168
83
47
108
256
94
39
184
9
114
591
69
62
425
65
71
84
49
11
46
34
84
113
128
32
4
81
51
281
816
726
10
553
224
152
118
242
20
121
38
481
254
192
48
62
571
365
181
297
9
447
253
170
20
179
134
108
398
6
572
254
18
188
165
119
27
514
5
273
138
14
185
189
49
139
572
135
97
18
98
20
22
74
206
81
13
85
576
224
360
13
127
303
81
141
48
298
101
3
6
663
1016
152
16
97
672
48
96
873
342
483
271
369
153
214
214
35
359
249
163
144
462
68
1
20
3
154
27
78
9
440
534
237
81
87
371
40
396
369
5
4
49
39
345
65
74
289
7
967
79
218
30
57
412
5
83
5
287
162
139
46
124
25
323
133
188
851
65
224
202
564
633
14
421
248
433
95
56
526
197
1103
332
33
181
475
104
11
392
38
165
92
210
60
439
255
71
24
62
407
342
59
394
152
410
349
122
76
67
365
1255
486
457
160
448
20
519
57
947
203
158
83
262
292
705
9
106
46
224
162
17
103
5
7
637
22
8
50
579
284
125
16
18
596
461
58
153
94
51
266
764
139
729
163
546
140
616
350
628
153
298
6
40
613
150
364
43
192
81
97
229
300
641
50
372
271
65
491
6
371
228
164
160
360
75
15
41
70
42
187
71
31
10
618
9
397
14
50
222
139
48
226
85
16
105
28
130
124
61
174
4
81
170
196
264
73
76
85
359
358
85
20
9
567
146
814
128
115
126
116
84
212
272
223
672
81
153
92
4
272
235
139
137
196
65
164
103
9
85
15
173
302
46
255
214
72
346
744
202
609
212
134
1
116
171
36
477
42
35
52
84
241
895
33
304
133
60
247
65
209
87
31
123
284
201
200
117
13
40
4
6
213
203
14
68
237
601
35
435
59
43
255
41
475
39
49
162
206
18
29
480
43
411
233
396
92
179
240
156
155
106
104
138
282
151
181
231
255
250
457
626
24
209
169
22
106
395
193
357
318
105
192
249
47
10
9
144
39
28
141
585
143
500
217
54
116
153
50
145
69
70
349
147
75
195
51
145
258
59
131
728
188
764
215
523
243
186
296
133
247
103
90
136
51
248
150
295
386
579
318
606
207
256
189
77
93
76
375
225
355
35
33
232
255
205
131
210
34
407
210
44
130
208
68
385
102
97
637
817
27
34
474
2
137
192
31
117
299
2
78
230
41
653
45
4
264
81
4
335
143
285
224
103
588
45
5
162
50
28
29
20
82
209
376
154
4
43
149
77
823
19
58
131
242
214
106
88
50
18
523
44
39
308
13
47
166
135
8
635
85
264
118
216
158
1
202
56
395
60
18
260
109
7
628
386
299
349
309
117
257
4
177
111
8
12
55
13
262
9
142
65
451
169
141
183
304
433
1
222
31
49
91
307
130
107
130
116
61
205
162
88
279
89
20
650
118
61
411
278
353
129
81
162
125
192
33
34
8
14
106
47
117
13
28
613
145
436
170
243
135
412
34
147
309
106
59
26
49
245
348
107
46
137
28
239
24
116
114
530
65
105
5
18
341
98
88
9
405
49
254
686
59
433
58
241
65
176
186
11
204
63
42
149
38
480
54
116
93
44
196
390
113
385
268
97
313
93
57
44
359
58
24
101
342
202
253
2
202
96
101
280
128
113
64
483
3
191
246
91
55
203
47
51
104
123
36
4
87
314
50
495
228
557
221
923
499
223
214
465
58
99
182
15
553
63
187
265
853
186
77
468
40
25
447
213
13
89
196
277
632
5
489
7
208
76
4
185
279
31
97
39
129
72
450
232
263
118
555
141
74
662
165
79
30
170
188
26
57
312
38
43
156
6
41
265
546
145
147
519
963
302
115
741
201
453
240
28
4
52
53
17
38
410
209
274
143
155
139
551
290
17
171
315
138
90
23
156
257
287
55
137
302
502
168
307
4
10
28
298
110
127
220
209
264
184
142
27
38
32
525
285
100
209
75
376
237
41
714
78
34
95
672
236
254
134
279
114
435
259
8
362
11
192
212
284
26
147
314
60
127
25
130
179
413
3
180
136
125
53
71
70
83
300
48
271
439
1481
40
21
128
951
834
94
