276
31
303
29
169
103
22
22
56
144
263
57
496
152
142
164
196
338
132
6
120
105
29
427
52
335
111
68
279
58
106
113
574
1
186
61
952
444
372
299
423
171
405
36
72
210
77
231
114
54
99
179
147
22
357
721
261
483
169
352
74
256
173
56
106
73
79
2
213
96
108
133
361
93
260
33
275
275
242
162
203
190
8
22
47
155
144
150
211
74
23
72
254
216
53
565
51
167
35
124
6
50
145
436
466
65
519
24
74
109
198
1453
133
559
44
4
466
71
36
74
123
93
245
126
124
100
30
653
337
61
109
117
109
53
113
382
49
202
39
218
415
258
218
16
169
40
256
143
365
116
96
69
640
111
26
322
382
252
214
693
577
365
143
130
794
238
12
128
59
294
65
31
43
44
702
10
360
61
168
126
20
132
85
230
72
294
45
138
12
451
277
368
259
253
544
345
251
94
399
11
360
636
29
184
369
353
72
104
165
20
303
139
173
108
355
461
766
227
444
130
15
218
681
227
191
67
67
117
124
135
542
27
28
122
264
340
59
20
1
394
94
157
139
566
14
242
48
173
354
97
54
92
282
50
121
317
105
436
57
6
468
270
534
115
207
133
36
67
237
517
4
82
57
119
653
360
35
63
121
172
8
20
90
148
320
55
570
261
58
386
184
818
170
68
25
607
54
53
186
47
67
261
423
771
136
191
136
592
75
145
24
686
26
788
137
3
266
392
294
54
197
130
51
116
368
286
86
387
21
390
80
150
760
95
253
34
292
342
145
292
335
72
84
10
621
43
648
200
597
232
395
67
91
3
18
54
518
61
16
160
293
136
242
430
174
49
59
116
16
330
157
137
328
698
431
79
279
359
38
430
219
322
266
15
205
238
57
549
433
89
82
214
30
52
41
210
267
11
327
206
286
70
42
11
64
77
18
153
14
954
199
1176
589
273
140
2
706
255
394
348
197
19
292
4
114
29
82
484
553
38
66
303
145
645
32
18
8
195
409
195
320
251
571
504
249
153
415
254
49
59
40
463
447
655
185
235
52
55
318
128
145
76
41
20
92
123
51
596
292
194
298
287
43
4
325
76
249
212
32
12
175
113
160
434
66
605
220
619
114
160
76
392
210
247
191
8
239
104
74
259
792
149
490
83
361
447
1342
167
159
11
50
19
193
89
104
49
51
140
94
74
75
8
256
75
90
7
61
68
51
100
95
48
7
3
1
631
216
70
107
299
217
33
171
21
49
23
64
10
1216
149
268
124
125
207
602
318
144
118
105
274
3
740
146
511
27
52
88
118
565
31
5
289
84
370
71
180
189
254
309
61
262
104
91
88
365
64
5
896
337
167
551
147
127
229
450
20
72
315
404
372
71
82
461
16
252
132
13
70
96
47
215
118
98
855
119
30
260
329
12
69
342
136
77
578
86
2
300
229
121
310
8
109
235
264
46
642
288
457
30
31
121
158
243
490
298
181
309
41
290
19
61
342
514
306
193
170
272
106
148
88
73
292
611
209
112
37
44
103
71
98
99
73
20
233
349
243
160
3
289
18
526
552
559
106
92
127
138
38
20
81
176
142
117
282
72
53
35
115
52
20
805
246
64
33
489
159
6
164
48
140
90
208
155
29
136
195
53
10
47
264
41
36
143
58
65
55
88
19
424
74
269
121
79
21
362
69
403
2
102
618
22
309
34
458
62
113
106
259
120
135
183
125
30
67
555
105
16
41
853
90
519
149
64
190
222
61
260
152
59
535
28
16
103
12
73
19
25
161
67
251
310
52
24
312
112
6
185
153
588
3
217
102
767
308
124
111
49
91
41
495
251
29
139
357
31
783
174
229
116
41
306
72
396
38
303
89
407
240
82
439
367
195
116
303
14
293
7
123
1114
10
7
238
54
105
432
376
45
232
82
90
560
924
234
497
29
232
54
6
193
172
11
124
160
97
688
71
160
25
324
1
447
110
246
85
33
145
279
126
67
297
145
7
212
181
401
247
458
195
237
439
39
477
298
615
251
28
138
657
33
116
233
15
199
13
50
161
28
42
219
279
647
76
219
336
679
182
64
159
75
69
751
55
100
470
187
312
340
36
401
2
509
78
238
98
300
3
42
54
42
25
66
133
201
372
508
10
187
164
684
4
88
126
136
182
120
276
280
24
41
59
141
433
61
75
519
102
271
312
340
146
235
731
85
38
159
93
3
71
209
4
21
110
406
103
57
244
432
179
143
299
796
208
118
61
500
519
171
63
307
94
475
278
84
101
245
5
318
93
63
81
140
128
463
312
150
336
360
146
171
161
63
91
52
11
73
5
738
212
537
428
1
51
383
140
42
801
71
828
76
308
183
35
538
102
253
396
382
438
119
49
268
256
145
39
299
206
71
65
402
590
96
368
83
58
206
162
195
74
33
248
425
6
147
828
9
53
747
22
47
66
409
42
565
34
346
51
80
15
54
85
91
54
100
126
173
381
388
497
97
500
101
172
26
807
30
57
64
97
45
231
327
25
132
12
19
423
401
56
113
120
146
301
180
482
156
319
88
424
223
332
158
77
56
225
137
1171
32
184
110
53
1
145
237
812
60
209
116
440
106
233
128
92
31
82
2
81
135
180
31
219
389
225
155
939
2
346
77
445
370
497
194
27
22
47
295
586
283
3
174
33
75
264
229
414
238
1011
110
360
1264
81
60
1
300
39
28
97
21
160
275
617
24
67
86
94
70
22
302
154
32
113
122
178
151
63
30
136
90
637
790
251
493
47
401
34
98
42
110
483
3
23
297
566
115
3
111
62
132
58
71
277
39
96
85
24
22
469
283
49
508
209
40
56
42
29
685
390
54
338
421
643
85
126
56
17
433
201
4
11
215
113
284
11
43
171
423
178
39
695
74
140
271
238
392
212
379
277
108
75
127
93
70
433
306
76
363
12
28
438
204
601
472
28
112
98
31
554
6
388
836
144
100
66
312
654
44
34
8
104
462
42
350
100
336
2
23
12
19
10
114
274
30
35
104
168
111
34
162
192
22
257
385
71
126
582
195
147
254
502
777
37
653
196
204
200
505
196
43
341
92
222
208
99
251
354
113
220
247
52
164
732
286
662
47
333
343
92
99
218
70
20
975
353
770
53
356
14
118
914
1
119
449
7
50
51
474
20
86
17
17
589
425
181
2
79
164
60
181
420
370
472
30
307
136
459
39
18
512
433
166
82
187
141
259
243
44
407
184
10
192
40
41
28
359
66
42
146
146
164
295
66
77
750
324
17
816
186
195
261
6
139
311
394
35
64
291
255
48
37
5
282
316
9
143
11
80
10
865
52
308
88
39
378
275
351
43
5
15
446
52
40
381
157
833
262
474
278
290
178
139
39
277
58
150
131
101
126
406
30
117
22
36
2
131
79
216
197
157
201
119
111
277
509
238
391
88
17
44
217
75
67
427
38
235
155
163
4
4
177
161
2
531
291
154
182
43
491
39
285
121
460
463
178
309
469
121
145
120
4
125
116
372
58
298
214
24
177
254
451
100
21
15
82
37
327
442
501
225
71
3
360
375
302
77
133
304
160
190
322
36
188
55
57
205
104
43
84
189
83
579
16
99
35
244
3
51
299
73
135
27
197
128
226
1
43
222
539
5
274
60
49
259
463
32
608
345
26
266
36
30
242
60
55
253
100
83
36
140
46
605
157
180
143
124
80
154
8
7
129
203
381
13
135
256
469
480
34
88
59
187
65
821
162
294
307
527
444
117
23
284
178
20
8
644
8
130
11
107
38
166
92
186
237
70
164
15
182
82
37
11
27
184
10
305
270
239
355
109
49
17
103
18
99
20
205
659
283
187
81
561
112
149
177
268
168
340
177
10
519
81
5
168
145
21
15
143
17
84
48
111
101
498
343
504
8
102
275
39
239
152
401
289
186
62
358
243
55
19
608
59
331
456
128
102
233
18
34
136
87
22
134
8
528
46
86
11
560
165
125
5
85
153
169
428
129
53
146
1
566
36
59
210
29
28
771
431
91
29
80
100
75
128
531
39
308
308
43
183
124
50
196
284
217
131
177
199
293
653
300
901
94
227
75
152
277
47
268
48
270
105
362
51
229
7
152
193
103
23
303
9
567
23
295
137
16
363
63
235
44
19
124
384
248
415
34
158
132
110
212
106
131
223
32
81
33
127
1
742
227
45
284
41
234
11
39
42
132
217
43
19
114
83
31
200
177
176
10
225
27
31
87
88
249
67
570
109
94
161
299
247
1018
238
917
43
767
736
339
195
58
187
32
43
26
152
23
47
25
54
121
58
115
362
39
282
8
42
28
151
856
32
1491
26
42
338
164
167
12
448
104
118
49
504
34
249
403
175
92
72
405
368
15
573
32
15
43
40
150
528
346
9
174
49
157
87
172
95
289
32
29
495
88
29
226
115
115
247
60
137
211
133
450
4
329
297
606
137
41
6
252
207
92
230
255
336
913
103
543
309
28
28
102
57
340
3
106
181
119
174
371
95
103
37
247
745
316
22
148
398
206
159
190
13
79
152
569
19
209
20
144
11
99
9
1036
39
208
60
212
109
389
15
31
108
308
187
69
143
96
200
135
4
320
356
237
143
128
1337
276
66
156
25
6
292
140
289
10
22
110
421
26
151
160
63
202
475
232
460
21
4
29
107
123
458
175
337
462
462
325
374
188
259
107
788
219
27
210
145
205
142
118
263
814
31
202
185
307
53
245
955
10
134
359
364
2
153
213
65
209
277
153
39
668
388
257
12
18
486
51
392
363
673
258
147
451
14
115
381
3
394
36
221
149
138
136
206
222
10
100
365
339
35
22
115
51
43
212
162
103
141
362
245
216
33
1
309
700
242
137
29
250
93
22
165
101
52
81
471
650
216
435
691
283
357
35
108
292
88
22
149
49
417
79
73
22
356
262
505
315
10
173
474
57
110
66
32
812
118
315
11
90
230
607
750
68
12
171
58
559
10
233
396
178
179
266
59
29
396
17
34
108
232
218
810
583
298
38
266
18
144
154
376
76
148
26
4
239
257
116
108
12
18
275
74
10
334
84
134
228
44
572
166
91
331
601
143
24
65
732
137
645
98
117
104
56
227
207
19
271
74
14
270
101
88
82
119
178
69
201
70
207
431
533
14
196
43
394
814
2
419
186
113
86
193
187
40
150
272
135
6
209
442
796
98
50
385
52
245
231
94
77
71
457
13
93
112
216
45
6
55
413
189
237
100
119
87
87
684
148
105
86
150
23
29
536
393
272
221
492
88
63
1
77
127
66
681
75
60
102
325
76
123
494
191
181
15
533
79
47
488
161
119
197
24
67
72
427
4
35
759
189
144
275
253
306
26
181
517
147
1
54
164
312
37
74
24
96
2
547
411
546
140
482
269
119
33
333
57
4
12
198
12
56
29
980
205
16
494
195
89
130
632
8
193
276
54
44
110
363
172
15
495
140
166
386
59
215
407
310
109
270
147
64
62
125
4
86
138
302
381
22
305
100
62
31
261
244
413
232
639
130
2
107
744
22
64
191
11
343
78
305
396
224
68
43
15
205
344
198
185
237
64
282
328
41
463
86
52
98
204
400
53
149
91
143
37
33
31
99
69
49
107
358
48
214
177
122
6
392
6
23
403
368
412
60
29
138
239
541
11
276
113
302
371
521
165
93
43
64
9
85
49
377
446
119
241
278
1055
19
301
516
687
154
316
123
229
62
163
235
78
201
257
622
137
119
134
86
88
133
89
76
37
193
39
114
87
183
33
53
111
22
15
90
349
29
131
2
16
100
721
369
67
217
91
102
109
391
598
39
85
323
161
86
15
75
187
107
51
265
759
182
30
124
268
107
193
177
193
35
300
53
90
277
585
237
237
227
29
672
25
141
698
270
62
214
209
139
8
562
310
289
44
166
265
24
248
9
48
10
136
336
377
83
325
529
142
423
4
196
487
238
656
36
147
43
175
274
28
51
20
447
37
15
106
14
36
622
3
517
76
31
786
18
240
56
126
192
3
358
54
66
95
559
164
231
28
145
39
83
21
135
137
402
81
141
343
58
251
418
282
125
131
645
163
71
17
114
194
290
86
204
373
473
134
165
14
81
289
153
75
95
130
67
11
38
19
97
49
138
5
254
34
301
23
14
68
3
18
96
195
10
58
383
551
831
161
99
276
18
57
159
392
5
153
161
223
370
20
139
849
101
14
71
146
242
112
135
352
1169
35
143
513
390
70
137
43
49
50
52
602
200
56
77
64
214
423
47
88
199
366
22
24
280
38
102
54
313
152
261
115
55
17
52
15
72
450
12
443
146
133
366
26
100
58
17
185
414
127
31
43
1
224
517
36
182
1066
294
326
78
86
278
646
594
720
465
247
48
77
138
463
6
231
670
319
139
197
152
136
136
183
46
94
32
302
34
75
39
162
30
331
67
206
956
366
160
75
410
168
29
225
57
234
22
140
74
190
330
164
379
40
160
491
50
40
718
41
124
76
610
45
42
527
99
7
89
24
234
487
118
130
81
487
45
76
77
645
159
70
431
18
222
139
72
103
782
814
23
289
694
153
191
197
177
551
15
769
51
102
53
529
449
88
317
350
260
111
126
113
78
215
5
19
22
418
49
98
57
59
436
54
67
486
14
420
613
241
130
305
111
524
60
401
127
51
51
11
215
63
164
195
56
195
51
69
255
80
917
158
273
163
97
34
128
1058
110
83
440
40
129
178
67
145
15
167
96
41
10
17
72
233
354
181
453
44
51
61
170
126
153
454
39
157
95
523
15
503
7
265
633
113
210
99
170
169
42
50
332
119
102
52
110
24
260
275
352
129
126
106
38
139
729
322
47
671
91
325
19
107
119
31
237
183
75
3
156
21
87
90
485
73
31
219
63
169
507
345
163
213
24
1116
140
53
218
644
128
220
169
411
1513
325
121
701
183
529
130
32
479
235
146
401
326
32
385
106
157
230
71
479
169
6
11
25
4
11
36
112
172
176
528
15
277
2
9
829
32
282
456
73
396
158
400
613
171
123
361
77
114
219
657
116
78
754
425
251
201
591
63
179
19
276
21
39
277
152
112
68
298
142
7
381
12
118
309
43
67
341
22
20
173
79
56
42
55
745
513
173
273
141
730
42
164
67
122
336
428
134
10
78
446
247
12
1271
188
291
455
132
611
456
98
64
21
13
228
64
252
181
50
82
47
458
143
72
136
106
20
119
138
169
162
429
422
735
414
320
26
133
6
18
174
124
32
58
172
419
8
34
24
139
150
125
85
453
76
87
92
117
354
99
108
16
345
22
17
4
22
32
210
37
54
177
28
93
160
60
14
88
71
207
285
119
78
66
638
395
11
23
203
302
42
316
508
436
553
124
333
206
17
305
259
682
307
537
152
172
135
93
19
230
216
441
626
68
326
575
75
278
183
225
249
520
112
214
298
134
48
303
88
275
387
69
86
207
37
104
234
27
174
141
205
203
156
98
718
665
431
125
29
25
12
146
788
129
144
344
45
589
38
51
668
78
48
21
830
158
19
197
128
35
32
113
39
176
174
686
10
147
45
234
198
21
267
112
320
24
29
707
439
556
167
73
397
121
201
130
169
188
130
170
252
477
54
279
196
137
201
343
96
18
21
75
127
117
40
160
133
194
237
203
2
255
89
411
55
78
83
156
143
94
131
163
53
244
190
501
97
516
299
126
33
436
212
408
313
128
31
93
82
413
79
43
41
32
267
27
58
45
60
58
228
662
122
54
316
689
292
52
77
5
72
298
138
57
214
272
46
25
180
253
188
366
402
379
149
222
21
186
6
121
7
104
110
23
957
187
32
49
462
336
290
157
254
636
155
171
190
34
310
450
260
292
153
174
431
224
180
80
15
44
220
158
9
212
157
24
438
5
2
12
549
218
150
340
289
171
87
96
280
39
18
505
614
7
74
59
216
168
112
289
135
27
53
6
90
133
80
451
37
38
11
42
145
183
416
304
98
149
889
62
5
251
23
460
467
97
22
24
43
65
155
46
109
676
281
161
326
54
150
634
13
17
555
107
1082
70
161
658
280
10
125
513
17
151
85
29
111
3
10
135
46
101
453
127
29
201
56
388
443
17
87
102
8
29
66
194
123
60
291
132
58
267
292
32
77
50
272
145
175
130
57
358
29
89
592
819
28
99
217
301
402
8
136
475
289
10
223
315
243
378
44
12
135
147
385
335
360
52
260
153
220
221
302
221
29
117
187
281
27
356
631
57
235
747
22
293
31
432
220
2
56
63
926
890
69
224
209
463
120
365
41
64
40
343
229
195
18
296
59
99
12
486
8
68
10
186
331
398
67
12
315
117
75
166
289
41
240
338
9
132
245
41
128
103
371
144
677
107
171
76
267
18
15
504
299
3
80
130
241
217
147
76
157
88
404
194
184
31
738
480
463
254
393
56
109
44
185
222
190
382
513
424
95
202
157
135
5
203
216
843
83
53
103
279
97
24
174
38
12
579
185
61
11
406
441
350
78
146
192
165
168
374
35
26
667
111
14
183
180
124
416
94
282
52
244
331
274
34
370
313
33
66
67
148
71
67
135
183
561
344
62
316
277
100
8
155
280
116
118
170
63
439
151
256
119
486
107
63
7
9
288
460
95
111
535
232
105
105
17
15
143
35
32
79
9
179
5
127
127
57
247
16
326
105
453
643
98
28
266
60
187
105
38
288
236
58
232
19
24
302
308
175
267
38
17
121
72
195
73
22
73
4
23
24
504
186
696
392
1
76
21
57
338
880
192
133
150
50
471
107
27
7
126
81
308
22
21
343
86
294
312
126
515
144
22
8
74
35
124
7
47
143
33
11
651
189
90
4
301
100
36
230
24
447
233
89
71
305
124
107
731
105
23
113
123
19
96
163
195
370
322
571
92
83
278
352
78
44
101
35
333
109
58
63
259
40
273
155
97
201
201
164
572
2
181
253
143
234
371
242
138
149
30
438
81
6
830
17
31
286
109
157
124
159
41
428
170
333
206
183
192
227
76
547
796
28
78
429
32
400
191
393
149
37
83
4
106
101
34
208
203
107
390
213
7
191
43
174
54
311
23
23
9
151
107
163
311
111
14
81
474
275
7
286
64
342
1029
77
96
371
300
257
855
88
379
341
70
12
258
288
61
49
179
129
40
99
13
308
7
211
82
76
317
14
217
129
64
201
105
198
135
96
180
369
84
437
60
46
134
460
120
39
38
69
58
621
2
14
183
79
84
209
83
502
68
33
64
108
6
380
184
194
124
186
165
422
348
101
215
347
80
289
61
461
121
71
741
211
793
587
185
52
80
88
5
18
81
487
406
86
2
328
77
342
131
244
392
12
148
92
87
154
883
400
60
94
165
194
91
141
4
5
386
424
166
320
9
175
82
402
216
93
216
531
5
177
44
126
423
539
136
96
87
9
25
2
291
93
502
268
272
73
143
422
90
5
178
23
294
10
40
25
18
541
98
273
450
30
267
63
54
110
286
22
100
439
357
185
81
2
506
49
32
227
75
231
84
265
487
138
73
540
51
90
317
349
167
404
357
145
238
18
290
297
78
72
541
124
252
203
252
279
527
258
82
22
280
49
56
115
4
67
122
164
65
450
217
41
159
2
121
196
29
131
145
175
31
364
31
944
347
243
462
104
64
3
307
443
199
351
255
459
85
408
282
16
198
185
300
132
206
731
20
45
172
190
282
311
33
218
486
163
225
841
18
26
59
566
236
48
46
132
215
53
78
284
123
132
8
674
119
158
30
217
334
351
6
55
767
225
58
348
383
16
62
61
233
98
31
119
734
14
48
261
34
445
79
155
152
193
264
12
46
155
68
13
96
541
618
245
441
406
74
124
70
76
10
457
86
10
37
171
62
73
386
250
150
225
249
465
218
38
103
158
315
722
74
61
69
313
69
614
108
83
37
330
66
420
626
400
502
66
157
121
483
194
323
38
74
258
328
198
61
222
48
236
40
241
100
115
281
144
118
146
244
103
200
43
174
49
98
253
130
190
116
75
881
161
43
115
59
150
457
179
119
134
314
87
159
500
242
403
244
13
68
150
25
250
131
8
228
197
46
188
77
488
1
126
68
130
201
113
83
482
58
284
16
362
56
725
71
37
89
492
310
53
36
242
54
65
122
389
305
57
273
67
601
100
85
82
75
195
47
227
281
11
19
44
239
304
30
184
12
81
125
9
94
228
425
90
397
114
64
61
332
12
333
18
23
189
157
110
69
12
121
69
485
125
191
12
184
52
141
406
219
204
18
325
160
438
256
107
4
423
189
607
104
427
225
563
270
125
210
81
39
232
99
712
116
3
1021
178
309
495
394
2
40
217
57
374
26
44
115
91
576
207
27
260
515
101
16
96
4
45
229
283
196
64
138
6
42
456
90
30
726
118
39
371
417
77
628
488
187
298
55
74
20
22
114
130
120
24
52
150
78
103
198
134
5
107
262
85
51
223
345
32
184
57
451
314
59
398
42
366
59
210
342
551
33
760
27
41
302
97
329
20
62
1
118
104
129
161
142
109
356
52
119
29
347
184
537
401
7
468
426
163
6
231
80
154
1337
81
284
520
112
107
639
99
223
67
11
134
322
732
255
80
146
319
66
266
147
200
220
222
30
98
571
18
185
178
101
844
287
172
388
418
200
57
72
76
175
385
86
324
155
334
259
275
1
663
81
219
66
73
606
103
263
183
58
156
96
494
23
282
293
124
497
72
84
295
506
91
61
229
43
146
590
8
86
586
53
210
173
267
110
112
22
388
40
40
212
30
131
13
7
491
170
17
103
163
54
255
92
200
42
15
109
433
2
128
438
313
91
27
711
384
744
214
488
109
16
23
658
40
265
61
43
26
563
410
273
21
241
221
219
319
14
226
346
61
106
299
23
265
302
1023
112
4
236
135
201
15
52
240
673
14
243
186
19
198
400
195
85
128
376
8
73
30
334
134
39
19
171
121
55
353
16
50
354
78
9
63
986
97
217
196
107
67
215
4
235
67
161
122
172
76
141
19
56
150
166
369
48
475
200
387
827
254
15
20
7
615
47
40
41
150
198
445
6
110
180
63
115
151
112
374
296
92
51
523
489
112
225
110
203
86
114
39
145
205
325
61
396
44
23
58
408
61
180
387
139
35
50
759
52
102
31
185
56
121
62
142
48
459
257
59
28
31
161
120
128
112
149
249
23
109
88
88
41
572
54
48
133
64
674
183
115
148
160
438
62
137
194
196
139
180
140
246
81
22
66
163
640
142
245
294
151
20
72
47
256
147
125
1722
192
195
830
116
479
26
271
45
18
142
881
494
193
280
5
136
383
32
194
51
163
450
10
24
390
305
2
92
163
154
102
187
134
38
31
204
624
3
4
99
479
183
315
397
404
50
146
219
65
66
73
4
75
46
119
281
312
31
60
57
51
28
96
286
217
774
6
43
89
187
450
204
521
739
39
314
5
113
115
198
33
187
298
88
265
207
10
12
981
508
161
17
265
5
680
152
225
42
559
543
90
473
25
133
68
535
1133
411
77
105
119
27
940
78
45
132
332
3
43
261
22
661
23
711
164
160
554
82
7
9
477
155
231
142
202
327
24
389
361
25
127
297
116
56
69
249
124
141
933
247
118
337
257
47
400
379
207
195
69
546
45
422
225
150
145
186
200
340
132
55
889
98
211
272
146
106
139
36
36
91
44
252
182
246
112
229
131
137
103
280
54
113
195
27
243
63
142
771
140
19
125
210
128
95
145
27
2
105
10
32
195
379
341
192
210
31
282
144
81
152
249
10
49
63
245
73
37
676
307
3
388
148
17
290
5
203
39
77
120
86
79
54
429
178
249
177
351
46
50
497
142
111
525
46
418
56
354
7
738
226
559
225
151
94
80
87
20
161
49
79
189
240
238
20
242
12
47
101
170
75
72
47
352
133
404
146
20
133
84
5
269
70
7
153
171
55
37
62
391
89
233
261
127
62
134
131
163
170
21
105
157
53
118
317
344
399
341
411
630
129
161
17
318
164
182
277
60
12
152
124
47
27
25
251
52
44
1
56
206
70
208
173
196
17
14
39
268
166
154
276
300
7
277
21
46
12
198
16
15
24
78
806
276
302
137
13
72
869
142
80
417
54
178
123
481
73
163
556
160
110
58
50
17
80
41
15
264
48
181
389
255
5
106
724
335
17
66
30
81
129
56
300
439
55
27
43
254
247
62
300
570
28
210
627
189
403
17
19
423
71
114
8
29
292
200
220
119
201
102
485
38
367
105
254
7
1144
527
145
177
115
145
127
79
47
458
50
84
140
196
79
385
112
160
34
123
215
318
99
110
451
58
555
455
189
41
96
97
11
30
289
63
692
184
444
345
8
200
393
120
115
755
12
177
166
337
80
12
88
228
167
49
34
240
93
324
211
247
18
259
303
89
396
268
30
304
3
66
353
581
81
84
46
63
208
260
141
171
69
142
387
6
247
8
163
18
612
102
40
21
56
169
105
222
80
42
26
67
444
60
208
106
224
204
234
178
164
207
457
203
87
192
142
160
112
329
17
45
6
109
274
114
90
31
1
193
65
5
113
75
233
9
99
14
149
40
27
2
86
110
54
67
110
103
1
539
111
37
158
81
150
335
59
286
9
99
130
49
106
426
524
6
210
198
334
108
25
6
18
166
217
406
375
62
2
23
92
350
139
129
199
47
756
275
598
22
846
760
176
584
7
187
342
167
26
270
139
116
63
124
129
58
56
142
489
319
47
41
831
380
156
336
373
10
139
189
109
116
732
69
521
288
8
63
212
7
155
339
446
171
104
707
166
9
512
174
122
167
245
75
170
180
152
768
159
149
333
3
179
265
447
112
582
18
498
33
78
140
115
3
62
270
151
65
600
426
202
10
82
259
316
98
44
190
160
134
552
308
49
294
271
477
253
48
528
324
275
284
13
4
114
46
274
76
59
76
176
225
103
181
62
466
86
147
60
114
294
170
13
119
193
543
136
386
147
40
2
64
47
338
121
175
59
836
71
33
296
53
281
72
84
192
320
42
368
10
146
162
121
43
326
182
145
289
326
115
124
182
34
79
166
61
108
41
244
222
262
166
424
105
21
188
217
53
80
31
83
147
14
114
657
3
462
308
1039
271
809
133
321
114
42
58
228
62
51
289
238
69
240
85
662
111
177
106
221
66
20
318
140
245
85
142
277
113
525
8
270
168
228
319
434
99
294
342
3
44
132
56
52
181
241
276
1
21
160
135
286
75
40
209
175
181
30
39
89
162
73
363
6
35
437
31
37
425
105
61
191
215
33
141
99
12
17
139
170
122
211
183
112
186
146
220
113
102
167
330
114
48
69
33
264
213
580
61
41
8
119
65
28
126
148
104
93
397
4
319
364
272
457
125
60
33
414
68
132
154
23
272
245
616
1342
105
76
106
153
385
165
250
18
9
316
216
56
291
121
501
157
71
166
111
208
292
538
217
401
107
302
215
168
69
1
9
95
139
359
1
226
183
7
131
89
42
117
135
71
96
3
381
153
30
22
41
179
39
50
168
599
110
581
198
24
256
58
126
50
321
569
50
274
30
108
196
32
356
137
114
4
1
144
1
243
492
104
525
297
75
905
4
113
34
46
151
55
68
125
529
37
29
434
17
120
18
196
35
38
157
745
40
16
93
148
117
189
240
3
299
173
298
45
424
122
512
94
216
316
44
274
381
242
335
141
335
381
4
220
331
1
94
138
203
134
40
236
583
217
6
13
14
266
28
484
271
3
141
395
157
680
199
73
94
32
186
53
404
85
133
206
5
11
358
62
566
193
20
298
4
23
473
67
91
76
471
62
475
541
33
223
495
69
273
114
90
223
280
20
487
225
3
277
636
173
473
17
115
37
278
190
414
7
335
1
117
263
189
142
103
459
172
103
268
206
215
150
98
70
677
248
363
537
17
64
142
226
10
82
236
42
281
31
122
94
234
29
72
275
252
717
684
113
709
56
41
56
123
14
277
402
110
71
274
158
31
183
63
70
38
5
136
15
227
102
109
490
598
43
34
125
216
19
14
443
883
799
212
213
45
198
127
20
294
219
660
69
199
45
166
48
223
255
370
161
13
139
30
65
129
67
115
80
382
97
422
135
278
1042
281
308
495
438
65
145
27
49
8
68
541
211
113
14
105
186
679
248
109
222
249
507
192
22
322
29
222
126
73
66
384
59
78
441
182
188
199
149
15
559
256
1080
108
190
200
81
244
118
73
704
51
50
594
36
43
573
25
3
123
12
645
35
88
80
106
165
46
210
239
87
216
113
2
51
104
368
204
78
89
186
148
21
536
162
97
35
135
237
131
118
154
607
41
398
309
95
68
268
225
669
94
16
108
412
19
27
46
43
212
45
199
8
136
47
614
38
62
462
62
358
44
57
42
12
6
772
32
33
117
245
477
184
62
189
81
9
97
42
17
186
177
711
60
72
77
280
226
223
167
54
276
115
317
180
215
88
64
543
471
1310
174
19
297
238
245
258
401
74
152
59
62
27
16
134
117
153
77
152
122
266
698
368
198
38
5
840
39
552
104
1248
1045
398
201
391
24
133
270
5
579
203
99
139
734
423
127
117
381
130
5
231
190
32
436
59
15
71
370
66
534
810
204
68
346
66
271
80
257
71
29
618
686
177
7
122
95
21
365
93
198
123
42
240
117
300
117
371
243
222
117
226
17
290
472
286
61
93
64
35
100
161
94
341
322
74
281
906
192
21
742
211
95
105
314
104
45
183
131
351
199
270
51
250
278
210
384
50
213
404
330
86
394
293
219
277
300
160
14
75
328
70
99
143
40
368
5
757
26
224
167
62
109
160
332
64
9
21
379
75
336
17
32
56
369
161
521
263
242
210
239
787
5
44
72
4
172
414
69
538
101
34
750
13
23
266
8
178
3
220
794
149
4
509
76
154
4
188
323
179
372
156
184
452
79
104
219
18
177
48
52
28
44
71
253
655
46
150
714
52
245
1502
12
43
3
449
158
59
9
264
210
1074
595
279
579
72
255
190
31
125
234
34
228
301
215
116
141
165
230
276
435
23
25
369
180
137
5
20
72
302
152
337
160
124
51
103
25
306
46
188
25
283
366
183
253
110
432
4
304
70
863
340
66
134
50
6
366
121
264
49
59
352
16
365
72
84
86
46
256
65
259
66
233
105
122
7
196
618
594
169
241
116
7
274
402
712
629
134
282
535
70
157
72
126
53
431
109
369
127
128
177
11
49
182
229
242
112
153
469
191
445
251
30
25
44
30
174
142
54
56
5
203
80
604
164
22
150
26
30
1
45
22
279
262
166
200
201
294
25
304
67
761
258
38
233
71
80
44
172
97
532
107
8
27
550
497
88
135
121
339
106
252
200
181
133
65
200
160
327
177
85
9
241
707
112
283
219
310
281
246
52
54
444
47
510
310
224
141
57
254
131
80
488
250
75
8
61
972
58
188
38
701
106
41
77
394
583
93
22
57
60
13
26
9
540
528
143
406
169
94
1
53
7
23
7
168
62
24
308
152
51
35
113
175
16
214
146
60
45
4
275
37
20
55
14
27
365
762
89
120
28
301
187
337
147
245
431
242
772
21
723
438
76
206
1167
528
173
146
449
25
15
310
15
442
935
336
20
33
90
375
267
124
75
167
64
178
73
285
70
95
109
400
663
102
61
185
1
89
192
104
63
267
108
409
62
187
31
609
119
28
51
26
207
223
164
40
111
6
261
1
330
242
2
421
24
272
295
223
72
14
90
166
223
285
12
158
53
84
47
108
182
106
24
130
312
238
297
210
246
573
21
62
237
198
210
44
1060
593
146
170
125
18
121
341
91
38
311
42
182
687
79
166
51
237
235
235
185
1016
81
188
857
137
236
127
556
589
244
127
104
97
32
28
303
72
1182
183
336
72
92
63
245
46
19
83
53
5
176
199
54
405
15
65
85
42
279
198
56
72
2
586
88
286
62
58
60
114
172
512
252
350
149
85
196
188
170
69
272
298
99
58
161
125
74
129
17
394
136
380
7
38
401
126
16
30
123
602
196
11
53
104
793
286
634
16
29
177
75
159
21
231
222
191
31
296
346
186
254
246
21
84
119
425
10
123
3
480
65
79
79
169
130
58
269
125
82
48
262
97
75
374
384
344
651
399
75
197
393
226
1099
60
252
101
85
185
319
619
371
349
53
171
151
56
71
61
83
208
68
182
203
20
10
142
313
184
292
56
17
244
31
68
408
100
127
104
74
86
345
171
120
713
339
793
25
37
32
353
84
87
111
36
316
212
126
120
471
307
164
19
44
150
377
196
146
80
118
383
201
747
72
152
561
303
133
538
232
69
561
576
157
717
77
595
385
364
794
42
107
128
298
351
25
123
204
129
82
201
242
77
83
42
428
202
203
5
217
465
166
101
15
42
566
57
142
16
44
64
128
343
277
25
347
817
5
246
204
50
538
48
62
127
34
149
229
68
19
348
271
124
312
25
102
267
287
59
141
284
488
111
68
11
167
139
18
39
342
80
115
349
32
76
28
16
154
95
67
132
11
206
18
65
26
512
57
89
118
109
311
76
341
184
58
38
265
290
471
24
25
49
21
399
6
157
60
1041
216
778
269
334
142
67
5
21
7
30
107
108
212
141
330
32
118
633
207
15
85
98
183
183
60
24
32
136
375
356
175
40
107
104
171
123
218
465
385
308
258
506
35
402
63
198
764
283
9
137
52
50
247
42
119
153
70
181
177
126
20
125
2
226
105
171
301
45
533
882
378
66
24
65
51
61
97
55
232
268
173
11
53
244
87
81
247
475
1209
21
432
28
127
14
103
197
720
58
333
104
598
96
56
193
345
12
324
272
77
30
68
300
274
75
83
42
5
80
184
330
403
446
746
112
481
189
184
61
34
9
184
8
172
61
56
552
48
620
168
11
189
127
22
213
588
327
255
523
233
7
76
107
24
19
62
448
162
106
108
486
256
101
158
218
435
34
5
124
88
141
218
147
3
252
110
57
75
473
2
306
151
206
2
1110
216
211
198
213
294
27
193
1358
35
189
143
111
38
524
258
142
8
19
235
15
139
247
142
147
229
356
71
46
599
240
333
518
36
95
105
115
30
280
637
8
219
347
353
16
587
318
125
137
292
540
264
50
61
195
179
155
194
205
35
52
171
18
340
216
924
496
106
160
124
206
32
203
37
4
74
597
567
76
77
528
297
22
81
19
248
716
405
122
107
55
201
138
55
5
20
282
52
283
504
484
283
132
404
139
74
4
49
816
23
98
83
106
1
143
140
96
130
194
141
150
12
93
51
55
2
21
225
392
226
53
231
4
62
73
294
110
119
136
71
243
188
58
156
202
25
485
261
100
105
297
205
19
63
199
480
66
34
49
165
250
400
148
510
733
119
133
129
71
216
627
285
53
364
138
497
99
140
474
648
5
169
749
94
175
136
120
29
7
40
203
260
34
8
208
77
126
741
274
169
23
275
293
66
65
102
13
109
165
61
556
195
286
58
27
306
155
431
25
325
145
318
685
24
24
33
127
6
303
275
33
190
523
51
28
2
34
26
47
718
26
48
70
184
231
616
121
473
174
77
272
74
80
561
34
194
186
434
242
226
317
417
24
29
539
79
17
166
289
8
168
128
31
455
22
59
127
104
156
282
112
99
72
136
222
288
134
29
282
208
446
88
803
237
93
193
98
1
143
5
184
109
21
300
310
171
83
106
99
156
75
74
446
105
185
227
82
204
184
139
296
159
117
196
106
280
7
155
211
551
34
576
282
275
22
254
76
50
345
91
72
150
8
146
426
106
71
212
250
34
129
152
645
111
177
145
266
348
152
79
39
143
178
86
483
254
54
21
16
153
48
422
220
272
77
70
100
32
435
224
302
27
112
3
253
363
107
150
49
452
212
95
144
364
53
261
85
59
134
231
145
517
4
43
153
308
26
149
148
18
248
125
23
170
28
241
154
12
377
197
236
39
148
14
70
274
85
9
518
135
45
48
38
152
177
1275
159
128
269
14
122
107
609
50
408
275
176
75
1
16
217
58
190
19
189
260
61
307
8
254
26
305
11
99
226
46
24
129
581
364
336
269
128
8
207
185
349
24
33
153
314
185
127
72
2
68
263
223
54
49
60
213
850
246
15
439
285
143
200
60
165
30
81
83
598
178
215
274
80
88
149
7
230
16
263
35
144
196
9
39
32
7
327
49
39
12
194
88
55
275
5
123
340
378
196
194
88
105
248
57
80
96
272
113
155
204
276
215
84
42
10
132
1
533
76
55
547
372
109
102
6
498
3
211
266
215
91
77
59
162
90
40
93
72
44
80
79
36
220
25
76
67
178
328
490
82
63
6
22
72
147
185
29
278
38
427
524
131
169
27
70
339
3
16
177
126
188
68
19
53
130
75
366
111
391
80
19
100
1122
86
25
420
79
145
214
236
471
219
184
117
183
250
54
235
502
588
248
114
11
372
823
33
3
135
512
88
99
45
339
617
218
119
1062
56
172
212
316
478
129
809
163
444
35
251
490
103
37
62
14
775
581
139
58
579
605
93
35
7
12
158
136
186
68
8
92
66
90
141
361
66
741
69
42
102
72
265
63
424
234
762
169
22
10
260
51
89
337
32
273
198
17
119
183
205
253
68
117
22
25
151
36
107
88
140
132
276
106
85
82
311
63
137
264
3
122
664
82
382
682
124
123
157
5
672
251
17
218
382
7
6
187
32
58
197
101
4
5
574
53
19
53
139
150
241
216
34
196
195
23
186
193
118
229
99
321
27
143
212
219
374
154
186
650
278
222
634
262
230
817
48
362
131
40
24
538
565
11
38
84
16
34
147
342
235
98
1306
213
516
279
340
24
383
608
181
204
245
18
38
359
359
30
886
212
909
136
115
315
8
46
564
271
226
42
48
126
60
30
111
42
78
71
273
55
520
407
762
118
84
59
267
5
61
369
563
119
15
171
1
62
66
1054
161
73
266
4
4
72
226
21
546
82
59
22
79
25
178
128
620
151
627
6
388
124
54
12
579
82
31
518
14
84
111
485
75
378
155
153
920
471
586
5
5
97
195
48
38
221
355
153
579
99
344
86
117
33
132
82
22
288
176
30
179
410
237
6
279
157
82
264
479
246
153
59
99
626
70
290
190
214
24
112
176
390
38
60
28
584
47
340
259
153
282
467
63
153
306
1
193
452
87
241
62
778
95
265
674
6
23
1171
237
234
91
26
262
26
48
443
63
154
17
56
88
314
743
1245
141
395
387
24
415
286
297
191
63
362
424
1369
455
470
407
54
40
49
766
37
122
240
26
127
536
124
56
574
271
4
155
72
112
51
157
45
246
82
288
277
380
54
494
40
159
59
90
469
166
153
349
255
12
125
7
76
478
21
72
372
396
11
244
299
425
368
580
253
146
35
119
128
216
773
351
1008
138
15
78
145
8
301
55
150
10
199
15
369
246
224
81
126
473
11
243
134
111
296
200
248
528
25
506
56
14
252
111
287
161
242
126
228
153
537
5
524
34
277
75
163
162
59
425
503
68
160
262
180
85
503
205
336
304
115
58
192
34
540
960
99
260
366
131
22
235
346
118
384
80
259
325
13
102
281
657
488
200
102
615
83
205
7
130
60
29
235
127
55
264
675
64
98
62
145
3
171
404
26
58
357
270
322
166
11
465
526
13
275
311
328
143
16
7
243
26
399
62
318
175
388
78
956
135
372
195
22
229
893
31
82
211
840
300
166
175
77
120
94
28
76
352
77
140
52
613
91
2
11
223
3
164
72
37
7
79
122
130
79
17
81
76
349
78
6
9
574
336
268
31
154
175
23
7
356
2
83
168
71
12
363
15
557
83
141
52
602
546
142
256
58
285
227
464
316
105
62
92
50
41
69
326
243
77
45
479
173
13
6
275
197
211
342
99
150
355
134
41
123
575
421
128
66
58
46
30
67
152
185
312
1
174
10
711
1
232
65
40
31
224
4
18
76
202
45
313
14
491
93
116
23
118
8
13
37
10
37
714
41
295
154
171
63
413
38
470
105
147
183
309
117
354
24
460
38
81
293
205
43
115
90
23
69
1079
12
8
2
189
545
18
52
231
34
45
75
439
498
174
271
24
8
444
275
129
51
50
388
151
495
152
421
47
289
6
58
199
177
40
56
95
620
394
912
69
30
93
309
112
204
238
218
52
9
413
222
149
87
316
398
133
194
64
121
4
767
280
15
375
441
125
213
275
300
107
440
18
292
1
233
60
305
218
226
21
219
81
36
403
178
20
153
501
122
446
173
191
138
164
227
189
332
24
92
19
8
170
43
5
488
53
87
25
432
193
29
112
162
17
150
88
27
75
12
6
179
203
62
257
468
116
374
90
311
154
388
269
129
430
1
153
8
109
124
247
173
107
52
98
576
35
104
332
53
86
121
131
308
705
400
7
423
22
42
1
395
100
535
2
492
191
63
146
46
29
9
248
179
193
1045
190
221
343
303
6
70
354
186
102
101
174
16
45
44
819
36
469
213
156
279
38
66
276
316
82
13
39
123
290
272
148
76
49
33
155
820
287
301
22
51
99
93
92
564
387
256
52
15
491
101
14
343
130
175
932
48
351
382
161
112
132
581
30
488
296
107
1
234
275
56
54
409
146
59
121
368
181
108
245
13
84
449
62
784
29
551
289
1
70
109
137
1
119
47
42
89
80
14
29
492
229
86
1258
599
79
40
40
142
803
82
1
27
681
167
217
110
78
156
47
136
141
45
123
178
46
200
26
13
102
76
10
4
53
367
462
248
339
421
23
2
161
197
111
20
8
106
1036
228
45
238
42
388
245
48
23
518
65
106
21
65
661
677
22
248
6
167
35
56
126
226
3
289
331
151
1047
206
65
6
51
199
431
310
65
22
186
18
80
22
32
362
2
22
130
106
390
8
229
123
251
131
50
135
439
152
50
97
123
71
394
186
147
135
125
73
295
19
96
7
52
159
64
68
120
134
396
201
23
98
288
162
50
46
136
355
630
107
53
191
64
110
121
536
67
351
986
343
237
147
228
388
30
9
17
56
276
49
141
50
380
139
335
718
12
8
35
325
210
392
57
277
195
51
38
98
27
159
140
2
298
550
193
665
179
240
649
65
555
491
61
85
75
121
84
548
75
119
172
23
194
215
208
104
104
280
191
554
425
472
824
203
128
260
303
87
88
819
66
9
303
13
126
302
549
225
354
281
323
271
165
8
270
575
298
68
55
482
365
34
183
137
104
165
609
27
50
186
107
243
90
73
279
751
477
430
96
528
258
360
13
16
103
129
21
44
594
46
123
114
95
44
161
59
235
266
24
47
124
484
668
2
143
491
10
342
384
191
150
79
118
226
82
119
381
470
2
54
121
12
27
478
52
341
53
126
277
46
165
448
135
10
111
98
1013
338
177
181
8
149
129
78
93
414
184
240
30
102
997
53
155
353
1
286
386
91
82
285
119
25
197
578
296
96
115
231
11
10
1149
34
215
283
154
253
397
24
156
145
637
197
325
233
112
190
182
61
45
302
323
22
196
236
88
696
54
420
379
17
427
271
202
42
99
10
58
211
55
39
166
111
128
376
103
124
74
177
24
149
218
181
293
333
19
63
145
109
63
21
272
20
220
27
169
54
92
265
94
189
318
552
316
321
75
499
745
277
85
5
130
144
27
570
185
157
191
63
179
177
277
43
106
184
158
147
179
225
46
267
421
112
312
91
17
390
172
68
522
20
215
69
84
5
501
157
436
71
585
46
308
190
1
477
90
335
200
82
47
264
733
172
619
64
121
147
760
215
363
1044
417
94
87
375
17
246
397
249
110
111
322
230
5
131
369
175
81
67
2
18
209
130
51
91
4
218
781
165
300
23
28
229
219
345
132
57
295
11
54
90
52
188
388
106
581
2
152
33
62
491
254
90
388
341
690
334
234
125
156
268
129
604
659
172
87
2
20
31
51
100
306
960
157
436
292
41
484
418
336
30
83
597
310
406
138
144
234
49
348
416
63
100
312
304
75
139
49
382
40
64
667
470
260
244
352
201
34
440
1358
179
460
221
538
750
45
100
633
35
83
127
135
119
63
643
36
7
192
417
281
188
252
127
53
189
278
42
283
169
184
145
2
144
126
122
213
523
479
335
83
46
83
14
692
16
192
741
276
863
318
249
229
430
206
222
923
95
3
260
52
284
221
30
121
368
219
326
81
16
369
24
122
531
173
18
292
949
87
13
111
289
52
190
540
196
405
446
502
478
28
46
86
188
428
535
169
194
23
194
2
9
445
87
388
127
107
44
188
301
132
558
306
81
288
303
216
26
63
59
108
287
46
18
123
413
268
35
75
270
420
102
574
310
507
241
317
319
224
225
115
88
905
108
30
138
256
1
54
1
238
696
185
80
309
116
23
208
240
39
87
538
152
52
194
194
285
108
58
262
212
98
106
1053
346
104
149
508
443
223
58
60
639
83
76
386
493
530
13
92
44
117
18
296
20
314
268
42
47
380
498
532
25
303
476
73
454
454
234
21
150
290
145
46
373
287
22
109
18
328
76
341
199
139
190
228
10
92
49
134
7
119
48
468
71
487
151
56
21
946
22
91
88
388
12
140
23
261
57
608
62
498
15
28
94
938
295
502
90
353
43
384
701
274
62
1
459
111
20
22
66
416
624
488
170
24
26
37
124
352
269
51
445
244
287
289
289
210
23
182
123
202
5
699
262
95
543
107
19
164
201
153
63
352
33
294
363
71
38
162
186
268
68
377
407
46
6
157
23
73
429
218
55
379
66
394
822
15
308
39
143
31
104
145
381
51
77
329
67
290
451
88
44
53
80
68
170
8
267
196
230
412
19
488
14
26
286
450
95
207
24
39
62
184
427
96
313
153
322
272
143
125
44
190
387
39
1
364
367
116
683
141
264
94
111
847
297
238
130
307
147
3
500
28
557
619
282
324
339
77
216
30
178
556
44
249
42
152
42
211
878
49
5
7
128
501
76
91
221
107
215
177
969
40
546
190
169
341
555
320
197
54
227
100
12
78
54
96
280
87
124
252
316
302
111
102
17
245
461
93
147
248
281
243
86
59
187
7
226
102
163
261
434
7
89
283
500
86
409
235
19
311
29
401
142
29
488
29
250
7
9
40
170
188
115
414
21
111
22
206
55
136
658
72
53
160
501
79
210
83
429
12
237
17
53
301
375
424
117
25
134
70
77
323
153
265
179
43
269
818
71
159
249
138
256
164
63
264
71
6
44
48
63
56
9
166
136
721
1121
46
42
166
136
686
5
20
174
71
79
17
254
75
322
233
4
103
194
458
168
187
33
208
703
132
56
86
171
220
96
340
190
451
161
9
307
202
40
284
91
23
640
79
126
433
533
381
155
307
217
12
224
71
386
326
384
58
55
341
239
494
16
147
342
80
31
124
100
686
147
83
1133
169
9
8
94
65
260
220
30
348
15
24
20
6
141
680
44
49
483
119
312
519
130
28
47
131
314
15
74
262
138
51
14
226
82
227
323
32
601
189
31
68
68
133
74
22
491
118
338
224
28
93
45
105
46
159
367
483
162
125
137
305
67
208
195
4
340
13
18
59
16
1363
86
156
744
583
291
530
191
100
1
142
899
13
55
37
178
144
57
307
241
175
442
16
296
229
42
303
235
81
145
119
72
1079
4
154
3
187
431
3
387
331
143
45
317
86
44
21
236
186
111
385
253
248
99
216
170
58
285
267
94
855
92
227
156
186
433
354
139
507
10
571
188
152
168
350
16
100
77
44
68
59
372
126
76
129
403
223
3
24
312
60
140
394
422
787
111
227
34
165
278
233
188
105
164
58
404
11
174
244
354
159
401
266
116
167
108
368
35
85
30
425
48
76
549
30
59
134
75
471
135
127
73
10
447
42
25
136
170
30
64
30
507
81
204
35
192
229
38
28
15
3
255
1
109
123
275
83
219
112
62
349
8
440
485
135
43
35
105
199
75
558
83
441
278
343
154
132
58
584
557
1033
96
20
56
296
66
370
52
83
60
26
18
342
104
272
160
369
289
68
64
423
43
474
39
139
119
96
48
144
228
17
73
116
361
21
472
80
28
49
449
85
31
735
63
24
218
160
105
66
368
203
66
72
298
18
108
387
23
128
6
448
254
103
15
331
32
207
202
214
294
495
130
496
104
141
11
290
91
111
458
76
193
91
245
324
22
22
441
41
314
211
16
25
208
344
60
314
1126
112
16
173
129
418
510
611
19
74
94
240
147
16
211
338
62
254
162
27
229
44
218
11
155
167
34
144
48
365
22
110
8
58
173
290
814
196
103
240
48
17
470
219
190
321
145
803
498
9
159
403
133
43
2
97
87
626
315
61
201
162
13
16
437
1363
52
262
142
66
73
270
291
190
6
62
182
135
162
91
226
299
26
123
638
139
113
113
45
216
54
97
182
215
340
129
30
216
346
356
256
164
54
3
245
307
368
560
442
205
13
388
192
118
112
41
4
30
203
325
5
187
116
273
60
115
60
228
84
74
419
63
301
294
4
306
613
171
38
746
97
80
152
236
304
228
86
35
8
248
168
118
263
342
19
11
55
291
140
22
6
26
197
19
69
337
237
227
104
11
161
141
115
53
237
120
40
44
130
88
412
107
93
208
46
107
175
394
199
26
429
136
236
88
6
39
84
42
151
215
504
95
57
140
414
192
135
13
310
327
27
174
369
9
110
9
67
184
8
166
1225
167
596
581
320
95
274
63
134
779
2
6
81
335
53
309
946
86
17
304
164
108
80
136
265
792
75
190
310
231
68
104
93
287
128
464
300
203
40
548
278
415
347
116
115
246
45
4
162
433
374
52
105
5
358
176
325
48
377
226
139
14
443
125
57
656
117
31
6
230
115
184
194
32
456
434
2
142
169
240
318
65
97
89
50
260
24
45
299
74
13
464
38
53
27
222
179
3
14
320
517
34
85
150
12
223
92
244
299
280
129
41
108
36
143
126
375
248
86
150
375
116
43
71
150
298
735
316
371
90
291
82
326
306
121
346
135
483
180
173
120
16
290
219
178
309
61
45
25
60
122
179
227
91
249
49
59
92
35
121
476
7
43
168
719
102
6
115
338
511
31
152
247
44
3
40
607
768
449
154
339
268
12
62
103
116
72
89
3
311
23
22
35
218
48
214
246
519
11
36
102
90
335
534
42
570
142
186
190
36
424
336
247
196
137
63
192
189
406
284
114
462
663
10
115
128
461
22
59
95
53
206
16
126
192
136
141
51
60
220
33
90
483
242
149
130
359
35
100
112
152
328
23
220
184
114
12
65
166
277
349
392
878
88
33
19
308
63
55
11
981
549
187
42
457
49
640
616
389
83
63
4
200
52
183
31
186
58
314
133
255
310
185
173
125
199
100
210
293
220
561
148
34
345
139
371
714
258
229
326
14
13
58
26
260
21
119
128
66
81
455
22
24
278
269
356
147
201
10
41
54
110
27
361
486
174
332
29
131
517
79
408
225
106
338
12
182
349
34
463
211
88
19
259
235
145
88
2
264
96
342
74
15
198
67
65
32
75
941
120
915
406
137
19
198
80
469
269
55
39
42
289
124
369
161
158
204
71
153
179
103
260
440
56
98
251
403
53
123
631
662
307
68
592
288
136
173
180
536
231
406
59
962
135
38
35
575
86
86
222
83
35
156
95
472
311
139
122
73
38
39
74
25
251
95
460
224
47
469
350
302
1155
502
140
724
185
654
143
98
144
115
153
317
98
439
410
819
88
649
707
848
224
80
872
74
108
132
324
265
119
240
136
318
94
9
250
143
254
264
603
128
2
264
31
450
7
454
184
246
533
151
257
65
101
229
130
401
217
9
17
112
152
299
471
324
24
25
5
594
159
22
96
61
105
69
20
185
657
268
319
28
24
42
147
141
21
249
19
175
335
259
139
44
391
220
49
18
20
50
469
186
455
104
152
68
397
95
79
384
27
73
154
300
16
29
142
706
199
191
935
260
348
104
39
125
538
195
111
104
322
225
41
287
218
239
1031
158
29
133
25
158
170
46
267
201
186
311
41
575
554
73
41
6
58
40
163
189
85
190
93
771
73
1
6
223
363
281
44
141
165
78
21
160
115
294
36
36
14
311
98
216
13
107
147
236
53
93
118
1003
308
80
272
142
65
598
584
164
141
15
103
22
19
333
56
243
638
10
110
71
112
901
70
79
29
71
236
98
142
143
802
545
7
38
14
34
765
133
311
188
376
382
265
270
60
22
393
339
125
321
672
111
56
126
114
25
95
6
54
59
106
87
213
259
659
63
251
158
61
313
281
826
30
7
32
71
43
162
188
218
94
145
19
109
222
145
224
38
25
98
152
454
400
415
70
197
158
126
474
310
174
63
97
334
270
62
118
24
189
280
136
891
46
102
521
189
120
207
52
186
287
441
327
101
100
62
15
405
365
80
242
118
712
158
166
42
26
481
64
1032
359
139
386
142
166
93
125
328
522
177
210
139
346
288
27
71
22
552
141
208
1
29
1
163
16
123
146
39
350
13
26
52
295
339
98
461
34
16
150
65
6
70
368
472
460
608
102
191
244
147
121
28
67
432
163
200
26
14
343
336
143
146
79
165
518
558
26
343
301
404
307
286
68
543
10
364
234
26
98
355
138
392
27
121
6
72
630
206
541
208
98
22
490
329
13
48
101
79
113
434
77
355
278
127
343
447
385
68
770
213
233
456
95
6
15
256
225
346
204
7
528
239
131
2
412
38
86
398
407
214
9
232
287
286
304
18
84
302
43
46
211
213
272
54
356
73
39
2
277
186
428
254
26
546
240
131
76
171
12
224
202
345
3
301
42
39
17
276
36
108
84
146
230
572
368
266
565
45
228
86
425
148
330
17
24
70
925
110
62
237
441
62
169
556
283
234
291
74
232
17
42
374
491
25
32
12
24
281
97
114
36
288
308
38
97
667
22
517
209
249
369
534
103
261
32
83
5
486
288
24
137
36
471
82
419
408
45
60
151
26
111
594
159
51
65
396
109
238
428
46
73
44
59
103
946
199
114
171
476
486
155
61
54
160
106
90
154
185
22
148
483
27
530
477
22
230
61
199
168
13
370
251
564
235
325
577
452
1035
18
107
378
26
157
32
131
62
97
196
156
26
48
157
506
154
88
234
116
12
267
51
80
75
655
64
416
779
442
24
45
79
89
377
200
562
79
425
212
321
23
10
431
41
674
270
13
177
280
444
144
52
319
25
9
40
337
470
299
338
2
41
354
176
22
18
96
269
149
69
4
24
117
287
472
152
473
56
232
780
290
81
193
11
200
135
454
384
168
388
211
503
271
32
164
49
283
160
167
389
416
506
228
198
398
28
68
415
219
476
850
431
200
10
103
87
147
60
499
1
798
181
386
793
294
252
1758
25
88
439
1
184
46
9
179
58
111
255
11
430
690
72
1157
561
41
68
374
504
360
9
772
278
107
324
18
216
402
78
191
219
150
671
382
57
115
203
158
84
300
81
168
46
203
253
184
59
371
152
67
146
10
42
320
244
334
97
96
176
456
24
242
242
137
397
189
8
176
106
40
267
37
734
160
118
176
36
148
104
202
127
98
410
255
283
542
530
253
123
27
87
349
609
106
156
16
428
27
43
285
307
776
269
115
425
11
42
340
90
80
116
38
3
39
229
142
153
313
671
63
92
11
148
243
114
261
636
228
157
178
439
35
463
63
27
4
139
131
824
116
289
113
403
213
69
2
191
36
4
193
341
44
225
52
202
227
396
136
47
74
177
151
66
19
194
50
27
545
139
170
87
206
153
18
225
441
211
177
73
148
113
141
660
348
34
15
43
1031
60
95
1
165
696
348
133
533
148
367
124
335
293
108
300
253
162
100
76
63
218
675
89
152
245
99
85
15
325
83
217
861
92
470
151
198
404
239
179
38
461
971
73
398
107
119
251
10
113
71
246
305
24
154
85
49
141
10
95
117
363
30
134
18
210
117
118
70
226
247
215
100
299
95
73
454
284
115
179
23
130
174
55
2
1102
7
333
241
45
22
551
10
235
482
16
333
68
43
412
553
2
294
249
61
424
153
173
76
86
142
322
126
269
419
297
27
159
152
62
47
442
5
96
178
4
121
329
306
39
49
104
152
242
28
274
158
222
391
246
24
568
26
242
313
728
216
200
464
46
125
41
10
98
26
148
88
233
453
6
249
551
103
22
206
324
98
258
22
76
173
275
423
149
16
198
363
215
58
191
241
199
179
4
194
50
158
212
53
317
255
10
103
472
137
137
113
175
130
174
434
247
294
50
322
70
153
421
122
887
327
796
130
241
6
41
115
204
71
150
242
208
275
34
276
30
17
176
209
152
232
48
571
124
88
25
210
222
814
255
180
423
81
127
307
145
52
14
18
193
49
94
363
293
31
185
276
105
172
359
206
88
204
137
107
463
20
454
324
69
61
100
68
663
230
66
290
100
885
4
57
370
918
427
74
484
107
190
132
47
61
41
89
821
73
62
152
16
181
134
50
2
161
21
223
181
159
17
35
408
121
91
250
255
32
50
94
8
107
94
29
278
59
7
79
164
1
79
196
278
75
69
123
468
95
4
713
372
125
3
71
240
23
102
87
95
12
3
441
82
85
9
743
673
141
61
225
119
98
123
25
107
153
36
226
62
188
67
142
139
335
232
22
384
306
95
30
214
563
91
73
46
272
279
94
140
342
48
28
53
123
104
146
62
104
120
191
189
123
4
237
15
342
39
21
150
211
153
27
27
387
376
219
63
137
181
309
261
373
235
1
247
166
426
117
52
466
597
191
219
132
72
8
310
160
6
100
28
53
13
129
12
246
137
185
92
351
203
296
263
15
789
48
469
100
168
180
588
389
543
189
97
174
39
30
179
497
59
240
69
96
29
114
125
56
336
86
164
75
490
750
76
357
356
59
12
763
25
288
303
545
32
28
538
1055
219
237
33
226
85
75
390
74
421
87
12
12
304
261
27
404
111
31
2
73
123
51
194
239
32
374
327
211
314
68
240
77
282
136
373
112
56
28
461
164
104
215
65
172
366
35
163
278
32
23
10
142
160
344
64
63
58
347
345
90
161
326
69
130
103
108
304
191
95
203
243
6
306
438
66
19
467
211
171
168
3
318
101
75
60
79
489
284
766
299
85
63
172
852
152
275
151
117
300
149
200
500
294
613
12
220
572
250
87
335
24
61
554
54
266
109
48
191
211
171
396
411
188
108
130
267
125
277
7
203
94
67
92
209
350
483
54
248
394
109
8
366
77
27
318
157
126
99
138
36
346
126
101
96
169
236
84
160
88
119
295
37
355
411
105
21
334
349
72
358
85
3
66
149
170
315
115
520
244
190
228
8
747
152
8
214
461
355
256
146
228
31
173
70
27
22
11
27
439
661
44
563
113
33
402
60
123
56
223
236
68
81
312
456
431
47
52
34
906
104
204
78
31
135
58
90
591
206
13
43
115
555
370
7
400
80
11
4
312
321
68
55
295
199
78
1108
153
66
91
111
594
362
177
55
217
132
164
343
255
1027
225
85
11
243
27
45
26
445
166
94
180
27
8
12
112
114
58
40
29
415
340
22
187
99
148
31
93
122
55
47
171
142
178
53
163
163
448
202
96
5
180
138
25
53
203
262
59
146
1
447
24
124
514
521
144
37
416
136
200
20
1286
34
90
94
726
19
812
31
741
191
163
278
328
34
342
126
306
572
629
135
137
37
24
383
953
255
530
27
157
87
4
109
143
98
211
202
128
278
177
117
36
146
65
594
81
236
100
154
29
126
700
341
20
200
1328
47
71
105
373
12
443
93
77
324
108
261
267
37
43
204
365
313
48
328
419
82
297
14
268
129
76
37
117
320
203
143
385
7
19
1
655
183
281
317
160
622
81
19
196
238
245
298
114
395
388
10
112
126
45
334
746
221
509
1
55
173
119
193
781
37
171
192
244
54
115
125
571
548
363
131
9
311
14
294
67
221
314
454
246
277
31
15
120
376
148
7
597
33
71
91
454
323
556
121
48
69
248
333
587
31
131
1
114
390
303
357
145
172
232
22
50
114
192
172
251
17
210
104
422
85
115
282
84
127
81
326
85
543
337
399
53
77
302
374
682
35
361
287
130
68
39
143
41
186
20
208
161
308
327
89
11
368
175
98
65
10
420
13
230
40
124
56
230
162
51
73
149
316
231
613
269
380
394
12
152
46
146
45
631
256
124
53
47
35
517
120
416
283
217
251
148
438
352
36
106
66
62
285
248
242
57
101
18
215
77
294
528
2
72
278
32
951
12
120
335
221
25
260
153
35
270
82
427
283
166
114
264
63
81
232
369
223
479
221
147
119
19
301
275
203
80
103
162
9
1
156
10
169
66
185
398
37
31
182
137
80
302
121
45
206
338
214
649
82
153
595
63
71
229
71
17
166
578
385
358
220
228
26
325
512
2
9
241
6
393
62
338
1126
14
50
169
396
17
81
350
36
118
2
294
201
173
206
272
20
723
102
386
1105
112
452
246
194
91
193
20
84
391
45
4
915
128
79
352
265
121
129
493
130
116
46
233
50
51
50
62
96
242
510
248
143
167
225
20
103
416
134
77
9
15
88
878
98
148
604
38
106
54
530
110
115
304
137
459
38
8
149
465
111
431
471
246
7
94
89
3
385
157
104
389
108
101
297
84
22
47
414
4
96
240
208
62
10
46
115
141
550
104
34
194
15
276
110
95
260
24
532
57
103
358
252
110
19
244
182
105
469
850
125
2
134
16
217
16
36
478
37
345
77
228
316
23
1007
873
31
125
22
988
132
67
77
230
91
551
7
363
13
52
102
311
233
1100
480
171
23
46
128
168
111
98
124
41
52
293
263
289
78
544
3
48
44
82
252
138
427
159
163
183
136
172
8
3
22
12
38
92
49
257
143
77
159
593
377
48
79
265
213
248
342
714
215
529
82
82
162
33
102
194
79
291
76
540
24
147
393
133
32
184
71
111
217
293
121
134
74
4
13
374
775
523
18
789
172
63
65
522
203
800
204
267
82
18
9
140
288
209
245
315
9
97
297
337
33
1219
220
43
4
365
136
221
291
800
35
175
210
80
130
132
189
329
496
239
543
63
66
48
719
45
794
249
107
322
32
26
9
160
72
129
136
405
302
132
502
490
229
192
24
39
135
19
666
466
31
148
334
1358
268
237
168
120
193
42
37
453
5
69
59
117
12
672
180
64
37
68
41
52
422
32
151
367
668
160
7
4
342
120
1436
524
47
76
49
30
32
102
157
236
21
874
154
33
55
143
149
43
1
329
35
465
172
117
346
80
207
100
917
95
10
569
417
224
175
34
114
128
229
256
28
39
33
181
134
202
273
40
364
259
258
130
63
96
43
2
57
188
90
385
395
213
144
223
35
350
372
1
170
28
569
293
390
72
16
49
163
75
12
60
110
595
393
121
323
169
268
162
106
195
10
462
143
3
141
153
495
571
15
98
366
61
54
91
1
1042
372
223
5
15
61
57
145
467
8
190
417
392
340
5
60
66
260
48
207
16
459
207
161
160
115
154
65
132
125
160
41
32
149
139
6
64
6
413
238
183
692
160
123
21
200
163
16
123
145
42
341
548
38
82
345
31
46
103
295
420
27
179
91
196
67
658
153
271
201
17
439
3
129
173
90
183
710
153
141
1
194
572
112
33
98
35
340
40
265
217
12
1271
73
682
380
59
95
8
91
298
545
5
90
21
121
261
55
34
51
158
148
260
87
77
248
280
45
430
783
22
131
244
248
406
233
95
69
360
35
107
41
29
100
19
257
293
485
279
177
5
93
102
119
109
23
400
279
56
414
139
20
73
836
205
33
775
161
272
228
30
15
144
137
12
11
408
531
480
558
26
274
531
825
26
589
355
94
394
132
176
58
49
67
35
447
71
205
69
293
45
88
458
212
125
208
55
167
42
66
94
257
4
469
14
53
654
7
229
270
71
220
49
294
122
4
1
551
52
68
52
323
22
1758
348
155
27
358
391
37
16
108
894
158
88
19
20
418
98
12
217
437
432
519
9
127
402
25
32
577
235
9
236
247
6
203
178
121
13
19
160
231
310
79
157
304
282
39
32
64
16
249
113
177
12
251
115
750
75
261
399
363
226
240
10
31
294
203
359
49
167
72
110
159
322
82
319
457
167
418
350
92
545
10
193
245
635
83
56
145
416
91
102
200
437
455
28
86
84
249
38
271
208
42
11
301
324
26
131
123
374
281
45
247
19
115
342
46
124
567
296
460
390
404
687
115
275
26
56
37
708
499
42
9
7
77
133
816
245
241
69
26
96
49
326
112
409
193
182
30
33
145
325
156
302
111
278
121
101
235
34
7
24
213
111
47
36
22
55
94
206
114
454
199
222
140
209
60
375
216
134
213
81
444
176
117
96
170
461
760
236
304
24
703
113
220
105
118
48
324
69
276
632
5
537
356
537
248
47
147
314
756
1016
1061
6
277
361
46
191
41
154
104
49
104
342
184
337
9
193
8
12
144
21
140
50
148
1
219
23
297
110
29
244
81
177
138
828
189
270
3
218
131
273
49
63
108
123
31
93
48
145
92
72
39
173
196
49
78
227
35
381
128
248
190
321
346
245
178
217
364
624
212
501
5
177
849
396
146
226
101
111
599
148
489
62
175
27
237
592
34
140
116
156
112
597
13
143
461
286
315
55
205
186
142
1106
261
18
100
264
59
178
294
147
95
7
56
996
90
177
438
206
22
876
257
63
23
136
38
135
88
28
260
192
16
66
158
261
368
55
44
82
4
302
60
108
621
105
5
55
822
72
743
269
179
189
79
378
343
35
57
190
78
34
22
107
7
9
82
37
637
2
60
365
7
73
120
21
135
765
2
132
296
13
78
459
98
344
210
336
256
53
37
680
65
35
256
662
59
111
8
175
5
79
152
30
97
229
152
289
29
10
11
499
435
27
422
1
182
7
44
107
332
129
107
397
9
110
133
79
79
110
103
124
74
20
13
373
794
469
65
359
96
420
20
124
81
53
45
33
230
202
164
194
518
23
13
351
310
44
97
63
223
140
303
145
121
40
929
67
182
114
12
574
13
248
40
273
645
175
113
212
116
783
111
25
280
350
299
188
4
241
141
70
167
186
24
221
109
111
161
141
358
44
360
598
92
277
117
26
124
377
74
11
2
100
171
76
347
316
344
38
178
28
5
186
26
28
528
14
149
202
15
65
31
178
38
526
338
38
22
218
95
37
36
22
415
35
429
83
142
206
11
242
239
205
50
30
71
622
91
16
111
178
729
16
342
131
50
38
66
25
132
35
17
32
510
299
411
159
77
7
5
128
496
183
429
90
121
154
460
110
30
64
27
6
297
25
1
45
258
43
706
241
1258
26
323
402
22
61
38
304
583
646
114
379
123
134
7
99
42
38
169
84
168
125
678
222
17
76
224
164
6
257
118
1
34
291
187
407
344
746
70
13
500
104
203
338
75
47
93
311
771
29
323
1042
166
221
206
44
180
76
215
347
12
249
186
15
163
11
105
38
304
158
20
162
133
90
97
418
249
345
128
180
129
50
517
28
197
27
41
58
24
129
198
267
84
80
235
511
448
203
651
59
68
341
304
101
972
163
62
2
130
185
58
327
108
652
26
654
388
70
677
125
150
415
20
142
1
648
69
159
637
473
402
15
52
397
466
232
417
111
253
210
6
11
696
101
203
183
105
40
575
377
250
108
347
75
108
337
284
49
83
467
201
656
167
9
20
662
87
141
220
27
4
255
95
421
52
74
15
20
211
563
39
231
133
222
17
73
313
327
488
490
24
484
449
197
85
12
687
197
91
438
887
151
70
183
27
5
744
119
269
27
165
398
111
499
237
278
124
18
62
21
93
22
50
126
333
116
82
129
149
171
147
379
165
54
141
29
130
202
140
237
283
20
235
9
37
422
19
33
55
188
263
295
196
10
201
112
159
214
145
26
8
277
269
92
44
163
126
210
50
19
117
447
83
25
114
9
128
26
290
82
295
159
495
97
292
50
214
199
90
60
238
69
90
76
70
99
324
149
357
528
273
725
298
393
307
7
7
438
1041
107
36
267
143
70
102
627
131
80
562
408
185
555
157
278
629
207
317
358
94
438
21
53
6
21
343
96
137
101
169
17
937
273
14
283
1
619
181
786
9
69
130
498
253
24
166
264
419
84
44
176
3
26
186
66
209
136
57
46
659
130
710
178
74
79
184
289
443
91
296
108
78
56
186
143
57
493
22
555
289
50
314
137
451
104
156
63
293
103
13
11
297
65
3
375
98
172
54
21
472
14
8
234
309
155
2
87
342
44
89
155
386
78
53
100
75
211
543
399
34
70
192
192
185
138
73
286
61
33
309
14
419
79
83
241
136
283
245
25
36
152
91
38
816
449
137
13
199
133
214
44
34
379
190
163
53
172
73
244
165
469
106
573
259
29
128
335
20
234
15
120
21
46
1
587
171
108
499
63
79
58
111
394
260
726
19
139
146
217
78
147
143
519
189
739
126
42
17
397
357
86
340
667
156
53
1092
117
208
171
38
272
615
3
321
539
105
311
113
9
112
193
138
146
509
145
53
95
48
487
202
34
161
678
1328
55
137
81
490
242
335
67
63
40
39
160
41
588
82
201
91
276
3
8
346
131
47
43
124
80
35
120
128
122
230
969
4
348
14
614
37
55
66
225
172
57
269
92
352
486
56
15
664
34
111
50
29
212
93
237
361
793
189
217
284
3
59
20
191
55
117
62
3
9
381
20
320
173
134
229
345
72
119
414
207
285
466
43
22
283
2
786
52
122
615
27
141
153
437
36
422
677
497
32
160
163
497
23
785
304
89
113
22
13
411
9
36
8
307
239
59
747
75
52
397
370
224
30
170
44
318
72
56
126
413
46
255
245
126
139
146
112
97
64
117
184
6
315
198
113
138
44
603
679
14
359
72
44
85
251
216
209
309
358
131
36
309
279
75
425
18
66
32
12
231
174
128
327
4
163
132
84
167
406
104
382
211
105
120
157
207
180
75
1
62
73
249
120
52
362
616
553
569
222
575
41
132
121
214
5
157
915
147
34
187
192
221
51
8
309
167
423
82
52
496
382
51
131
102
232
390
48
27
46
333
24
82
67
19
243
73
16
452
656
408
48
80
12
202
32
315
4
55
37
65
308
246
56
59
82
86
46
115
90
30
129
11
62
19
328
489
392
169
57
652
167
4
354
156
148
10
32
16
95
106
84
108
36
285
239
155
16
247
74
339
129
34
3
198
3
76
37
120
39
120
70
51
23
301
70
30
15
134
50
205
86
91
72
333
705
949
47
385
25
740
60
562
126
42
163
17
119
126
281
71
193
310
119
277
26
78
384
24
131
97
369
359
204
260
494
180
154
37
55
171
20
856
71
376
742
16
73
165
442
84
504
30
419
63
101
48
85
35
265
159
55
2
578
182
40
127
6
1722
470
456
248
215
409
511
197
223
87
148
519
328
419
19
871
282
90
110
73
414
278
30
26
197
165
128
541
126
25
465
115
89
374
199
5
222
145
74
111
203
219
13
165
32
36
42
58
5
43
193
327
177
148
124
40
195
95
267
229
169
327
233
519
20
370
215
10
285
79
3
360
14
244
14
344
141
253
128
666
487
50
16
1122
323
13
219
7
459
81
186
153
198
362
349
55
251
22
27
24
223
332
58
681
93
796
294
302
104
268
24
91
132
1
386
120
164
855
203
299
507
320
257
71
643
2
217
18
360
156
1
5
275
242
172
466
13
256
55
812
633
200
199
207
444
346
392
45
138
32
185
130
55
395
174
60
129
85
432
34
34
329
29
11
502
606
443
236
265
410
96
119
410
6
425
719
98
231
363
282
375
179
30
38
141
79
144
35
225
17
151
19
129
60
38
571
251
260
115
87
19
21
626
212
118
303
16
133
76
73
96
20
113
186
34
391
123
253
236
50
215
225
695
146
230
691
203
461
59
108
326
411
485
301
166
161
171
598
282
68
24
26
509
212
220
231
494
144
548
66
32
28
25
327
525
5
287
272
438
186
59
197
507
46
19
4
206
169
274
349
341
119
73
70
272
87
168
157
5
15
402
696
267
8
82
91
126
36
314
20
27
46
4
40
14
66
179
206
132
178
9
484
139
3
150
238
678
169
267
25
109
117
64
128
38
169
42
127
1157
125
574
60
99
76
121
27
385
814
136
42
49
718
30
533
95
894
134
507
164
35
94
162
104
142
64
41
2
345
34
120
63
111
132
42
170
5
11
252
58
41
620
482
335
158
73
349
95
89
2
67
80
114
64
54
186
24
16
52
202
87
71
396
95
141
292
162
104
418
478
117
166
246
55
313
20
186
103
283
291
15
820
341
537
41
340
272
1
15
883
114
71
43
66
128
286
30
58
280
126
464
242
1278
116
88
236
149
256
487
438
22
34
8
110
64
401
221
918
444
499
36
105
89
17
367
86
63
46
257
132
446
38
178
248
74
414
457
287
149
45
244
338
126
137
32
108
25
128
189
91
245
4
33
348
66
471
61
89
124
356
201
21
323
308
457
327
140
46
15
841
522
424
228
351
216
20
59
33
155
545
47
23
115
75
275
350
42
160
456
272
130
25
46
359
6
108
60
120
573
24
173
1129
175
612
3
35
256
175
40
479
118
67
25
804
157
34
209
20
318
196
210
157
648
410
276
147
359
4
167
244
46
196
21
148
13
123
83
209
471
612
255
14
125
100
129
84
252
55
142
100
153
179
442
98
299
59
154
16
47
95
41
50
16
23
63
96
214
64
292
251
231
154
200
18
548
765
421
30
386
188
628
183
160
276
125
137
1
293
338
144
390
30
609
56
171
64
246
134
94
27
420
96
278
1
207
153
524
183
102
482
18
209
179
222
249
57
230
231
598
60
320
588
45
305
38
190
528
40
959
376
566
173
250
60
4
94
122
14
50
217
170
319
269
18
747
216
188
16
79
91
29
483
221
173
96
202
192
287
179
52
224
167
327
11
311
161
189
2
265
114
75
106
105
150
98
973
208
252
157
14
206
155
68
61
172
244
59
403
149
253
52
35
63
359
28
314
19
15
426
188
25
130
112
558
96
112
319
308
22
18
156
452
86
327
95
42
206
250
104
135
187
22
260
14
62
573
320
470
13
44
101
52
45
29
139
41
113
107
721
51
339
20
85
19
200
88
171
478
613
20
28
90
9
28
44
94
26
65
107
81
199
521
560
59
167
116
42
505
729
1039
28
105
52
40
108
2
32
716
66
881
169
108
117
41
130
187
631
395
60
73
71
391
41
366
146
111
278
144
409
298
446
66
239
312
277
393
544
397
4
8
21
82
145
89
16
138
6
550
164
208
14
187
135
25
175
24
88
345
62
172
203
48
154
682
81
34
282
283
322
245
363
147
413
45
307
230
135
239
66
25
284
43
497
366
275
174
33
143
441
404
181
565
73
157
257
86
469
207
180
173
200
114
219
914
210
40
85
58
386
3
68
264
155
73
29
288
159
169
230
103
309
80
40
3
103
508
271
75
142
263
172
28
289
307
7
186
240
48
27
3
13
146
170
717
22
29
4
52
19
56
119
270
514
76
116
69
41
85
86
82
119
55
943
74
59
85
560
25
143
175
5
4
255
29
26
189
400
38
365
41
67
187
39
17
102
68
287
93
190
214
295
136
59
81
19
23
417
155
381
420
314
490
496
104
35
195
102
4
125
61
358
216
292
144
15
164
152
8
138
549
98
156
241
121
224
148
20
189
26
205
245
348
128
40
204
105
112
181
81
36
284
173
46
319
443
211
319
501
386
247
716
295
467
149
71
131
223
217
43
1406
46
288
474
137
235
237
1
88
69
138
77
182
343
211
29
341
259
165
140
136
27
312
130
277
70
814
45
111
114
591
157
158
11
403
80
3
339
24
299
222
53
198
51
130
575
86
281
10
13
195
311
46
76
24
63
366
103
29
141
268
90
508
65
193
75
280
76
23
113
116
247
399
123
27
97
158
206
427
41
440
105
12
268
170
192
369
176
22
312
7
304
124
16
126
135
225
89
15
224
20
82
4
145
160
444
685
182
32
209
330
142
393
877
554
444
248
117
140
191
240
270
178
14
54
109
334
56
64
65
73
234
417
160
156
415
112
38
831
31
48
477
6
291
164
280
38
62
79
109
621
151
413
59
159
405
67
121
151
172
12
405
314
23
653
76
8
117
71
216
373
283
62
180
307
828
228
91
147
85
255
101
104
125
707
11
139
36
115
120
153
134
297
216
247
32
120
18
432
358
10
115
13
211
113
19
219
32
3
47
172
17
308
117
101
149
113
167
427
99
23
482
18
607
59
448
17
136
6
156
327
204
216
70
951
141
111
2
185
47
115
98
310
440
3
369
345
302
303
645
721
126
75
160
311
476
114
152
290
72
820
171
395
108
49
282
363
125
160
36
408
21
541
254
116
219
131
22
511
64
208
23
452
297
210
72
178
61
80
59
130
44
44
72
125
236
433
11
205
31
251
188
19
243
169
274
217
290
399
564
65
4
276
185
192
35
79
77
302
454
12
124
291
63
29
11
90
649
544
30
70
199
106
185
50
439
143
258
113
3
115
73
325
896
455
286
582
588
27
715
920
213
361
64
6
18
402
97
209
232
256
232
150
130
260
198
169
133
3
201
165
249
12
88
298
30
1414
189
155
508
117
386
46
88
660
146
142
220
11
13
292
72
242
19
490
244
87
97
311
70
112
38
253
193
41
127
322
96
12
468
440
83
59
299
269
299
366
285
67
147
585
15
139
46
109
121
420
327
163
311
409
17
45
275
104
702
407
57
360
183
34
24
84
519
29
287
62
224
629
63
67
187
101
199
732
291
144
189
228
269
49
779
34
175
410
138
728
126
282
140
39
211
136
109
18
417
58
13
311
294
462
8
66
92
367
35
215
80
256
24
112
542
314
76
77
142
15
65
192
66
17
65
127
90
84
267
31
382
91
29
219
281
87
303
438
246
77
72
92
44
408
49
16
68
85
91
100
151
150
212
92
11
226
343
240
146
17
233
98
847
356
224
178
67
17
519
168
1116
121
522
61
206
424
483
107
36
150
528
270
69
12
499
24
430
700
188
43
427
40
193
155
420
184
172
185
925
614
195
193
17
127
25
364
500
292
466
17
103
174
4
17
103
173
17
169
89
771
81
197
41
44
179
34
182
49
686
19
126
547
270
42
63
42
37
580
54
206
190
165
71
87
390
124
119
21
397
75
147
77
467
4
26
312
98
206
229
333
42
304
66
17
401
63
84
2
184
296
296
245
41
40
201
63
471
69
721
250
252
278
425
43
120
259
90
248
142
57
30
25
314
274
661
151
72
235
161
584
35
381
231
59
128
23
206
89
350
74
139
195
326
30
112
103
79
122
155
321
38
13
116
123
166
103
4
153
16
29
189
179
323
13
19
229
13
88
8
56
142
184
145
25
3
173
188
84
19
60
60
1076
77
5
152
281
137
141
505
110
524
25
246
30
241
192
17
127
56
303
1025
30
12
186
129
171
552
3
86
1
153
149
20
80
187
466
354
145
327
36
23
199
78
2
138
92
58
19
245
43
8
18
36
383
322
20
322
128
470
51
7
644
215
945
175
521
105
81
48
373
524
344
814
226
115
3
22
218
15
96
1453
151
41
339
216
309
65
40
437
97
612
377
148
101
235
267
55
1
342
297
7
118
145
63
539
40
38
42
26
1001
901
276
614
55
28
90
15
548
59
82
21
686
369
89
31
16
15
42
157
416
212
155
23
186
116
206
72
378
32
111
187
524
13
306
152
41
10
588
117
443
248
89
288
852
10
15
234
91
124
23
569
580
117
303
255
48
311
109
102
135
236
126
20
196
161
112
221
77
357
214
72
361
374
105
40
68
291
32
112
50
270
187
382
251
116
138
203
277
419
110
145
1
411
448
173
361
613
647
61
230
20
104
205
158
17
690
195
343
486
182
19
42
2
31
215
300
187
152
16
68
52
339
464
94
122
30
152
485
732
3
40
111
34
630
500
100
11
431
78
193
26
62
421
109
172
145
251
341
205
168
266
138
180
24
301
239
555
127
434
314
156
162
63
298
15
507
13
84
190
82
133
342
270
377
125
208
855
400
85
194
576
29
299
203
544
35
82
32
151
1381
11
3
319
453
80
13
187
275
127
597
367
371
68
208
375
425
846
46
951
227
370
12
207
186
353
167
115
35
265
968
35
235
450
241
23
241
30
245
57
261
2
93
7
67
414
109
52
273
11
4
167
307
126
22
175
44
1089
260
141
212
21
187
131
85
289
173
12
667
118
51
43
2
2
86
236
396
88
162
99
218
270
185
459
89
118
331
80
682
374
37
284
148
150
120
387
188
127
668
116
8
627
51
91
165
65
51
165
30
333
163
167
245
181
17
104
491
733
83
34
347
108
149
8
1020
18
16
95
701
69
292
67
187
90
106
106
50
19
532
174
3
70
6
237
306
200
32
248
77
52
571
15
144
48
6
104
207
329
29
373
290
739
135
351
245
74
173
234
210
40
1022
519
262
340
220
118
211
81
24
220
294
81
649
316
197
48
137
30
98
238
90
309
37
272
53
149
249
107
193
65
92
286
154
781
417
94
60
45
481
210
398
83
344
103
358
285
183
391
87
261
132
254
182
118
46
66
229
12
85
64
146
711
259
143
64
87
97
490
230
14
1
1
448
3
91
139
19
27
247
14
187
455
152
345
294
303
267
267
27
75
221
115
86
69
534
173
143
399
149
92
512
387
48
68
67
43
200
225
87
294
17
48
402
173
132
481
469
129
129
272
116
106
19
114
68
127
5
173
34
166
509
195
9
25
226
382
245
186
47
543
84
67
229
32
80
509
198
397
25
518
691
99
22
230
91
288
181
124
452
181
237
247
154
158
48
21
91
151
114
42
4
60
413
827
77
44
306
72
184
150
192
58
192
54
39
229
175
427
202
562
65
41
51
306
225
672
231
311
21
191
80
23
78
181
378
461
210
31
194
74
96
251
248
69
216
75
77
39
42
52
393
70
272
91
112
134
858
229
333
419
152
409
374
268
265
392
63
307
37
56
344
278
68
48
316
181
40
25
307
34
649
44
336
203
251
198
174
268
126
125
8
303
40
152
8
228
48
559
53
22
50
51
623
215
858
297
90
117
22
195
111
351
6
36
30
317
122
552
161
224
121
10
468
200
98
72
160
278
11
233
494
11
895
65
44
65
135
26
1149
346
46
60
227
193
398
124
168
76
15
253
333
211
196
30
9
67
86
85
192
839
450
527
188
150
140
15
71
15
33
552
96
120
21
545
174
38
65
104
530
127
145
402
107
57
2
106
39
73
21
74
15
204
262
121
229
36
202
262
196
257
218
438
68
280
55
5
284
89
112
61
32
54
173
278
2
58
727
143
29
905
147
70
84
42
433
5
187
71
22
393
25
31
15
184
174
428
538
91
115
58
343
67
53
78
466
46
376
225
53
10
339
85
82
430
118
77
8
90
572
1
126
150
78
118
284
222
51
244
79
65
112
35
70
230
70
32
694
153
291
280
368
184
56
20
25
26
960
576
44
39
86
11
28
64
95
737
120
216
63
330
105
151
32
184
10
205
156
390
22
142
45
551
45
258
142
233
63
147
43
44
262
27
170
594
84
21
2
69
51
23
399
138
3
96
181
75
184
74
62
75
130
92
39
444
11
543
331
69
12
13
378
110
84
380
122
492
43
132
158
38
135
145
59
317
338
157
92
59
369
325
391
18
21
347
75
142
134
253
115
306
169
46
87
42
17
611
565
434
191
92
461
188
3
87
298
118
84
46
216
186
864
49
326
132
355
12
351
436
546
151
292
294
285
394
235
66
82
2
12
147
100
37
178
348
446
12
383
484
605
4
59
281
184
187
228
144
93
246
150
89
38
318
67
170
105
111
119
244
373
161
514
43
32
290
250
58
172
9
3
93
390
24
151
78
179
1245
35
488
62
458
336
125
76
478
162
52
32
282
318
230
234
22
290
1393
84
143
721
155
388
232
411
259
24
16
122
29
47
98
1
30
465
48
230
678
350
53
56
138
120
40
142
215
69
29
447
279
69
50
218
166
401
81
31
180
188
679
186
58
10
266
17
91
145
243
260
376
145
20
23
389
204
134
578
69
109
20
249
803
32
41
220
107
18
71
195
74
19
78
29
540
11
745
80
129
39
442
27
74
151
317
1025
140
410
600
14
124
41
103
256
568
470
34
126
102
81
403
49
519
30
30
316
226
140
3
331
19
330
293
215
287
91
186
386
87
34
71
108
62
8
117
146
184
106
91
30
10
299
69
493
51
40
424
549
42
5
247
213
150
38
317
237
382
389
285
258
7
83
264
32
6
305
169
307
207
87
140
85
23
517
312
325
235
135
134
139
99
178
481
22
368
422
458
45
114
42
126
268
464
24
519
911
64
164
23
73
132
58
265
86
155
201
163
13
156
40
90
4
113
144
109
129
319
95
130
263
173
434
453
26
6
4
3
66
288
384
86
604
56
132
234
2
152
21
277
643
245
47
96
197
226
119
4
45
424
646
102
117
175
338
44
43
46
115
189
578
128
137
159
238
288
62
127
294
135
391
137
407
356
96
432
9
246
103
117
314
70
294
957
17
642
43
129
91
549
177
310
139
177
216
566
183
190
214
206
227
7
322
446
57
68
84
231
173
79
254
107
389
648
308
14
767
116
169
340
33
120
156
20
13
148
397
257
338
15
167
57
92
1199
33
1
211
36
174
13
33
159
18
189
22
148
359
442
17
707
378
63
32
239
48
156
81
476
673
13
182
30
265
312
15
120
133
400
260
60
113
289
60
193
155
231
77
83
176
47
462
258
65
381
11
82
87
191
192
179
38
19
68
154
284
57
187
218
251
130
50
21
15
2
1
1001
120
60
103
135
161
52
169
19
115
160
210
281
165
62
328
204
7
494
77
241
15
13
102
30
22
335
635
535
149
133
16
86
158
495
81
295
20
196
322
218
61
78
351
11
67
493
99
83
117
188
53
312
600
31
122
177
57
334
422
251
212
84
281
174
434
50
42
241
105
161
459
66
6
19
164
11
329
120
120
43
199
49
205
228
148
421
98
583
22
97
1
28
36
47
521
322
424
235
32
144
155
194
293
802
88
273
493
70
61
54
218
515
40
269
64
661
278
25
97
92
609
104
118
171
191
39
13
85
66
351
126
35
96
502
472
6
46
34
13
8
193
19
71
130
3
37
541
624
119
39
56
51
115
256
109
37
102
327
50
286
40
20
143
77
215
1230
102
468
423
32
58
59
240
75
49
3
103
116
153
234
62
370
87
22
152
33
52
274
281
27
15
345
5
497
260
94
612
426
534
73
7
148
366
207
36
220
413
483
614
131
15
485
244
95
234
342
163
130
63
402
293
203
398
146
176
244
221
118
230
13
303
34
217
10
64
196
148
99
78
292
196
37
203
20
22
140
355
101
41
120
8
322
92
73
118
11
1142
346
715
87
24
136
340
176
22
124
18
79
25
39
47
103
248
91
110
112
210
106
570
18
108
315
25
157
78
169
60
388
263
189
94
208
85
187
142
622
6
127
479
183
32
46
292
378
389
433
247
337
93
294
309
85
189
44
41
327
57
81
81
170
183
95
240
181
82
73
475
368
129
273
129
4
208
24
356
91
10
150
404
429
31
246
253
400
125
77
3
4
185
692
73
14
285
102
408
41
417
580
222
8
329
536
184
411
137
1722
351
109
191
10
92
750
225
348
232
159
3
309
130
80
234
78
100
109
250
494
468
24
187
92
9
160
267
206
45
37
109
121
297
246
53
40
298
35
154
43
53
145
210
44
151
186
213
241
106
541
74
32
477
328
2
416
394
192
78
123
67
203
843
145
67
30
489
193
270
48
27
85
137
23
21
25
52
115
135
435
298
28
262
64
18
105
106
55
165
231
646
523
591
255
187
242
165
373
5
7
4
204
235
69
46
426
111
17
255
27
5
28
132
273
145
117
266
297
749
241
38
111
102
169
100
177
155
955
107
38
62
11
119
213
79
141
230
193
12
176
58
241
562
31
29
269
155
302
56
134
258
687
75
256
257
408
461
25
426
368
52
235
232
68
698
45
665
545
378
76
274
23
32
461
283
26
511
68
4
92
21
369
144
51
43
230
91
68
392
489
172
37
1036
41
229
75
191
540
98
889
48
41
182
18
377
42
365
247
199
309
149
64
418
388
8
24
198
201
21
56
273
72
106
91
71
213
844
217
141
52
48
160
429
219
12
529
411
273
101
8
201
379
645
143
57
62
373
273
4
25
10
28
27
75
3
68
75
80
227
380
395
39
489
693
162
104
500
4
363
126
131
238
481
74
174
18
773
149
79
251
89
453
221
76
219
250
399
61
325
210
41
89
1042
182
318
14
149
66
76
236
121
743
851
275
5
49
747
604
531
324
249
15
55
606
294
27
26
751
65
18
30
65
63
201
75
4
3
27
225
96
256
64
150
187
214
255
29
371
19
10
11
965
16
82
371
133
140
394
86
72
107
4
64
18
10
19
76
237
168
474
134
3
669
9
613
108
16
192
969
227
46
65
100
245
84
140
589
484
90
312
68
183
66
324
284
41
694
25
179
179
71
202
8
245
47
59
260
39
219
458
600
112
589
139
20
63
63
6
513
410
40
33
754
141
260
200
267
422
362
14
359
101
439
1
965
47
659
28
537
96
243
142
588
4
68
167
98
264
126
371
265
50
32
32
162
94
119
41
591
250
312
60
344
147
408
39
190
133
17
385
276
55
72
373
146
182
155
65
183
394
98
85
561
7
301
620
56
64
744
178
257
116
76
933
112
19
191
305
281
255
285
180
120
232
109
309
314
150
90
105
34
30
78
101
236
185
592
253
90
956
238
125
889
7
56
147
196
563
83
518
401
76
155
127
103
92
392
225
135
99
279
244
168
295
107
81
266
118
408
159
79
9
354
425
61
227
277
17
128
207
22
38
900
453
73
176
14
213
63
78
533
870
13
429
120
229
205
648
106
68
21
149
205
210
119
98
215
317
86
393
27
132
334
165
288
72
67
1227
1209
200
29
1
5
84
755
196
139
142
354
160
212
17
153
239
483
285
123
1113
429
2
463
7
359
121
48
183
108
177
10
276
372
23
314
128
63
235
152
173
146
190
211
371
841
921
110
18
355
8
194
43
54
38
191
267
575
65
451
61
295
7
146
361
86
182
109
582
290
136
22
91
100
16
193
11
152
106
86
227
42
405
152
523
191
84
8
15
443
99
71
978
58
30
581
53
84
88
8
24
47
110
106
172
23
237
19
374
1
573
56
112
402
87
202
194
140
339
