268
7
18
287
358
557
51
101
364
5
45
23
211
4
16
151
142
83
222
91
50
64
130
193
427
250
317
1097
8
161
435
85
261
94
81
126
126
127
75
27
144
358
6
216
136
39
5
604
341
185
147
39
349
1
206
29
38
292
181
139
105
619
192
454
49
112
414
8
67
27
10
408
62
6
333
7
366
512
487
114
60
162
24
93
116
56
209
623
7
191
140
56
104
122
26
446
10
96
434
231
100
72
696
297
108
106
412
922
31
211
74
11
86
90
224
4
182
31
352
370
602
158
98
87
102
235
60
147
112
100
206
84
281
429
46
45
195
290
202
5
237
52
89
22
649
38
150
481
227
72
23
291
282
344
50
222
186
283
129
40
445
178
143
214
39
47
127
263
430
358
192
80
202
887
334
19
75
20
18
161
481
326
1
504
195
222
13
286
19
51
333
136
80
15
589
1076
71
18
19
38
158
80
111
360
586
266
2
279
599
48
387
39
89
43
201
250
14
70
15
470
276
29
474
73
642
457
144
119
189
318
676
155
71
534
285
40
122
271
414
8
305
170
116
256
547
130
241
299
592
384
138
22
82
824
939
222
91
23
381
341
121
20
188
15
39
70
110
259
356
275
573
25
10
44
152
390
102
33
141
625
129
135
229
17
117
284
439
405
121
244
245
199
1124
42
24
52
161
9
72
160
177
653
82
93
83
14
505
687
84
34
573
78
44
72
13
62
138
454
4
101
135
213
487
27
62
295
38
233
33
280
96
121
17
14
290
107
175
32
135
34
49
494
140
35
1178
92
38
346
311
76
98
705
16
465
103
63
27
1074
14
84
7
999
266
584
143
46
155
14
12
87
49
54
72
78
62
716
26
260
200
197
114
99
186
149
34
88
43
269
68
134
225
73
186
68
157
63
517
999
165
94
96
175
37
282
265
264
470
133
32
99
36
63
103
750
404
48
5
441
105
547
70
82
129
489
196
27
14
94
47
147
80
181
145
239
142
703
133
724
236
203
1131
82
173
14
139
100
699
104
75
88
59
736
161
22
151
251
41
751
217
534
21
82
519
49
290
150
137
389
93
84
135
180
555
144
305
10
97
111
71
234
1436
166
8
238
71
346
138
132
256
64
308
82
37
124
9
542
307
413
133
24
12
182
283
262
175
362
299
656
161
81
356
426
106
72
33
211
191
907
202
45
5
106
818
238
357
99
591
221
167
140
495
33
10
763
156
209
429
44
211
68
85
362
32
1
47
77
21
26
112
170
312
18
48
288
452
367
90
18
147
163
118
34
81
23
236
41
134
36
31
116
181
46
599
29
104
74
103
84
121
19
145
2
102
161
286
222
60
77
394
666
51
615
23
151
90
356
41
98
358
75
1087
101
444
194
100
437
94
60
86
12
461
64
133
45
140
59
132
115
448
101
66
546
24
115
169
74
264
452
164
51
106
85
115
385
487
36
160
52
105
154
269
26
48
22
319
148
259
12
154
83
261
12
107
89
364
321
48
28
62
179
241
329
209
272
313
172
28
40
29
284
121
10
193
36
60
260
283
342
69
7
110
196
300
1
465
15
211
11
269
188
416
513
80
247
164
43
265
69
21
260
247
157
12
485
93
308
1086
3
143
103
4
137
871
140
32
216
52
95
99
112
48
79
168
195
3
754
288
188
66
236
132
180
226
27
86
128
259
159
131
159
9
10
75
637
110
35
9
38
249
10
133
94
6
352
118
29
37
27
124
25
317
121
6
64
68
141
14
68
279
813
394
203
44
2
40
36
59
273
287
100
151
78
665
165
532
203
242
194
10
30
123
14
787
46
173
969
197
36
150
29
403
182
95
73
204
1306
49
14
91
95
236
468
235
486
120
422
2
54
197
684
277
127
32
6
434
162
15
232
203
9
213
2
354
393
92
71
457
47
190
369
738
33
77
1
12
1066
35
113
238
18
184
301
50
7
145
306
466
16
155
2
20
162
629
28
273
48
61
15
83
69
35
440
208
25
50
247
78
50
450
156
287
186
22
93
56
51
31
83
293
73
23
84
193
175
156
526
12
13
173
327
37
92
52
345
68
71
14
281
8
241
13
281
81
43
244
310
120
458
47
498
165
282
877
299
229
129
22
13
164
311
561
104
114
7
317
127
33
241
197
180
177
5
214
359
396
47
14
309
77
97
132
651
246
477
139
27
179
11
560
101
97
267
11
133
9
86
111
437
358
66
282
102
47
55
63
286
36
775
580
371
35
130
78
29
704
48
10
505
139
185
543
6
3
51
258
96
258
373
66
85
63
701
105
13
695
415
17
265
98
333
44
35
31
116
234
74
125
17
28
107
106
426
168
60
62
151
382
33
15
147
24
80
275
224
200
42
318
497
403
38
5
695
286
204
63
2
29
179
207
454
83
171
35
25
492
196
73
482
112
168
140
370
62
159
441
60
166
25
120
351
1
251
477
235
228
520
99
96
320
70
73
5
92
19
114
1102
206
407
208
177
154
27
70
275
232
531
222
167
117
434
155
153
120
49
52
41
18
92
44
52
110
611
180
298
907
93
286
234
3
634
30
277
89
7
166
204
475
194
102
103
179
62
144
114
293
278
142
193
46
8
52
237
82
79
995
119
18
154
146
349
425
16
798
163
36
51
62
100
12
781
269
156
115
272
220
100
24
191
190
31
88
257
396
97
126
97
82
72
193
115
495
141
238
196
251
29
79
85
45
87
393
181
234
262
135
147
31
274
50
77
283
397
605
543
79
94
81
77
314
168
214
200
4
70
139
52
51
175
72
289
5
78
199
62
181
229
90
146
489
71
116
180
138
401
140
455
232
48
10
156
426
116
87
104
263
54
528
258
265
667
206
169
48
179
65
3
32
17
281
95
336
77
241
99
266
44
189
164
387
484
76
230
125
19
618
282
321
360
49
39
344
76
1
167
24
468
74
16
94
170
126
125
143
160
151
416
249
420
696
176
178
615
116
180
274
207
332
105
337
14
40
389
102
202
26
66
445
130
337
478
215
305
98
380
145
45
10
116
4
447
92
89
134
70
76
82
65
49
88
315
48
93
56
63
259
454
354
594
173
1436
136
43
253
71
139
83
42
609
711
233
174
45
232
764
916
86
113
44
571
417
25
15
64
220
108
26
105
9
14
155
7
196
196
343
192
225
427
117
261
598
187
118
228
256
470
63
98
3
397
229
855
219
258
26
25
81
72
88
99
745
374
262
689
744
19
474
287
116
246
101
40
332
390
280
533
87
20
296
332
204
69
145
841
180
453
153
250
50
22
26
662
174
69
504
542
32
90
307
476
19
55
34
115
192
50
419
71
613
106
271
53
12
844
203
398
205
117
195
409
208
188
308
289
241
188
52
79
240
142
1
32
18
366
101
51
511
303
71
19
89
26
35
126
165
329
48
437
282
63
109
56
103
47
583
292
33
23
134
98
216
41
83
508
393
633
140
26
279
51
250
596
90
168
252
41
498
48
191
222
385
96
226
81
270
424
106
71
250
41
60
44
152
207
298
3
338
31
178
157
181
353
10
420
266
46
355
428
89
59
119
36
345
397
397
128
99
45
46
5
32
79
336
231
66
268
147
158
78
7
132
285
106
126
112
47
49
167
202
494
176
172
149
221
144
477
37
384
156
81
173
580
36
27
32
196
84
475
1
1017
252
92
265
417
198
183
50
197
143
67
812
129
294
107
432
349
278
318
136
141
395
9
1016
111
124
60
662
198
194
41
402
38
74
680
187
369
32
67
1023
34
69
18
118
183
160
184
303
195
80
465
128
71
131
229
30
34
240
138
242
34
136
45
738
53
93
284
19
121
80
40
158
36
45
313
74
37
8
166
232
99
1
237
117
593
1074
45
490
40
139
248
142
141
320
39
107
230
33
281
422
86
2
149
438
90
385
76
176
467
325
77
70
319
141
265
128
4
131
32
117
425
124
391
58
355
379
528
131
92
399
14
104
2
136
36
58
331
355
218
1
95
454
132
145
401
153
228
84
488
127
209
14
865
33
1108
144
25
112
404
240
128
234
447
326
285
161
149
18
470
228
562
1
1187
357
60
130
618
282
66
160
419
714
116
83
170
22
64
186
45
303
1082
327
153
302
154
562
296
112
204
12
100
503
83
279
5
180
120
151
294
327
94
77
1
124
373
9
10
338
521
159
282
196
485
285
112
59
97
99
13
355
28
12
90
8
32
30
161
199
120
56
90
68
472
177
52
429
305
39
40
290
71
18
74
32
328
267
94
45
501
120
130
551
46
42
56
135
275
283
150
399
58
101
25
299
466
2
80
210
288
600
14
99
333
229
49
1
125
29
556
226
256
31
262
101
226
300
331
241
193
544
267
232
111
1352
300
333
135
649
531
205
442
326
34
21
970
144
238
76
62
165
6
248
124
43
89
78
588
92
40
13
80
247
333
604
34
65
109
467
438
155
138
47
401
98
55
62
123
132
316
227
40
387
443
70
472
13
280
71
3
258
344
558
156
364
51
899
47
218
126
153
105
163
83
38
779
171
120
56
508
46
106
34
296
14
28
101
487
509
32
97
124
350
154
216
4
322
69
181
583
351
234
33
121
157
190
342
26
121
63
85
41
4
67
63
47
126
225
565
115
217
190
20
130
412
129
149
185
313
39
7
80
208
44
36
149
279
76
473
292
82
145
385
31
744
1159
5
55
156
340
362
147
447
15
111
362
67
29
325
57
258
437
7
470
49
117
692
50
33
68
215
1069
274
88
5
315
387
775
432
47
1538
40
598
74
577
69
360
483
238
86
262
850
54
64
324
342
390
52
491
50
112
48
294
128
114
72
16
50
33
139
313
14
294
265
26
7
398
408
58
219
666
72
144
618
225
5
2
332
22
236
79
75
960
196
104
122
91
46
44
183
14
227
32
82
1044
316
34
4
108
62
15
215
37
145
79
95
25
226
314
47
249
78
135
92
683
444
43
329
258
61
159
47
155
126
345
34
9
4
355
237
19
296
36
9
181
396
75
172
85
191
286
559
212
602
224
87
45
53
53
702
488
3
60
107
49
223
36
55
134
104
442
169
18
150
394
164
288
161
175
666
417
13
939
148
26
276
22
82
58
246
21
927
162
85
110
224
126
559
799
487
31
73
11
60
78
143
672
161
102
32
50
10
534
18
6
16
149
54
734
126
103
50
348
141
134
132
23
157
95
284
163
17
4
104
924
123
120
161
279
620
122
154
64
113
123
181
441
70
137
63
123
1145
214
147
499
270
296
1
85
224
278
125
202
57
89
266
91
699
346
77
638
70
22
731
287
327
26
86
12
135
426
12
233
64
263
44
88
149
233
340
31
324
24
53
115
142
192
226
311
229
148
79
320
234
258
9
222
646
74
591
130
162
277
31
293
261
14
230
173
64
262
42
125
292
246
18
209
162
130
591
386
173
85
521
588
388
525
227
619
304
24
358
173
708
98
111
296
456
342
61
140
1169
191
252
59
139
137
432
110
225
352
190
26
268
331
79
162
22
155
33
156
56
91
69
57
350
70
30
271
103
399
12
142
73
65
86
111
4
34
85
98
275
309
17
23
81
32
169
53
81
184
17
78
107
183
121
365
316
45
394
232
660
318
7
118
100
403
96
375
118
19
3
198
55
231
22
76
196
75
156
15
8
95
113
36
123
16
70
41
31
9
146
176
100
525
1189
200
11
285
117
93
887
107
70
249
51
16
297
47
741
781
753
193
75
85
143
437
203
293
199
172
269
803
94
99
180
69
188
391
223
157
143
334
606
678
108
221
89
259
153
48
366
156
120
461
361
48
664
72
71
96
27
305
8
103
9
3
168
204
91
96
53
7
484
606
265
72
128
1001
445
197
36
266
287
22
97
105
437
438
312
38
437
78
67
7
18
460
131
83
106
116
185
515
73
57
74
158
352
237
98
214
227
860
315
31
97
139
8
21
83
146
79
53
577
259
122
7
151
69
803
51
73
420
144
229
13
116
250
76
342
30
523
20
34
53
442
301
115
64
148
103
211
120
58
43
22
118
361
586
188
190
43
137
154
401
26
77
61
15
130
584
98
84
250
48
89
2
64
573
277
236
308
48
437
63
178
257
18
11
123
109
34
26
20
556
130
6
72
651
60
358
71
22
72
267
46
97
497
39
20
498
57
272
196
465
239
286
249
128
249
363
46
164
181
67
5
77
181
244
293
49
1
195
49
106
114
129
240
119
11
344
388
579
562
28
225
72
79
565
81
11
462
329
319
566
574
321
209
89
121
667
18
33
8
166
191
125
272
109
85
254
175
56
105
55
565
64
110
251
190
9
141
8
214
234
329
189
340
171
856
288
248
177
213
71
138
1124
51
357
67
36
29
756
491
682
554
807
121
75
42
492
978
143
200
792
18
532
208
18
110
270
103
44
24
16
258
223
25
131
25
10
46
2
458
128
12
260
751
79
293
24
32
31
136
4
122
104
93
238
168
84
164
208
182
70
141
207
98
271
49
316
245
189
274
731
76
502
183
132
104
99
67
58
74
23
264
119
14
312
335
402
224
362
195
391
195
216
347
54
172
122
250
541
280
1070
57
334
477
141
269
106
115
62
130
5
152
834
525
482
439
181
312
10
471
135
183
36
404
402
22
141
15
51
26
25
90
205
29
770
8
435
60
471
206
1
533
118
146
112
434
262
244
57
301
164
11
236
15
166
15
122
124
353
138
535
157
295
748
630
524
214
500
41
155
174
521
201
76
59
334
159
2
120
199
29
86
116
268
71
48
68
75
564
26
72
77
517
228
163
100
78
58
273
182
1047
160
64
157
34
101
472
322
534
70
357
28
195
36
120
118
204
319
293
3
319
102
267
372
5
347
84
269
17
333
392
723
95
394
6
18
148
6
169
252
200
81
390
2
9
807
14
134
142
41
226
577
129
236
219
53
147
394
50
138
158
107
83
309
394
198
25
136
225
38
30
202
38
72
260
108
234
214
133
6
37
81
434
49
99
141
83
130
36
64
139
135
2
624
54
194
118
187
7
11
144
404
50
131
156
817
393
374
363
28
194
16
88
314
138
66
530
114
258
110
41
28
246
426
249
113
80
462
182
31
132
97
468
60
32
2
45
275
445
30
255
116
23
128
63
245
350
545
118
35
145
277
65
22
179
40
433
514
23
463
59
40
99
124
233
174
661
357
16
164
228
128
157
256
70
496
176
335
106
79
61
127
24
981
184
121
25
56
252
190
308
266
344
59
460
184
223
34
116
103
169
728
71
94
133
45
59
574
115
118
1
561
223
53
209
148
313
8
125
62
91
298
69
91
38
135
96
123
201
107
12
2
157
32
9
249
230
44
304
544
114
150
173
186
538
109
644
162
578
71
9
307
623
296
65
177
209
189
106
8
76
395
4
315
81
347
111
240
59
27
95
24
212
174
80
136
65
20
192
33
201
67
128
234
178
14
23
11
13
548
316
227
113
25
58
269
271
84
38
443
65
135
65
159
205
252
217
27
458
107
456
49
448
200
179
47
79
49
407
57
235
93
160
16
219
411
100
222
9
203
56
42
324
451
108
33
107
205
48
89
692
196
326
137
53
169
124
480
46
402
93
142
68
111
500
60
221
538
328
60
747
54
318
362
374
8
127
227
120
214
349
102
194
15
12
174
197
507
90
249
51
284
29
3
14
42
88
187
12
42
168
3
279
60
51
110
102
242
339
261
246
214
169
319
640
42
19
478
146
23
307
414
89
261
103
304
253
89
156
368
111
192
130
71
11
109
29
415
106
296
164
273
184
28
262
118
12
144
14
284
342
29
120
1328
158
245
29
228
100
49
91
5
80
72
10
73
3
6
87
128
336
52
146
3
5
34
333
172
626
219
387
58
490
188
69
7
239
252
4
107
251
206
581
166
69
107
147
19
62
812
493
355
137
29
54
219
82
106
154
297
220
91
12
88
211
264
122
64
234
412
118
156
302
23
191
48
328
49
369
151
426
307
20
492
78
213
677
226
88
37
378
632
37
111
794
425
87
71
79
84
92
99
154
121
32
229
512
13
84
15
234
91
110
148
90
7
26
11
235
397
98
68
478
102
106
277
217
131
321
233
133
52
160
168
28
100
373
5
205
163
80
113
121
37
472
416
111
353
235
225
22
437
43
51
20
245
73
83
378
212
59
434
271
58
4
330
303
117
95
96
284
130
37
365
56
88
349
27
45
72
327
689
194
59
1
6
2
360
272
69
3
270
117
126
28
15
148
184
286
150
244
187
132
604
53
556
437
45
31
30
345
311
44
128
94
77
148
86
125
18
172
308
83
523
162
181
442
245
311
153
14
111
63
31
55
119
382
125
546
321
66
97
210
701
170
338
50
62
503
109
137
21
198
23
266
56
59
7
136
140
141
67
103
272
721
5
225
306
84
55
211
24
30
499
60
410
188
261
257
29
361
16
90
387
233
201
354
164
226
30
193
36
81
198
47
585
43
412
213
25
754
43
5
516
18
100
117
395
580
6
39
330
95
270
154
237
147
354
671
180
109
388
39
258
453
112
197
82
290
500
60
567
1
82
279
427
608
12
48
212
44
201
178
2
27
114
246
67
382
60
46
474
160
264
65
170
316
209
150
12
2
732
310
24
198
300
61
125
10
271
320
72
573
158
234
74
26
292
311
207
97
171
81
465
188
466
64
114
178
84
138
20
239
121
290
337
9
254
236
1159
29
440
211
47
265
408
504
24
422
601
481
29
300
152
374
352
185
21
252
97
341
215
370
69
18
87
528
174
99
124
472
211
125
148
117
25
19
323
119
229
97
305
109
124
222
688
678
299
2
204
98
362
799
363
177
78
430
65
54
69
315
100
131
116
269
62
12
25
136
197
34
24
19
214
425
222
222
349
200
228
287
119
67
161
161
49
128
243
67
106
399
35
84
1042
250
49
31
80
184
202
103
261
209
87
485
166
18
34
85
29
139
78
67
7
194
200
703
51
655
327
562
158
47
283
20
379
195
233
76
149
103
120
56
176
56
40
56
17
7
212
56
3
577
77
122
138
354
149
207
97
54
360
733
12
424
887
15
197
561
101
96
58
1171
228
105
290
799
54
568
99
602
56
402
235
13
32
195
159
168
4
605
76
43
372
790
491
251
23
65
20
26
260
507
141
34
310
60
540
195
862
82
59
66
86
241
128
218
23
188
127
244
59
55
256
120
262
5
234
289
244
219
22
83
498
880
424
389
173
27
374
206
281
49
8
228
267
43
290
67
88
241
34
81
242
345
108
85
53
195
155
71
257
38
192
134
9
23
162
72
46
73
88
55
241
380
243
7
147
282
15
38
448
212
16
284
42
817
69
539
546
309
49
326
118
243
225
38
4
61
74
467
35
16
105
79
354
717
316
113
33
302
780
71
165
237
76
143
426
754
84
877
62
776
15
944
138
26
109
256
188
508
144
73
65
217
8
154
936
306
123
45
113
192
41
86
9
145
154
83
68
5
210
1
137
30
8
309
381
63
19
42
111
2
28
90
272
65
97
51
422
612
113
408
139
178
123
264
405
66
1
46
60
76
102
43
268
220
217
82
342
612
1
82
492
512
254
32
17
20
221
122
6
195
10
45
371
920
229
171
106
195
167
71
962
2
395
131
610
117
14
1225
13
597
178
208
94
151
114
630
36
60
48
6
346
102
53
35
70
17
345
255
430
204
227
3
7
53
103
147
574
323
717
90
172
1
90
80
565
36
4
72
44
419
113
117
133
89
140
558
5
19
566
263
87
462
97
793
61
17
133
229
88
164
240
52
249
351
527
72
182
197
333
490
268
8
351
531
18
10
727
616
160
48
44
444
252
119
75
8
472
195
217
10
228
1087
34
190
35
23
1009
48
38
43
276
271
235
303
2
115
150
132
87
358
265
193
359
45
259
304
241
56
156
438
174
111
57
392
369
285
576
134
88
106
80
184
88
624
71
29
218
198
172
31
553
111
304
117
45
95
713
425
93
415
17
430
832
83
55
92
394
27
120
180
458
852
176
14
281
572
32
16
177
436
351
790
196
316
55
312
264
395
442
42
269
113
307
173
248
6
224
47
462
97
101
3
190
263
71
60
215
74
38
169
215
76
258
109
462
52
1
263
647
331
285
194
342
197
60
489
231
124
108
152
57
113
373
72
171
36
219
81
95
422
205
154
387
264
162
86
378
53
72
75
143
20
243
161
49
100
118
320
540
76
39
665
302
97
46
825
617
145
267
463
335
239
40
407
57
229
119
27
32
151
257
154
21
76
232
367
27
439
203
23
170
849
142
184
684
171
52
165
4
273
101
11
123
5
276
113
1163
109
95
171
12
13
42
100
156
306
147
323
85
132
127
235
333
181
328
1481
424
160
3
135
27
148
96
81
105
85
211
11
91
513
36
967
119
892
641
342
269
151
390
51
60
290
505
91
619
779
74
43
39
18
959
47
261
55
61
293
84
88
157
153
240
440
126
32
298
236
213
269
239
74
45
90
371
158
75
475
104
237
22
227
24
38
612
25
94
1
123
382
155
738
107
205
118
264
317
62
19
294
52
8
141
175
430
566
227
384
74
16
208
3
25
110
150
2
5
173
244
210
55
156
403
85
185
24
32
177
137
12
7
8
719
167
87
158
21
35
530
544
511
179
64
522
25
397
409
6
222
563
120
255
246
62
315
338
314
214
112
72
286
232
375
153
154
32
145
22
408
226
89
59
141
31
624
33
253
469
39
415
247
141
117
133
337
508
95
678
1
574
5
121
199
318
90
143
467
172
95
426
16
196
78
138
280
99
129
24
97
506
15
107
71
160
183
516
88
415
62
178
189
193
273
79
784
136
1
117
104
190
102
51
111
186
288
167
246
637
237
656
107
281
298
258
559
78
559
275
700
645
248
240
78
70
144
540
155
88
311
5
248
820
32
44
133
231
53
175
281
119
172
169
622
252
23
24
130
7
169
94
30
132
159
148
44
161
81
1268
415
111
82
35
367
99
64
171
214
104
393
439
194
110
38
146
1286
177
131
20
22
394
238
582
42
48
48
144
202
559
73
699
101
50
372
807
34
137
153
402
42
291
96
9
95
108
201
25
95
191
444
106
86
659
190
79
68
100
263
82
96
737
197
3
90
257
26
371
90
550
291
68
38
58
25
346
117
529
45
98
292
147
573
4
19
123
247
18
120
261
258
429
146
32
176
2
409
98
163
74
141
77
483
300
155
322
808
51
171
115
47
15
235
132
349
21
158
114
128
151
153
104
105
60
131
484
166
164
399
28
31
35
784
49
1199
955
16
349
137
126
418
95
19
200
145
36
78
8
68
585
130
223
55
14
178
309
10
236
8
884
28
83
123
105
148
36
33
74
102
48
283
786
317
35
90
58
118
231
334
123
48
5
102
57
24
347
221
3
80
426
173
82
72
423
228
64
48
229
180
343
756
73
126
110
26
35
209
350
153
203
63
42
174
217
1199
248
154
63
207
239
317
370
377
88
375
16
171
43
127
56
199
83
26
520
501
215
943
259
213
743
228
18
60
67
836
344
30
54
277
121
23
346
58
475
187
152
19
254
142
363
14
70
224
103
847
91
1209
307
426
39
42
8
195
162
554
2
91
115
294
246
350
454
54
178
371
94
243
12
42
17
115
17
24
60
50
59
168
95
41
23
191
310
32
14
576
10
14
386
1
105
562
273
231
180
334
107
15
143
18
369
34
431
483
5
13
146
395
404
246
41
162
35
88
341
147
357
16
7
818
152
149
185
312
222
19
1
46
549
291
162
308
150
353
84
16
752
249
111
69
532
20
133
297
227
191
135
102
359
66
117
203
661
466
400
161
153
209
10
95
3
25
248
575
124
480
26
219
133
47
73
67
378
58
117
22
204
57
894
624
66
230
230
165
71
120
1219
163
22
332
29
441
251
204
34
306
252
541
88
4
71
7
119
252
278
161
231
102
50
118
130
127
22
54
199
428
453
349
303
51
392
410
27
450
83
48
7
196
17
66
216
11
99
5
25
163
130
50
76
24
352
280
17
73
602
273
196
79
84
6
619
15
2
697
86
30
102
8
120
426
14
39
24
69
616
84
155
409
181
74
462
66
18
12
457
510
43
385
130
46
116
105
54
242
130
19
192
623
194
230
136
13
451
231
58
376
103
145
489
333
97
257
131
158
349
173
972
419
483
12
128
112
46
211
74
349
460
11
44
68
644
9
48
290
146
256
20
112
89
102
105
198
372
48
165
29
25
453
102
339
493
228
87
139
423
314
341
54
205
151
358
212
175
90
193
234
182
9
28
81
226
45
34
219
239
93
25
412
53
514
26
132
261
475
83
149
506
46
99
344
301
8
264
40
420
51
245
194
146
56
72
123
110
127
60
90
96
198
180
39
221
505
27
250
181
284
25
41
1
190
188
169
23
524
172
172
120
167
112
117
96
296
7
69
426
20
316
56
11
62
464
13
31
135
89
114
129
21
365
293
6
17
8
163
33
105
142
34
27
217
248
29
2
486
49
478
164
76
325
562
175
106
111
27
179
173
257
223
10
201
29
34
22
3
43
619
29
145
32
342
577
28
118
284
561
318
47
969
39
247
71
37
170
5
3
170
36
130
22
156
250
505
20
339
165
35
173
6
4
32
172
13
39
532
136
134
114
101
361
332
227
45
58
271
81
490
826
44
53
343
84
59
179
87
64
341
631
196
212
30
130
6
86
721
70
94
232
170
126
152
100
51
51
12
193
166
453
270
28
95
99
177
59
25
145
38
248
344
13
366
383
268
453
267
135
54
1
23
350
92
266
402
208
235
43
443
75
203
3
1428
240
22
117
21
196
147
9
123
459
17
392
179
172
93
99
236
134
28
50
27
227
77
212
466
350
61
41
213
50
11
33
7
111
575
109
5
46
657
120
31
331
115
165
1
43
227
307
35
72
148
18
291
792
662
89
944
203
175
4
210
43
1294
140
5
137
14
169
91
254
6
259
1134
418
83
181
161
9
101
198
57
89
425
591
249
116
545
239
79
58
438
258
145
12
283
696
1
173
54
89
131
386
102
175
201
1
342
185
10
113
87
42
462
165
61
100
858
262
635
56
569
72
3
165
55
186
242
40
372
326
327
126
15
64
372
121
144
169
141
120
207
203
125
120
502
64
77
46
639
137
386
68
256
462
96
1
33
180
72
131
61
296
257
322
37
183
53
133
550
107
194
50
377
470
279
25
559
79
70
103
84
85
155
362
99
197
2
269
508
281
25
536
341
160
152
131
36
113
149
159
11
373
792
48
141
119
79
189
118
6
7
48
43
395
3
193
143
149
145
229
170
307
329
76
493
228
93
376
303
81
298
51
374
208
1119
596
326
118
96
15
284
32
667
19
484
181
98
17
139
23
22
642
125
87
26
29
324
36
671
124
21
365
28
347
34
14
222
38
65
11
51
91
11
523
25
239
55
13
379
98
190
88
171
513
72
19
456
187
169
131
207
21
148
121
360
92
215
347
184
355
322
98
54
14
84
16
24
521
63
280
236
109
585
260
79
30
28
187
17
222
34
169
78
285
345
208
51
185
413
22
764
23
181
155
475
127
131
298
36
428
112
26
70
304
119
30
83
99
84
128
239
806
82
378
143
214
21
389
258
851
37
163
178
102
51
166
336
181
37
221
17
442
135
179
30
316
457
787
45
231
227
52
414
504
264
45
77
51
313
138
395
242
275
76
331
76
183
135
198
40
619
412
62
136
173
163
310
138
541
24
18
57
49
97
353
172
339
681
116
25
241
567
59
208
220
658
190
235
689
75
24
224
51
724
248
122
33
96
482
210
6
391
287
144
96
110
413
289
449
739
38
46
618
155
188
116
347
168
167
173
527
915
28
58
48
5
2
281
5
100
61
261
136
4
180
33
541
310
107
4
26
143
101
173
8
185
264
107
619
214
352
57
109
124
200
325
959
158
85
181
81
444
238
532
138
378
154
7
951
461
601
176
137
81
182
160
289
108
148
200
208
53
34
41
256
195
219
562
133
152
136
100
174
32
34
37
10
20
31
62
2
31
16
115
392
215
375
207
73
54
718
397
79
281
439
22
125
86
92
937
121
116
347
306
186
102
227
17
824
575
163
35
305
411
131
61
452
42
335
189
37
66
37
184
61
37
745
505
192
129
764
1
140
44
73
197
176
374
102
2
2
17
145
59
122
105
562
125
29
19
284
107
47
269
67
12
169
407
598
312
136
329
344
272
19
46
135
1131
10
221
158
8
214
200
86
72
144
10
81
39
600
793
154
54
195
297
183
36
48
269
558
16
279
27
77
238
139
79
153
42
391
2
114
584
73
49
840
66
308
9
198
53
164
727
182
132
595
142
130
168
891
26
219
87
101
38
866
14
422
447
41
247
54
739
131
58
41
471
573
94
119
198
431
46
4
201
819
299
16
9
96
203
158
339
118
113
292
216
115
298
47
251
302
70
261
212
43
38
88
57
82
1
4
1
61
94
54
1204
81
620
52
116
399
124
94
25
42
79
164
64
91
125
75
13
58
451
56
20
38
215
265
59
407
310
87
81
2
267
623
171
410
17
748
266
171
368
327
288
103
66
323
218
171
136
394
224
28
226
5
74
24
95
16
105
372
175
214
279
125
3
297
82
112
112
56
533
59
73
4
750
39
275
411
120
608
569
92
285
151
6
210
68
322
247
769
218
34
122
133
91
15
209
26
262
108
138
66
1167
268
20
8
117
47
105
136
50
133
188
42
1803
38
163
13
892
27
284
438
117
69
233
258
57
90
312
66
220
382
1
238
418
623
38
256
77
303
33
258
153
57
2
150
156
90
18
152
82
12
85
19
200
81
310
191
114
614
77
93
151
82
422
115
130
537
49
306
51
296
21
760
493
107
95
112
1619
1
216
226
50
220
2
250
178
622
130
264
574
170
352
90
37
15
66
313
224
305
196
299
59
213
173
1
392
58
221
299
124
180
156
124
141
26
2
265
31
113
240
1
278
6
200
14
460
376
171
101
77
254
147
20
680
138
32
457
354
24
162
73
129
49
47
43
5
226
77
699
178
192
190
237
327
51
286
28
145
11
88
52
50
9
266
738
102
626
166
21
61
122
112
180
14
164
91
147
169
231
205
18
234
729
183
107
5
35
680
12
63
219
113
189
37
35
353
142
9
68
353
100
160
348
102
12
260
458
531
115
497
178
98
173
228
161
60
26
69
545
254
42
438
61
353
47
483
160
15
192
402
83
32
461
15
396
69
657
108
23
8
66
322
531
234
328
61
1145
103
24
124
263
46
245
167
2
320
7
38
331
123
16
75
159
565
21
35
72
216
108
165
208
10
264
520
83
103
638
186
158
15
6
88
357
82
206
667
220
325
113
206
190
242
137
65
612
393
316
26
693
291
92
13
171
152
342
687
157
20
16
87
6
146
392
294
189
261
409
49
180
151
23
785
266
53
82
30
41
291
33
55
311
183
190
65
159
68
476
169
90
12
7
186
409
49
536
125
154
266
23
509
266
418
22
335
9
44
465
270
123
273
222
279
298
390
312
11
329
78
249
85
247
72
163
579
20
394
505
36
38
108
475
33
202
696
315
267
137
124
83
100
181
20
44
418
8
691
96
228
44
408
69
411
180
160
49
108
75
89
369
169
39
162
229
115
113
33
494
77
32
192
203
418
1
82
497
315
299
15
248
560
32
96
8
242
25
58
110
154
260
368
13
86
69
210
224
314
384
712
155
19
33
684
198
116
235
47
92
213
69
6
600
15
229
149
242
87
127
169
113
67
31
214
65
29
91
513
749
234
51
50
17
161
270
155
945
320
58
223
110
174
709
107
25
305
112
42
92
75
577
99
84
24
618
94
155
152
82
75
150
16
125
432
70
40
60
15
57
31
411
459
73
215
72
151
12
59
183
129
128
7
515
76
21
576
33
298
56
25
53
128
22
88
17
42
69
107
28
6
288
26
85
68
172
580
392
100
132
28
1
248
307
568
431
216
133
37
74
403
26
112
40
302
79
109
40
164
144
217
428
177
272
397
10
121
32
127
76
264
535
151
8
117
111
114
101
128
29
204
186
413
60
738
102
80
216
190
126
211
279
72
28
210
56
637
584
51
63
51
115
2
318
8
244
113
392
406
26
141
148
233
336
54
16
55
45
549
110
283
51
84
31
226
176
361
35
128
191
213
153
38
18
99
74
243
179
213
442
173
338
55
665
23
70
191
83
222
899
28
289
31
85
251
36
23
10
130
53
529
47
3
431
58
46
295
155
11
425
77
222
395
82
403
196
37
1
443
35
229
62
36
229
146
75
18
203
413
110
201
9
81
132
316
185
88
378
285
107
16
87
361
235
859
195
73
141
180
136
36
974
215
197
1
4
25
43
724
261
53
239
17
4
32
307
240
76
89
35
232
237
53
93
376
315
43
253
43
123
179
468
273
204
632
281
83
122
197
213
29
588
102
629
72
114
74
12
214
957
20
90
182
869
120
475
47
34
229
279
408
39
357
767
39
55
462
114
173
150
48
669
151
32
167
97
146
103
51
354
334
591
96
316
60
273
28
146
1105
73
200
609
108
44
122
10
48
65
303
153
373
186
143
741
84
149
450
58
214
428
293
54
151
368
795
412
34
60
29
87
140
23
41
204
195
459
14
8
343
177
387
7
859
468
191
30
780
194
144
512
92
226
66
1145
100
224
210
25
136
222
317
35
55
301
121
51
989
142
274
124
45
83
89
799
167
133
21
135
13
77
144
397
4
113
172
113
45
311
21
27
44
640
506
66
550
414
145
50
283
20
8
116
282
11
132
158
394
59
1169
222
112
377
661
195
238
202
531
117
751
420
1
191
459
616
305
207
159
70
111
50
393
166
621
226
26
178
102
689
418
618
342
484
30
304
456
384
46
196
20
156
633
721
5
94
686
79
26
303
55
67
44
523
681
227
814
128
32
33
55
182
81
41
155
8
127
7
77
70
14
171
68
342
185
120
298
70
131
174
31
331
102
111
343
27
124
7
16
255
445
68
24
404
217
93
183
124
503
400
44
306
151
142
43
709
177
7
376
89
53
18
152
118
200
214
58
241
118
16
208
481
210
447
18
75
6
321
491
44
46
420
128
58
162
69
673
67
329
305
319
209
271
7
114
1138
289
58
106
196
271
18
178
27
510
45
46
161
72
179
402
381
60
4
12
250
341
197
53
198
94
23
33
81
56
127
124
92
368
349
44
707
436
45
62
7
114
315
131
74
17
248
73
195
54
174
344
70
256
16
18
133
197
285
104
227
235
68
242
11
27
85
127
467
31
99
137
489
27
180
440
101
227
701
159
73
141
44
193
46
97
6
17
495
24
360
4
9
283
49
246
30
20
24
13
227
132
129
173
196
34
401
96
251
27
5
98
66
216
371
61
274
206
257
59
175
182
296
113
425
357
355
140
74
119
305
290
209
187
26
66
195
478
51
413
63
37
93
16
152
143
374
154
77
10
58
22
267
17
88
8
268
6
161
172
375
23
86
89
60
528
346
354
634
788
196
58
33
67
86
82
201
17
406
43
106
424
153
180
52
284
246
47
59
38
208
440
193
48
31
169
9
174
560
538
65
42
90
91
159
215
32
92
279
192
507
610
189
28
85
36
138
14
73
68
36
336
49
407
19
24
382
24
204
108
217
284
339
169
17
9
270
44
311
358
211
179
89
142
183
142
71
253
173
208
620
172
71
49
49
107
76
99
139
214
298
2
5
581
105
95
292
16
23
149
34
395
231
229
411
145
32
117
382
198
21
91
345
87
170
93
115
440
613
359
122
376
62
204
479
185
130
18
279
50
23
876
616
12
322
316
142
186
27
19
75
269
67
71
104
398
2
719
147
28
57
123
113
71
6
79
9
74
10
98
245
48
75
210
279
131
157
11
210
93
133
74
344
90
593
281
159
77
246
120
586
116
8
137
133
176
15
314
875
23
256
43
210
271
94
69
605
227
10
313
5
96
69
237
93
65
140
58
117
471
423
578
9
178
279
100
3
60
135
133
36
143
252
198
564
132
9
107
322
212
10
171
245
36
233
159
316
262
596
150
194
295
342
76
768
344
110
341
287
369
133
167
339
142
352
10
68
14
36
55
99
427
391
40
23
52
498
446
293
117
436
156
633
8
495
30
292
372
223
218
342
341
85
512
11
158
120
3
266
21
223
241
212
74
105
185
941
9
76
129
339
183
141
127
226
312
213
251
62
364
248
7
192
207
119
34
338
158
171
76
227
33
183
123
94
85
46
13
123
10
74
279
72
384
179
246
84
19
191
13
39
120
86
57
527
273
65
177
440
456
302
612
383
291
15
436
38
410
86
823
630
212
111
477
114
81
148
405
390
652
125
480
8
316
904
389
414
143
102
59
470
124
56
34
83
122
72
18
143
56
157
7
66
54
66
367
62
196
64
308
131
103
705
252
57
122
197
194
494
74
129
504
83
166
262
91
163
239
189
388
246
64
18
15
162
31
174
37
235
317
104
143
323
93
993
212
7
135
380
147
394
125
62
12
141
1100
188
54
66
562
102
271
484
58
379
43
63
233
30
52
120
93
17
75
288
324
133
189
126
108
373
282
390
67
194
398
168
6
358
212
190
184
37
882
26
550
80
246
54
34
369
15
28
88
11
229
208
183
136
46
129
52
98
274
103
6
134
59
153
99
616
250
3
13
143
167
40
161
178
32
198
322
235
131
35
47
222
79
17
199
34
280
341
98
374
28
81
554
468
397
58
67
25
266
67
230
24
36
296
316
72
58
601
367
294
560
323
412
414
38
6
263
245
75
22
336
42
285
348
50
1
9
107
97
12
59
164
305
284
42
111
346
258
861
13
127
59
219
40
278
45
91
338
251
130
208
305
488
714
250
106
10
2
393
163
345
24
5
80
213
78
290
145
64
253
157
33
370
110
177
57
253
297
62
20
87
433
55
32
159
86
67
617
165
56
24
13
48
45
4
111
164
293
268
59
55
260
77
290
20
204
88
329
25
77
124
397
100
120
70
84
12
14
816
223
422
25
71
34
200
373
112
4
258
36
223
247
71
319
555
310
74
91
82
143
280
34
279
128
158
300
268
84
54
123
157
26
17
31
213
460
196
35
219
198
86
217
375
300
131
165
55
118
166
34
191
368
492
41
35
188
138
170
47
755
90
126
493
43
47
502
26
48
46
376
89
25
184
145
62
47
71
59
67
75
435
212
1619
30
85
503
496
74
453
199
14
497
39
189
62
31
68
31
92
377
384
48
90
229
191
14
207
182
256
238
87
72
67
187
3
171
62
121
134
571
91
369
99
225
432
4
805
160
73
183
298
104
150
33
265
421
137
275
111
95
45
73
539
224
256
381
463
38
90
129
159
54
134
43
767
187
38
101
223
87
48
38
118
79
207
31
290
182
76
20
288
347
207
20
276
7
31
75
195
322
307
64
915
59
347
283
86
489
40
13
35
342
558
367
45
457
20
65
646
16
24
265
153
14
115
222
263
80
123
4
389
36
36
259
533
102
462
248
263
205
151
474
135
170
94
223
172
59
54
52
9
443
469
96
81
14
110
52
8
372
158
17
2
338
176
73
242
112
48
76
18
227
72
115
511
172
97
356
363
91
444
62
611
690
219
376
128
200
527
165
7
50
57
249
41
34
191
16
386
114
51
541
17
281
10
265
565
29
319
172
633
11
91
57
384
172
85
9
819
111
268
13
74
114
96
50
54
107
66
240
35
388
91
4
24
120
317
134
56
451
106
60
202
711
107
202
27
78
395
648
193
556
23
240
228
329
263
1184
244
232
18
112
186
130
8
24
67
40
7
707
279
389
1184
77
67
202
64
131
90
36
21
242
377
145
290
12
38
1
11
156
414
446
923
24
103
112
191
387
112
48
255
12
184
88
69
72
7
100
209
110
97
102
480
119
390
83
465
71
6
8
13
114
265
329
115
42
708
38
113
867
19
209
68
47
32
15
1
363
271
113
244
244
51
222
26
133
163
116
41
42
254
60
119
88
1093
9
80
236
655
151
316
81
156
118
197
133
667
7
319
211
762
314
18
34
31
662
146
41
168
235
268
16
522
90
419
17
19
13
8
60
55
212
790
336
289
100
23
155
378
185
79
167
7
88
454
45
188
188
405
3
55
331
37
499
162
99
711
129
37
36
105
22
427
11
55
118
124
29
168
191
335
139
45
136
484
373
252
394
77
66
455
154
200
88
157
58
257
263
81
139
20
137
278
9
44
165
300
83
12
32
73
161
18
301
1121
116
85
353
179
276
39
976
73
106
150
261
103
49
298
24
146
47
123
10
374
135
238
96
304
236
235
283
21
309
26
363
63
143
299
254
7
15
77
24
282
97
112
41
275
155
63
182
14
277
165
212
568
120
27
7
103
328
51
30
40
84
173
110
153
454
93
295
5
198
19
82
435
71
160
329
12
158
794
190
131
91
114
899
283
145
117
104
282
15
54
72
62
370
88
193
65
440
4
18
5
335
12
254
72
20
363
154
65
34
484
488
53
100
335
173
130
424
342
249
550
685
5
22
152
139
162
394
628
408
75
185
564
191
2
211
171
322
571
33
337
418
64
185
284
60
36
307
283
80
213
146
1245
17
185
57
197
27
140
510
1124
76
171
24
39
192
576
408
56
157
56
64
163
339
140
28
128
135
219
339
255
55
166
263
689
15
247
65
219
26
268
508
312
318
380
56
173
981
20
121
348
156
357
92
381
225
58
66
275
240
49
260
645
176
95
185
368
250
319
173
53
130
6
78
240
739
451
128
132
144
449
351
316
23
149
275
146
271
99
43
541
183
115
107
155
537
32
263
174
398
8
98
97
310
87
530
11
189
42
24
227
155
2
283
183
206
380
167
373
472
3
85
85
1037
217
191
813
116
30
11
26
129
79
299
204
54
485
450
34
162
507
81
114
6
77
88
215
211
13
341
178
208
111
164
62
306
584
489
70
396
379
381
89
180
63
220
887
184
27
249
63
277
3
28
132
152
504
16
88
260
28
86
723
8
35
1722
581
632
14
269
562
158
810
280
36
90
43
346
449
58
197
49
202
54
20
90
5
44
28
250
10
162
268
372
237
276
624
40
189
185
144
90
387
114
126
262
96
2
33
380
67
32
65
180
123
32
148
252
259
280
133
108
11
501
71
355
491
8
309
585
119
457
138
453
119
12
118
20
336
403
472
45
162
386
32
91
485
246
90
265
265
156
269
222
220
235
540
229
62
288
359
140
192
25
612
72
177
160
66
141
55
89
577
37
170
148
152
103
31
55
105
314
213
131
403
72
33
366
134
190
373
93
139
98
57
198
150
96
193
200
164
666
102
1006
127
447
222
452
582
494
60
34
36
25
166
20
13
134
262
112
150
233
52
475
105
131
114
438
177
304
87
193
17
340
3
98
104
88
213
76
26
125
84
655
395
299
1
136
260
270
186
191
81
329
118
2
101
4
55
122
50
910
15
109
402
279
281
55
99
96
318
251
2080
573
117
61
118
228
1090
97
140
523
575
207
462
255
2
458
149
167
242
740
53
84
146
155
34
325
67
85
310
206
361
193
285
184
173
279
173
177
4
15
53
58
424
400
627
4
438
105
16
9
345
43
32
4
493
16
103
85
49
184
224
210
819
33
307
6
269
49
209
20
6
117
772
60
146
248
550
30
153
615
155
246
170
561
47
7
592
255
68
22
30
818
377
286
500
5
228
32
418
157
280
209
115
949
8
366
533
250
1122
88
388
158
201
36
444
33
95
59
296
282
243
29
191
172
350
39
308
159
64
55
498
243
252
152
31
320
467
54
35
139
3
316
54
312
70
89
234
369
81
100
2
14
290
383
36
158
371
577
46
196
186
505
281
294
16
417
138
154
74
6
49
307
175
110
149
431
226
175
372
30
129
1
281
25
329
2
68
36
383
598
59
277
558
34
58
473
20
214
81
130
42
29
17
97
3
11
9
195
32
127
45
56
509
128
168
730
96
237
117
306
151
520
137
3
283
58
54
93
272
236
573
133
244
345
241
45
84
81
170
100
72
1347
172
125
143
11
130
73
58
87
14
393
61
119
580
20
284
389
143
144
257
207
20
3
56
245
890
55
77
288
95
38
571
136
280
45
319
337
841
89
107
290
162
565
35
552
21
64
397
678
366
302
118
4
3
25
100
270
360
176
106
232
39
153
22
191
133
572
11
238
12
781
15
12
67
220
11
213
477
111
47
498
667
246
10
36
105
114
768
51
20
114
328
68
38
209
7
95
136
66
65
125
28
191
213
243
177
293
135
248
331
2
32
99
178
533
96
63
119
47
7
319
175
13
107
182
4
65
43
28
126
431
38
265
23
71
330
144
298
17
269
11
239
17
60
107
99
39
3
96
294
62
334
119
22
372
393
133
377
297
62
171
14
154
39
671
91
213
100
209
27
145
304
130
549
72
81
87
2
61
54
93
133
8
310
140
104
58
134
222
62
19
34
276
494
21
114
124
274
478
137
187
417
20
78
196
91
480
97
501
11
22
12
682
38
157
211
204
51
371
90
248
84
289
874
8
192
153
337
91
164
419
107
55
57
521
307
723
66
276
207
38
24
247
47
268
406
99
77
414
59
65
61
3
187
548
22
37
263
451
472
221
176
697
222
261
109
48
74
381
124
58
165
144
261
39
28
21
21
312
486
167
37
73
233
344
16
82
12
49
316
81
3
46
16
42
1
189
157
58
283
112
32
116
329
229
111
245
888
70
363
156
308
110
181
290
396
53
49
68
197
179
74
18
35
212
271
29
93
290
270
114
245
252
9
567
62
293
233
174
222
114
156
9
140
135
31
183
257
39
740
244
335
13
273
136
19
153
299
1029
591
105
21
55
121
171
81
689
10
46
708
42
297
123
29
64
384
36
98
361
519
114
292
22
354
255
157
787
61
48
354
163
29
23
222
58
4
243
216
80
128
290
242
1
195
34
1041
343
365
39
395
184
375
199
129
178
24
5
25
16
389
447
6
44
155
290
134
30
29
208
31
111
19
168
63
180
59
33
931
392
231
187
18
24
174
53
118
390
75
282
360
99
301
202
675
442
1076
204
158
219
58
314
92
59
212
17
9
196
113
511
119
35
355
431
151
230
563
157
138
46
72
12
11
204
205
81
242
45
164
78
327
236
159
94
97
103
34
21
84
384
198
311
34
18
558
295
208
254
123
258
508
145
38
102
17
197
304
255
290
69
137
281
45
38
487
126
253
12
307
305
130
29
8
485
98
178
440
96
385
254
98
295
128
63
54
187
45
57
59
99
34
485
71
50
199
34
623
907
88
954
687
194
249
105
175
70
405
52
303
37
154
66
234
149
95
156
3
377
221
137
364
288
84
107
221
84
666
298
2
246
286
174
84
122
67
251
440
313
326
30
528
534
10
18
13
223
80
1239
59
200
245
123
5
25
60
264
156
20
10
63
24
52
394
308
284
125
102
42
76
19
401
13
409
334
249
487
471
270
134
466
527
330
140
75
4
164
75
105
11
308
226
678
8
1
11
37
71
38
52
12
518
261
43
82
90
71
341
207
86
22
135
24
49
173
49
82
281
11
94
168
172
17
203
68
64
78
46
414
57
120
508
201
145
19
99
416
93
49
199
57
54
752
114
15
148
131
763
436
432
102
313
542
232
764
221
275
4
79
207
213
27
142
177
83
179
102
155
47
21
270
94
302
28
110
437
344
126
102
426
114
299
57
93
345
42
348
134
621
44
1363
41
379
216
474
73
227
96
254
40
117
580
99
58
103
75
84
442
1
445
166
943
151
144
18
100
31
23
74
299
191
118
37
19
99
324
157
28
59
352
674
82
68
159
6
111
89
308
134
593
375
388
157
84
342
462
56
188
102
222
124
41
148
29
138
23
327
255
217
15
284
184
449
131
9
281
385
7
1352
62
118
8
39
204
60
557
10
126
463
54
234
85
217
81
168
81
141
116
48
325
379
27
804
17
22
169
185
199
110
40
284
44
212
184
104
266
676
277
11
120
18
627
244
327
199
329
266
368
158
296
81
213
8
56
330
93
8
5
122
124
193
551
37
261
99
160
160
395
63
252
282
338
211
532
261
580
113
37
22
40
346
58
126
22
141
86
48
70
789
266
230
278
231
85
378
271
303
63
48
603
25
275
42
56
76
302
205
424
127
566
369
173
96
134
147
42
403
82
62
98
14
12
647
51
45
109
149
353
310
188
181
35
318
255
125
28
199
181
490
568
139
195
50
1004
22
169
912
38
19
14
28
480
63
343
164
348
18
29
1
73
51
435
134
387
576
132
314
180
850
563
191
230
192
223
179
21
260
11
664
156
128
95
13
365
104
77
83
249
186
117
44
45
272
442
65
200
155
376
131
129
198
373
103
411
61
149
107
67
353
610
27
912
221
12
107
409
29
76
283
62
95
59
21
62
370
419
573
71
464
184
515
79
203
329
150
139
48
175
53
215
349
292
281
116
226
429
202
109
676
10
402
17
88
124
326
693
400
170
13
424
241
137
192
109
569
316
368
297
184
48
232
11
789
121
253
6
353
178
60
194
58
48
74
778
360
489
140
140
1020
37
322
197
565
58
31
278
76
56
307
26
453
283
143
3
104
116
132
24
332
423
507
79
39
815
79
1103
124
115
128
295
61
81
500
1
774
164
41
7
92
13
100
41
483
147
152
331
9
196
23
62
206
113
85
22
307
1393
272
98
49
344
19
102
154
43
296
236
144
17
144
237
165
191
69
351
326
302
225
110
238
93
56
66
239
436
88
57
611
92
941
193
114
352
347
265
154
85
75
183
174
115
995
430
45
280
245
30
17
301
608
163
1187
145
29
38
232
391
396
289
105
221
19
100
309
42
54
363
347
406
17
372
167
52
178
127
111
309
121
106
172
264
129
202
114
90
194
37
219
521
413
96
252
570
209
190
69
180
785
135
322
70
47
293
45
5
88
9
53
137
557
38
135
346
118
323
79
230
30
256
8
205
135
157
69
246
416
106
74
253
332
44
252
200
114
536
162
86
115
457
120
27
38
35
87
45
35
487
378
253
251
140
156
147
482
108
98
579
170
30
158
43
168
38
216
88
17
24
10
250
17
15
286
101
272
80
8
869
1
160
3
39
686
100
63
11
109
430
22
23
29
88
10
196
42
88
169
105
12
73
113
176
190
71
229
136
378
388
291
63
127
2
225
55
25
141
209
232
103
159
97
25
157
386
48
176
245
105
51
46
430
260
335
105
129
9
174
16
64
31
23
23
29
74
155
161
644
35
123
388
82
263
3
90
99
204
291
192
56
240
56
196
218
336
205
176
40
133
218
60
101
314
654
148
217
40
32
53
481
465
338
603
307
128
197
240
368
530
320
52
4
80
21
4
20
49
245
139
88
149
831
206
41
207
177
144
348
17
432
393
634
137
41
81
109
150
236
122
224
38
261
464
85
23
20
47
127
329
31
137
241
303
116
67
48
279
172
9
131
40
916
136
238
502
92
81
960
95
153
112
57
5
79
18
199
166
99
131
226
226
111
435
6
177
294
253
200
96
407
9
174
94
154
212
73
94
146
58
89
49
75
428
145
91
239
42
93
620
771
178
43
29
96
641
53
1
164
554
46
5
276
107
39
63
117
81
165
66
28
88
124
650
6
160
7
70
72
187
36
57
245
287
21
247
38
675
73
318
53
107
63
97
367
6
102
43
129
839
364
64
9
427
84
56
155
200
583
29
548
234
236
28
59
236
11
32
74
28
82
125
13
18
296
100
25
256
135
44
54
158
21
47
113
8
28
108
152
322
886
106
272
284
270
3
34
158
78
107
207
201
138
50
36
86
58
43
440
73
299
10
40
105
468
36
350
1136
10
159
157
43
136
434
47
23
41
3
304
591
286
235
95
207
15
944
137
18
349
33
341
159
226
51
185
117
103
113
21
466
111
114
631
110
98
152
36
1219
833
798
85
1
341
98
10
68
109
112
393
201
52
371
469
46
248
555
204
743
84
147
120
404
222
172
1169
164
42
155
304
215
48
132
488
67
154
26
156
214
1
458
469
331
291
17
136
772
132
23
65
341
13
37
120
712
69
47
263
33
2
77
172
67
4
315
97
343
161
263
18
343
94
135
25
437
89
412
65
165
241
94
81
55
137
78
947
62
442
64
15
49
162
139
107
10
214
499
143
27
21
66
57
333
41
1
359
194
139
126
66
182
34
21
132
797
37
33
78
291
36
114
294
54
28
538
138
16
127
171
420
37
990
10
598
200
39
701
53
51
70
77
439
248
272
90
56
59
46
8
5
124
449
16
113
35
198
230
94
131
440
46
520
102
215
149
120
59
41
198
80
98
112
22
342
134
118
625
654
265
76
182
7
74
703
72
137
105
153
8
546
81
121
634
540
260
23
113
86
192
29
564
985
60
43
252
30
133
83
104
377
169
334
209
195
52
92
539
58
413
542
140
109
223
305
253
5
154
558
240
182
199
12
177
540
126
123
64
57
53
182
548
575
95
181
54
107
25
34
142
350
486
139
320
105
143
182
16
35
226
89
133
133
38
13
688
242
23
244
23
467
50
132
142
30
55
35
195
92
362
137
68
44
87
140
404
343
352
247
84
34
125
34
34
206
19
91
45
236
265
999
290
46
497
89
314
35
250
181
69
311
49
209
57
41
134
329
411
521
170
5
162
217
235
251
74
11
44
63
26
33
96
859
5
174
278
225
40
178
341
178
555
81
12
660
17
117
18
402
43
83
215
156
123
40
188
4
273
8
65
37
68
34
159
554
401
347
27
783
305
372
10
107
133
834
28
436
46
133
95
264
110
2
734
88
150
10
592
207
138
60
17
165
693
200
45
236
140
12
105
490
111
42
89
563
15
19
36
631
282
214
13
11
98
54
94
213
585
122
461
281
336
262
82
7
36
89
300
238
90
278
563
47
216
260
40
203
10
80
410
330
175
33
76
12
25
216
227
253
196
112
28
24
34
325
261
60
173
577
40
755
18
255
6
238
279
107
105
164
907
257
518
36
60
2
298
176
397
64
228
503
42
368
289
16
48
39
498
2
209
382
306
38
156
27
589
70
231
9
107
89
238
207
693
373
15
22
159
13
23
103
31
262
770
105
105
177
430
434
152
35
147
97
113
137
330
123
574
4
36
58
6
67
39
326
191
291
7
37
48
139
153
256
311
248
13
236
28
44
69
78
37
220
13
229
115
291
42
172
53
795
188
149
161
38
216
60
117
545
398
288
333
147
13
57
78
146
50
20
126
8
301
47
98
176
392
269
171
102
46
218
898
97
37
41
287
123
183
106
1
120
4
73
396
79
336
84
105
461
606
402
110
362
463
194
261
13
50
99
21
99
181
58
93
147
235
103
456
37
218
1428
336
144
212
10
86
253
31
245
228
243
130
21
130
511
116
722
236
84
37
75
255
84
76
50
138
307
290
42
222
510
268
25
90
104
215
19
254
19
190
100
273
396
267
255
170
48
99
6
279
282
117
5
200
118
157
310
123
216
232
105
59
551
530
43
22
144
201
94
455
113
3
317
39
105
98
147
26
49
683
424
85
268
143
446
133
132
226
146
73
256
127
281
72
4
166
1
125
75
460
235
64
78
84
208
143
127
320
25
2
9
187
834
426
332
159
27
105
358
79
78
15
208
377
299
515
170
41
217
359
94
138
221
241
556
354
6
62
60
15
707
173
97
650
28
269
178
123
301
865
128
79
119
273
43
66
392
247
179
162
203
173
89
41
304
143
11
493
89
490
20
4
103
212
155
466
120
62
306
386
273
68
648
258
136
70
52
546
55
247
219
212
266
6
6
116
86
137
5
61
107
477
95
37
165
148
99
148
111
296
45
17
288
365
125
318
101
210
239
245
874
119
767
229
23
130
53
122
151
514
329
272
71
218
187
297
118
556
110
28
417
159
268
40
110
204
264
6
116
250
211
46
6
488
74
12
55
45
486
33
81
149
635
125
128
167
97
327
447
28
244
57
680
367
98
558
31
34
25
28
58
88
53
280
26
168
5
109
752
114
24
35
185
141
194
269
261
687
98
595
181
313
476
198
47
417
53
372
45
79
161
6
324
107
221
104
418
83
20
196
139
96
653
352
9
151
151
23
48
44
103
191
17
18
69
55
122
368
122
24
249
161
173
395
104
237
70
520
272
195
15
274
81
49
234
53
39
270
4
76
106
154
73
516
251
204
250
60
466
454
80
218
200
250
79
1
253
733
149
322
4
68
24
17
84
18
190
36
100
275
3
85
33
59
12
259
256
164
194
20
20
38
50
35
289
32
143
6
272
2080
426
53
360
219
626
29
272
21
33
27
494
196
7
97
188
173
262
174
35
106
12
91
477
284
178
631
282
220
121
274
349
133
698
31
40
165
604
206
20
83
323
86
334
500
42
371
72
245
129
295
537
53
213
484
173
258
903
33
21
161
13
38
213
23
136
39
422
57
6
163
69
384
39
299
966
207
42
88
19
325
155
71
309
152
211
317
225
22
15
157
26
161
367
157
62
149
58
234
184
126
248
9
173
217
651
16
49
67
81
290
39
2
64
426
76
67
400
70
25
459
171
216
1
429
437
78
6
87
28
288
391
111
26
135
159
277
609
199
16
314
146
31
24
109
23
633
616
531
252
468
35
18
82
271
291
53
449
40
223
40
25
44
2
324
755
141
27
16
6
157
5
176
52
295
311
25
171
232
792
98
49
84
104
180
67
278
65
282
32
4
59
168
67
139
59
275
176
481
179
165
37
200
83
163
160
35
117
29
72
566
147
8
683
155
326
83
118
92
56
16
146
584
42
8
332
496
205
414
373
278
164
22
117
116
34
13
34
5
212
135
1
77
154
258
38
210
208
45
537
999
49
68
133
71
50
18
627
101
11
63
59
69
1103
163
2
51
118
527
76
76
85
35
138
28
366
298
195
10
167
5
632
272
180
585
25
198
120
39
18
188
51
132
470
2
47
285
29
649
6
121
442
42
307
20
232
105
18
715
244
78
157
193
350
122
191
19
14
242
76
270
208
597
263
156
130
185
368
142
35
86
169
102
83
5
175
46
169
462
295
171
102
67
452
299
549
231
90
47
178
143
182
40
42
150
1008
536
57
1110
448
171
154
323
169
1387
250
109
238
95
56
18
55
74
66
626
70
56
302
244
290
65
153
61
111
404
87
38
65
192
19
79
242
234
325
120
96
627
214
44
109
128
443
30
224
91
144
179
273
275
561
143
181
262
85
97
63
30
405
113
230
5
126
580
582
166
179
33
44
117
104
98
102
74
318
754
22
105
393
212
184
724
21
333
125
127
11
147
569
72
168
168
37
11
116
113
212
408
197
128
11
20
314
56
193
227
81
51
103
170
227
348
165
175
6
8
361
411
68
153
185
199
93
170
148
13
213
173
43
59
263
245
348
4
56
57
105
84
701
51
68
121
495
3
220
46
183
84
2
303
64
142
280
94
70
31
98
447
90
101
64
78
340
391
56
320
300
18
117
6
63
8
76
27
25
81
72
113
291
178
28
140
345
274
55
271
119
246
56
377
103
26
606
216
446
215
419
129
2
219
269
116
438
119
451
26
107
28
43
354
177
91
43
346
86
291
58
503
7
104
109
240
46
43
201
340
12
160
30
166
31
26
215
54
171
625
64
119
156
655
106
547
47
753
5
864
380
74
76
12
85
20
18
232
320
69
12
75
143
242
65
10
753
324
468
12
38
306
155
175
343
188
95
58
416
120
73
251
535
81
76
64
298
88
57
147
326
71
76
197
154
988
100
94
485
64
150
140
193
402
198
127
38
14
373
56
506
149
164
42
302
3
127
215
330
133
294
95
115
78
360
50
147
6
115
128
536
78
496
33
583
396
78
148
22
160
510
89
298
218
33
15
40
271
84
63
5
140
87
475
141
231
100
147
554
28
42
260
194
598
334
157
65
32
55
195
255
136
11
1
641
10
67
129
143
30
370
29
19
31
154
51
107
542
23
498
89
82
66
1131
33
97
69
42
358
336
381
25
258
160
7
162
20
172
3
1
275
7
50
55
296
383
251
495
33
353
117
296
119
103
42
188
70
14
301
167
512
226
126
353
105
179
862
90
437
402
55
248
120
130
15
164
539
335
25
7
76
87
46
109
639
334
52
89
107
211
9
26
618
63
55
9
214
247
103
265
32
59
241
28
308
270
82
5
148
485
343
21
17
244
156
34
276
282
167
143
125
6
42
65
112
367
36
147
605
48
21
642
290
319
747
61
140
76
70
150
179
285
272
22
53
72
589
57
285
33
45
319
1187
68
227
107
548
89
18
131
91
197
55
69
269
63
138
168
606
467
172
582
64
231
210
141
30
307
61
544
7
201
878
110
35
279
74
434
37
145
235
195
167
243
82
597
33
35
154
886
15
115
33
25
329
267
32
55
288
2
220
110
237
161
193
11
231
614
50
4
457
251
141
23
338
104
56
27
41
231
46
527
102
13
81
377
147
227
231
236
218
10
232
436
744
756
198
357
476
210
456
22
2
18
469
165
692
494
33
742
24
296
124
61
13
29
302
491
358
1222
165
269
1005
43
42
127
44
242
102
92
280
334
39
103
126
126
22
20
129
204
189
199
70
15
24
80
305
56
136
13
61
457
481
249
139
657
98
67
296
53
33
265
270
201
51
30
81
112
36
63
95
45
139
41
45
607
323
578
419
43
342
1
108
72
253
106
147
18
361
105
47
319
643
131
797
149
165
146
287
57
840
27
75
114
10
244
95
139
4
98
59
1094
119
110
1116
379
328
25
857
143
116
447
22
84
264
192
41
25
11
241
2
522
78
38
142
103
352
51
131
147
21
103
110
454
105
677
324
466
377
163
113
104
115
284
35
151
52
199
211
59
444
350
105
41
286
95
311
97
282
273
56
154
50
48
128
87
17
61
257
155
89
610
686
35
109
906
35
274
9
127
64
1
203
1119
104
124
269
43
171
418
19
55
143
313
102
139
21
8
41
439
271
163
233
767
77
96
77
157
838
20
192
164
155
215
40
68
150
486
154
151
418
180
114
207
47
57
141
111
177
376
308
107
554
128
9
305
308
441
105
85
193
100
56
307
152
253
279
267
103
107
64
291
71
127
265
415
88
176
57
186
338
457
69
88
132
147
126
766
64
264
73
67
27
41
11
141
517
472
552
89
273
164
499
282
9
215
67
326
16
46
39
30
59
148
119
48
204
213
377
212
66
38
741
52
222
256
3
160
915
36
214
28
93
218
66
340
451
152
251
66
171
51
232
174
726
63
89
119
294
159
500
90
444
234
258
1
144
889
581
48
178
213
40
1358
41
283
3
267
57
228
2
26
35
129
5
668
199
482
123
136
80
180
59
26
315
827
45
106
1803
227
145
60
40
284
25
431
41
179
194
296
17
487
131
22
51
146
62
313
131
115
152
278
387
455
65
111
61
733
103
50
175
47
51
500
333
15
109
222
125
202
115
210
672
60
324
809
62
197
84
5
92
11
244
179
1163
69
56
54
37
321
217
37
316
245
111
454
28
106
100
47
48
17
208
165
15
651
806
133
408
315
5
22
266
41
119
86
133
78
63
752
749
334
218
630
63
6
74
91
92
333
224
80
247
352
67
38
35
135
94
70
250
261
526
531
193
132
172
82
33
60
71
160
274
179
113
62
267
276
480
632
91
152
58
338
81
142
50
189
176
151
224
16
169
399
144
425
208
327
57
351
479
17
29
77
28
522
82
267
3
33
24
310
156
9
120
114
158
125
38
131
71
772
511
121
74
86
17
319
9
55
643
14
303
138
104
26
92
359
19
787
3
57
204
113
503
7
605
480
489
283
239
377
365
662
141
5
435
11
295
935
192
18
166
63
412
524
182
59
74
157
273
174
275
288
13
539
24
110
293
573
20
38
45
59
85
346
33
86
90
163
176
56
309
390
57
190
99
145
8
136
95
141
245
18
75
32
308
329
78
81
61
45
357
47
543
243
159
25
521
688
421
38
86
320
161
73
156
59
197
26
453
17
186
98
252
2
470
164
15
8
87
25
30
77
744
19
832
222
295
194
59
97
229
498
271
95
143
95
79
75
719
77
42
259
191
16
397
368
337
439
4
16
183
83
118
460
124
272
69
21
533
82
441
13
23
156
68
37
385
60
338
413
493
105
288
187
192
228
172
9
111
266
167
370
10
308
172
146
77
363
198
105
156
128
557
120
175
140
86
345
92
82
174
1076
7
106
80
93
110
148
201
6
47
109
140
260
67
124
62
251
223
271
194
127
243
127
375
607
200
804
29
125
113
52
149
245
912
12
113
29
113
33
34
45
270
800
124
178
130
180
180
1691
270
162
267
205
26
761
104
588
410
423
238
233
3
293
469
1342
164
321
120
131
204
78
182
502
228
40
489
280
103
192
812
385
363
18
67
268
18
408
275
305
3
334
534
162
229
2
75
364
182
337
198
125
204
4
295
144
310
136
40
4
109
45
46
258
92
406
109
11
130
54
87
295
396
25
174
180
182
48
231
34
12
935
7
187
190
118
349
66
489
25
109
205
133
49
91
6
357
34
30
82
307
98
9
45
76
377
52
323
145
420
75
384
855
563
178
459
82
3
59
136
1
661
205
91
33
290
510
33
346
486
67
336
17
378
830
77
91
305
71
210
302
246
334
322
149
930
12
325
40
92
457
98
20
222
235
97
166
37
224
117
6
354
156
41
6
92
232
87
20
106
13
15
81
198
36
360
469
43
10
56
24
89
544
37
78
176
62
93
122
627
287
53
52
76
116
188
445
488
1
133
231
577
204
129
248
309
223
290
122
73
2
194
231
14
441
2
480
306
453
127
36
437
224
333
71
136
86
253
150
219
27
426
106
76
837
262
9
158
1
92
183
342
54
322
12
300
201
12
40
11
695
67
188
542
54
115
47
47
135
190
97
6
185
220
204
38
467
41
10
135
34
98
381
556
403
25
693
2
95
108
157
461
246
440
76
68
197
83
4
5
505
394
139
197
76
557
354
428
9
206
9
108
129
154
343
176
431
93
289
136
227
39
143
163
39
361
100
89
90
252
429
50
158
140
146
71
136
287
154
153
432
99
562
87
210
138
47
102
25
362
94
40
115
97
229
674
70
29
159
301
71
267
12
325
24
9
219
22
245
38
105
530
295
39
56
152
251
508
336
269
52
60
79
54
451
12
278
315
330
63
18
100
207
153
421
134
48
122
290
77
408
36
42
182
419
48
10
107
10
113
149
233
266
365
271
10
206
40
143
110
78
43
446
64
600
48
310
250
66
42
55
116
57
255
246
299
51
42
10
224
90
189
80
9
1108
61
82
51
189
250
363
618
66
79
125
241
23
375
76
203
181
34
20
42
115
298
459
112
226
61
148
47
260
5
72
76
48
225
107
177
16
173
249
48
678
163
419
41
86
130
19
29
67
262
540
136
99
54
310
55
572
11
88
28
161
42
190
275
111
235
425
41
211
222
46
266
145
57
332
117
60
25
343
321
74
294
651
142
101
832
134
184
172
214
4
297
178
185
152
68
149
101
53
64
73
378
130
303
451
49
152
109
282
268
79
580
130
180
699
187
18
401
47
202
724
201
171
234
530
264
107
189
56
85
163
84
84
588
310
79
531
292
467
66
24
71
144
186
120
824
85
96
118
237
60
40
94
3
233
209
3
2
252
23
35
163
155
18
107
289
134
15
66
217
97
102
548
244
95
151
257
46
14
202
310
59
7
310
393
69
189
204
198
359
799
440
232
150
121
109
143
14
5
110
119
29
5
94
41
379
4
42
203
724
245
103
308
71
6
265
90
117
42
407
454
172
383
306
20
48
39
134
712
181
537
148
309
426
125
6
33
177
192
292
95
135
114
514
118
159
345
3
209
451
401
290
69
171
13
83
133
8
36
208
131
11
375
50
134
17
586
100
133
266
122
39
703
108
3
222
26
236
21
81
82
165
225
722
195
30
116
343
335
474
132
126
13
25
136
18
178
92
72
255
37
19
487
8
70
428
317
79
143
100
201
27
427
332
57
88
11
154
470
48
411
41
302
272
17
110
236
104
690
381
622
135
152
106
121
242
13
135
263
312
212
65
69
156
179
133
321
1151
17
5
129
51
72
241
72
134
59
179
89
44
88
23
522
99
57
112
205
52
358
74
91
42
541
555
6
119
187
458
34
44
160
329
60
64
174
289
443
546
203
45
138
40
75
42
352
82
82
363
29
101
3
410
354
390
17
574
471
113
508
355
252
130
214
15
122
138
8
32
762
152
198
320
48
323
59
182
403
120
34
74
225
247
382
43
391
90
37
351
15
320
92
151
136
173
526
678
92
291
367
18
179
589
727
471
238
52
115
79
371
18
106
128
25
99
116
269
297
129
186
20
285
170
195
249
17
121
56
191
96
212
1
69
87
15
286
2
55
85
631
345
33
330
33
548
98
92
246
124
137
44
35
47
76
136
47
167
222
67
345
22
796
122
98
578
128
1
109
165
51
279
287
2
304
104
296
64
148
75
116
295
152
268
530
192
35
6
135
273
10
124
52
134
276
43
233
236
288
17
259
907
28
294
202
64
75
422
1
5
210
177
60
160
888
155
91
260
347
87
226
94
178
184
93
317
87
181
121
210
197
357
320
233
146
116
47
129
507
122
536
242
806
70
198
32
168
58
59
495
506
92
342
9
63
154
139
5
162
26
15
103
12
6
22
4
13
147
628
568
95
171
741
305
362
56
393
96
164
271
263
152
35
237
337
339
211
77
48
28
50
556
292
1
206
212
115
74
144
134
44
126
9
457
469
251
191
678
23
155
379
23
66
433
86
219
104
51
460
49
119
12
72
573
198
717
169
462
646
393
258
154
20
77
412
74
353
497
343
253
93
96
506
213
251
62
98
82
37
61
290
255
134
237
369
273
167
73
191
43
36
569
206
176
209
51
110
455
46
297
9
125
135
28
373
486
46
508
60
132
155
103
182
155
641
500
820
222
86
122
33
36
429
313
73
62
249
99
357
879
351
204
731
445
33
131
69
197
61
16
12
182
305
171
81
183
359
168
645
292
174
89
30
225
72
190
374
530
761
133
369
25
369
360
100
107
422
181
148
289
266
506
628
442
4
42
144
9
111
119
22
325
250
105
29
319
574
174
135
209
823
211
306
7
266
213
38
33
11
23
99
142
349
190
54
70
45
26
60
54
99
82
349
62
9
126
71
349
227
367
163
48
24
136
174
248
82
89
67
582
429
24
84
61
15
66
60
123
30
245
72
288
262
734
210
87
244
417
92
64
254
140
124
28
174
19
281
85
338
39
309
92
114
41
112
208
89
4
132
276
128
286
590
110
315
17
41
888
230
114
233
406
194
209
247
198
125
848
109
86
237
73
365
237
188
90
66
140
485
450
126
58
237
166
25
54
62
82
28
341
326
108
42
167
67
79
468
211
222
44
65
85
358
484
234
525
34
32
28
445
74
567
391
299
30
400
73
118
41
99
67
45
267
166
103
151
609
162
270
404
626
46
200
42
115
28
230
310
220
146
317
19
123
36
102
369
775
424
190
140
506
399
155
48
1058
18
117
33
49
78
2
215
511
650
95
575
11
15
59
249
172
499
242
182
198
150
517
238
56
71
262
19
45
85
415
210
550
212
6
7
1
176
177
28
3
439
1
453
170
318
557
391
36
61
391
27
108
769
91
71
313
63
578
21
18
100
94
7
286
111
127
1314
178
62
121
20
143
416
178
160
53
89
89
22
159
521
408
187
294
111
270
79
81
110
29
205
773
152
46
182
144
3
219
21
181
60
229
21
158
66
333
200
191
286
52
8
241
291
547
45
786
271
38
41
110
375
292
12
205
60
200
70
18
138
24
179
813
110
113
102
21
526
553
17
206
843
92
741
113
21
376
65
230
300
404
842
121
23
493
441
36
7
4
319
45
115
457
629
12
180
648
733
804
25
358
12
174
792
226
607
100
250
985
110
388
85
29
169
221
52
54
495
824
69
337
138
117
382
248
456
128
169
195
147
394
188
612
568
9
218
35
252
18
401
87
119
344
53
91
136
33
250
793
27
437
113
168
141
52
54
346
81
49
25
396
120
55
205
86
82
808
502
470
268
372
66
138
98
56
42
12
6
348
150
1
253
1
350
497
210
346
157
23
101
200
734
49
458
126
483
220
11
240
184
22
46
395
33
183
130
29
553
317
37
125
23
267
27
315
335
183
130
81
46
6
118
102
377
77
254
267
179
31
27
359
152
8
5
36
31
109
43
371
37
60
194
232
90
50
1022
17
240
116
59
246
26
207
12
155
107
453
131
18
78
186
338
94
141
17
343
195
98
74
48
15
155
49
345
580
215
18
42
4
286
90
693
272
213
187
6
111
74
292
128
100
47
133
180
209
66
238
558
625
132
50
117
390
226
156
505
158
370
159
308
24
56
95
78
17
205
36
90
294
33
377
244
98
356
321
33
81
176
121
118
258
138
236
1
177
40
43
304
202
52
112
20
45
89
184
267
43
97
34
70
198
147
32
469
200
54
36
103
116
26
1
25
81
709
403
54
860
191
51
1002
45
178
30
198
130
69
53
88
108
212
2
65
103
671
284
146
156
537
301
127
81
160
22
123
6
484
128
239
28
144
303
396
17
40
225
28
130
43
167
8
495
237
281
745
356
1
430
247
93
476
120
246
255
144
176
233
454
314
354
37
114
95
23
106
587
252
205
164
16
40
1138
90
245
48
4
66
2
27
333
90
49
190
169
229
208
189
101
272
427
163
394
208
212
228
156
96
79
97
52
19
136
85
2
196
206
99
2
71
90
305
508
17
6
688
28
39
141
108
166
66
285
194
16
85
451
393
143
55
172
363
49
25
69
270
39
372
112
410
153
86
220
103
236
40
177
91
245
45
7
129
48
227
33
395
172
240
187
80
155
35
488
45
868
58
95
102
38
282
187
297
1282
792
9
94
236
247
150
214
131
711
74
69
164
6
149
201
14
90
172
124
56
9
98
15
145
81
2
74
286
334
167
229
102
621
613
14
177
109
77
39
49
549
282
86
501
32
43
280
363
46
566
186
80
143
444
139
91
105
301
115
326
41
155
209
79
59
46
326
29
313
67
251
66
280
31
20
239
166
73
143
298
77
40
16
188
455
38
5
236
276
195
252
59
293
185
44
625
16
580
442
41
4
176
155
197
73
173
581
100
150
391
215
89
3
24
34
749
60
326
206
60
371
352
10
34
38
224
76
16
363
222
180
228
4
51
96
329
231
148
68
183
3
241
112
219
341
461
22
111
92
51
345
104
103
4
72
212
256
146
127
10
40
49
32
218
110
11
117
678
48
292
128
1
243
144
142
89
130
13
28
9
253
238
138
16
86
37
75
741
126
272
174
366
636
292
285
62
176
286
101
371
111
123
349
99
2
347
13
243
623
118
114
1758
148
83
16
325
353
178
445
121
39
319
11
3
57
375
186
251
171
441
95
293
16
18
204
199
11
2
259
161
117
58
38
174
247
24
112
254
47
552
338
143
81
758
272
250
84
78
352
80
41
342
1275
221
31
127
38
236
229
67
181
89
82
3
127
32
528
338
456
157
14
49
351
214
30
110
1024
236
279
106
155
149
502
296
82
13
331
314
212
204
123
244
56
35
60
195
111
34
160
21
71
181
47
296
205
141
146
24
187
68
48
217
342
326
2
339
536
12
135
168
67
198
219
40
243
180
11
73
22
37
214
118
476
303
211
70
558
285
24
414
385
114
220
783
254
297
102
401
326
93
341
213
51
476
72
123
133
443
298
201
156
356
12
44
129
186
203
336
94
48
66
95
130
212
69
189
59
27
280
224
114
71
204
61
192
345
18
28
165
420
246
149
266
431
64
149
50
37
195
247
165
284
23
30
230
15
127
30
108
211
122
368
298
261
4
556
165
329
124
198
96
695
85
54
217
36
160
122
348
34
67
240
20
96
96
142
33
103
328
137
34
53
188
333
57
35
57
170
29
101
173
53
378
40
103
92
61
184
378
378
119
391
145
379
151
34
196
235
7
612
28
621
103
369
7
407
268
219
347
104
94
48
77
15
88
24
336
414
116
49
379
108
248
33
113
168
99
59
15
264
555
198
132
31
9
162
64
32
188
520
129
2
70
711
64
22
273
651
265
9
16
28
600
248
246
143
91
186
39
567
224
147
619
502
27
3
585
152
173
193
231
47
31
76
411
135
281
31
83
150
153
141
3
159
63
28
1230
1085
406
12
85
174
23
309
203
501
156
416
563
7
542
22
61
95
887
177
12
225
319
366
519
44
326
56
16
301
208
474
191
64
250
91
82
194
284
23
1
75
113
96
348
104
7
61
22
438
99
115
287
148
33
240
286
568
88
173
8
50
201
29
11
180
432
74
157
189
272
464
160
93
248
149
92
21
68
183
118
314
588
343
418
28
68
12
169
85
48
39
214
90
141
263
67
326
180
4
83
43
436
114
53
685
147
205
73
209
362
125
837
265
130
7
59
226
99
22
158
168
195
10
212
312
59
129
270
86
62
637
14
20
268
333
132
169
48
107
85
233
151
11
455
597
3
255
253
121
92
395
88
95
12
156
253
42
181
771
81
60
158
596
6
32
166
808
43
54
92
403
36
582
548
103
343
64
337
402
12
352
376
47
27
27
43
89
142
78
617
242
111
36
71
32
138
64
86
274
265
191
298
93
102
55
86
98
396
28
87
324
8
64
39
390
122
284
549
154
212
14
133
582
409
68
185
11
260
135
317
267
554
611
119
202
218
133
298
267
183
154
76
45
96
86
106
94
109
347
106
125
277
95
11
389
732
118
291
143
519
464
79
116
24
20
193
255
157
233
564
4
17
24
194
17
313
248
82
34
162
122
610
405
90
75
56
111
147
10
74
249
65
251
18
39
4
125
268
5
176
600
70
208
334
12
100
321
540
24
122
122
399
98
27
342
5
3
90
133
278
21
657
42
535
51
534
26
483
21
128
68
73
126
1328
409
307
38
826
14
117
100
829
90
350
557
245
265
55
261
114
251
99
43
236
343
2
346
117
68
136
188
247
186
43
150
560
317
119
385
638
523
513
135
399
334
97
6
234
93
130
314
46
201
194
148
223
346
183
945
497
151
568
50
163
103
244
145
253
90
257
20
22
299
594
115
278
175
597
38
70
361
40
201
29
187
21
415
71
288
284
75
93
159
475
263
83
122
62
466
212
89
1328
126
111
86
13
88
4
72
105
126
603
171
281
298
102
371
597
197
40
159
144
120
156
443
141
160
182
437
61
62
310
106
29
33
31
256
294
127
289
112
22
194
76
94
175
358
468
101
288
278
34
113
390
39
419
578
77
222
21
34
14
61
422
1375
122
503
242
78
162
18
321
65
392
503
61
94
2
147
62
36
185
337
65
1
283
85
163
567
103
230
344
15
1
211
104
116
283
28
288
498
398
189
214
1
655
59
413
11
84
204
339
423
1087
739
332
48
31
494
126
631
65
294
667
302
93
68
165
447
73
272
46
192
24
159
177
185
38
22
126
52
415
19
192
29
575
893
57
81
493
532
50
487
547
247
596
301
117
24
61
92
356
74
27
419
234
134
164
496
246
154
167
15
387
398
116
87
488
45
70
956
580
151
32
169
362
410
107
464
121
37
31
247
155
677
369
137
580
26
61
200
63
52
500
18
142
10
299
325
366
162
419
36
15
598
69
154
479
50
47
82
187
176
160
190
21
124
444
191
46
51
22
65
3
115
135
28
5
338
365
186
28
176
31
36
22
146
109
62
160
76
108
183
17
178
165
191
210
26
6
255
286
223
46
50
173
4
126
101
162
118
164
251
213
108
122
208
332
212
5
10
197
74
79
168
4
139
671
21
321
407
52
206
411
115
108
232
13
110
58
113
53
73
176
552
286
301
102
191
572
413
70
5
127
582
119
120
150
265
63
67
196
53
225
163
292
172
71
262
7
235
124
24
34
382
68
494
60
779
295
107
49
310
37
38
437
167
147
325
236
318
241
55
223
76
311
743
209
58
29
60
150
123
563
224
99
206
275
31
110
547
181
265
73
21
66
79
33
22
134
150
166
69
46
424
623
354
44
290
226
248
507
4
11
633
277
231
664
79
298
594
2
32
23
187
406
184
859
33
1171
18
147
403
34
478
119
642
637
16
272
28
923
70
97
182
177
3
36
13
432
205
444
145
52
249
294
105
148
42
94
35
205
198
1
105
123
117
336
17
201
580
139
190
237
117
620
115
170
9
230
14
27
111
84
393
296
78
59
395
389
371
54
247
284
121
159
18
112
296
103
228
102
529
278
24
394
232
318
333
507
11
5
71
192
188
19
379
317
61
124
6
112
207
19
1
138
401
740
38
891
417
8
10
32
23
1
395
152
209
304
374
4
211
24
243
66
48
331
43
502
106
139
77
289
286
37
18
128
291
81
67
7
346
60
77
53
35
728
117
253
10
141
142
245
9
24
172
812
88
468
117
55
55
244
132
89
124
111
366
294
213
417
99
110
301
77
123
133
85
189
299
101
241
66
186
75
3
97
161
173
57
135
1020
75
340
198
192
223
22
154
1
573
192
20
313
891
1116
46
70
45
154
16
28
146
142
31
315
194
594
151
186
421
44
105
19
38
323
8
35
31
30
448
34
3
83
227
31
152
357
185
131
31
42
272
26
1233
127
359
169
437
360
87
13
221
180
47
330
76
118
522
446
37
25
186
245
128
20
163
113
342
261
550
150
157
87
49
237
257
230
356
65
367
56
423
175
241
545
37
17
248
182
139
580
25
224
138
519
66
283
393
1552
177
51
82
304
22
219
74
34
158
81
78
21
223
83
90
41
238
328
66
227
316
240
41
309
81
159
27
504
399
313
587
151
157
614
210
116
1282
94
12
31
69
242
48
14
10
435
61
48
85
435
59
49
128
307
196
53
25
166
274
204
26
59
100
10
90
206
121
153
400
74
253
208
276
36
27
10
20
56
61
92
73
596
148
33
25
132
232
115
277
208
86
421
109
320
933
491
232
23
8
591
332
439
288
979
228
41
105
290
107
87
64
235
47
395
54
311
168
4
120
474
129
332
205
65
180
222
280
380
28
63
104
105
106
31
433
390
337
80
27
300
16
283
105
168
207
175
59
64
31
45
50
133
141
36
8
76
572
247
485
482
62
28
68
129
252
224
1061
60
380
58
11
133
193
183
3
257
41
37
39
180
192
119
145
89
6
478
234
77
56
86
494
137
212
312
29
169
54
238
51
161
121
244
241
31
11
186
208
53
90
292
71
176
56
284
16
14
41
84
119
123
266
191
114
85
329
119
21
565
627
2
494
120
61
152
66
357
370
21
18
143
225
194
207
518
265
263
387
130
22
389
454
276
28
28
88
160
48
100
16
236
80
1
205
1045
416
220
265
138
572
1
79
76
184
14
661
29
66
164
8
339
406
546
81
10
184
23
305
157
80
1
219
289
64
222
42
175
408
31
253
490
288
343
176
278
171
150
251
173
152
5
2
209
156
34
295
11
323
88
9
21
172
286
41
579
40
179
162
591
309
18
187
244
41
217
70
62
2
152
16
126
193
141
99
423
31
42
587
74
370
66
228
81
87
53
226
400
471
563
690
38
30
249
138
83
162
51
24
209
66
239
597
379
28
758
3
288
223
320
76
46
75
407
123
247
4
17
459
1214
301
134
411
226
102
82
45
26
239
326
474
7
264
263
608
197
27
1
515
447
19
375
10
734
61
254
88
8
462
14
80
218
180
183
519
52
4
90
57
47
456
67
293
464
231
117
110
152
30
276
103
47
81
68
8
237
49
3
170
125
73
8
36
5
191
52
2
569
109
68
447
184
490
32
2
16
109
259
106
34
36
646
523
1040
71
36
448
67
36
148
151
133
137
571
76
17
172
510
50
63
772
249
22
30
697
124
34
251
42
171
238
510
225
910
48
418
385
192
575
140
166
196
395
548
248
341
109
231
229
356
416
2
12
77
168
141
285
461
603
82
48
15
293
22
185
300
41
348
372
429
54
647
85
66
112
1567
34
320
350
152
182
236
144
73
722
438
237
53
119
258
92
310
232
103
368
336
88
388
872
33
16
69
155
24
477
10
72
46
2
23
188
35
126
361
430
207
5
71
186
234
218
311
175
63
288
359
373
3
326
89
836
147
77
59
82
56
25
18
298
106
105
14
163
568
449
42
667
383
124
144
32
21
143
156
2
78
171
267
112
140
70
1
286
520
78
71
352
139
73
28
90
366
126
19
40
24
641
62
586
23
148
183
433
144
161
6
59
351
49
169
633
525
201
23
25
254
323
6
567
398
65
148
317
9
62
231
243
262
47
42
55
511
103
248
21
367
357
420
38
4
278
438
148
304
23
174
14
177
115
32
77
34
72
45
5
513
390
121
15
249
212
212
130
36
62
21
312
353
386
80
338
124
49
84
522
101
123
528
393
165
421
120
76
11
27
235
49
257
60
19
616
337
302
692
140
6
59
22
226
15
181
45
125
16
189
221
237
586
474
57
590
5
276
352
3
13
626
24
283
6
122
96
263
201
154
6
97
16
126
36
45
1275
138
487
191
26
479
246
15
123
31
52
2
232
201
62
48
156
128
40
60
299
104
48
141
192
85
76
106
42
743
332
144
448
129
130
804
45
11
98
3
316
75
35
554
194
20
369
110
237
342
46
155
54
6
163
21
10
21
493
18
187
351
222
137
421
478
138
140
60
578
263
46
218
10
483
377
53
210
260
432
166
191
18
209
6
51
135
11
12
33
140
28
483
6
123
267
502
210
38
79
177
127
386
9
193
115
655
16
64
324
42
160
8
572
77
371
25
378
38
194
192
81
86
133
5
164
957
162
349
4
71
351
346
127
704
209
12
9
96
37
361
3
175
20
384
89
956
188
329
268
392
306
160
545
75
76
48
93
38
788
59
319
60
181
569
285
97
386
48
454
342
448
91
250
90
463
174
425
315
207
276
234
473
54
146
258
385
1722
19
94
1
289
239
57
7
116
63
27
134
50
39
137
154
57
203
73
16
19
205
1
1085
405
552
128
283
101
5
548
5
30
186
123
171
94
140
20
43
99
126
77
303
4
415
328
96
114
308
35
91
132
71
231
128
108
247
344
593
100
108
63
125
157
13
130
16
1
381
152
487
234
157
13
371
55
16
62
312
426
65
189
639
200
216
88
233
209
274
118
25
17
445
450
107
59
22
59
306
160
298
50
600
330
389
10
89
183
101
304
323
54
520
704
235
322
226
478
241
30
15
3
825
7
133
121
244
149
250
173
17
209
32
70
217
112
22
525
21
150
70
257
9
88
443
145
131
729
31
250
35
224
12
39
94
153
17
11
289
354
50
49
112
204
227
87
1053
120
77
82
527
37
16
547
266
80
224
133
83
391
238
186
76
65
108
156
45
181
100
63
188
392
72
438
99
176
550
125
137
1337
449
402
333
101
426
262
239
121
26
21
97
415
343
431
1
38
45
235
125
580
1
33
383
149
712
71
197
63
78
37
70
108
162
18
322
315
244
434
83
59
108
155
333
36
367
79
216
332
337
39
65
6
75
47
243
622
180
25
429
43
17
126
27
60
93
149
9
220
95
212
216
126
21
601
504
178
521
37
75
397
1
143
349
3
174
111
638
139
407
687
1
171
74
370
76
73
285
234
307
9
174
275
61
10
9
123
22
258
20
27
173
49
375
41
103
299
474
59
4
261
380
126
526
87
558
54
299
161
132
11
89
215
355
88
82
40
128
33
363
409
43
92
225
729
306
212
99
516
54
193
398
110
523
40
231
41
278
12
5
49
205
10
43
785
137
29
218
58
580
18
246
9
538
161
106
125
177
84
62
301
87
470
17
177
363
211
102
117
91
43
35
263
229
19
332
42
306
47
197
420
94
68
97
758
384
311
41
53
94
206
181
95
435
711
372
119
215
100
69
52
58
907
430
278
101
161
356
40
275
36
44
449
2
277
199
28
85
218
1105
7
189
502
10
131
76
32
513
119
340
426
222
86
254
63
135
32
498
308
669
172
67
14
552
87
118
116
74
219
204
53
114
387
22
139
95
167
618
51
229
56
17
167
575
83
509
76
403
2
259
22
4
248
28
119
3
147
194
67
91
132
334
3
229
452
1119
233
115
349
684
128
16
253
162
398
190
119
389
441
135
207
206
311
427
204
411
73
38
437
345
43
385
42
305
1096
145
171
312
276
37
40
89
193
212
690
240
35
63
208
92
49
116
176
359
20
162
30
553
23
292
36
224
6
488
25
76
208
73
150
77
502
192
60
767
405
165
75
75
329
184
195
30
833
95
172
331
56
26
239
182
308
268
64
32
199
299
73
4
441
4
189
290
105
477
107
147
443
155
68
153
28
99
306
237
91
167
176
110
111
285
151
672
277
193
90
161
331
293
151
83
27
47
462
213
97
64
253
146
351
496
207
385
110
142
59
107
791
394
314
403
321
272
167
1
411
154
315
162
83
77
63
171
48
7
235
386
1142
6
645
88
67
193
89
21
558
516
421
144
560
250
186
233
136
116
122
143
137
49
33
33
672
541
264
395
137
54
136
173
88
180
211
60
83
37
195
118
490
244
50
11
329
36
205
291
183
74
167
29
113
719
54
231
103
52
365
41
294
34
8
97
156
127
4
68
155
224
375
104
157
1
166
527
194
378
273
82
42
470
822
91
638
252
15
380
80
466
53
93
75
260
65
37
186
61
1
91
451
370
217
374
1083
14
473
457
439
1722
722
647
69
419
145
153
352
602
442
227
103
282
63
18
396
130
95
40
165
217
64
54
447
763
491
690
104
56
695
160
177
117
186
166
486
684
230
346
59
297
34
158
54
225
6
371
199
149
260
1
103
125
48
142
133
722
224
78
416
670
43
77
34
178
30
103
5
3
263
58
524
416
156
38
110
209
75
1
70
177
540
167
17
158
505
194
19
76
51
323
131
292
260
132
144
122
68
16
165
554
194
229
1421
156
574
196
147
278
200
291
1290
710
342
33
146
431
51
395
182
19
15
204
61
65
121
37
7
207
821
154
115
294
7
351
20
210
130
73
11
34
52
39
91
174
113
93
191
161
214
90
91
664
543
108
52
46
679
82
172
89
98
15
151
197
92
54
74
225
128
714
144
27
10
26
128
476
6
43
52
248
132
20
51
49
286
12
90
92
173
324
121
98
396
77
231
251
269
74
44
228
132
253
92
5
294
81
423
10
20
509
42
193
224
418
125
243
248
354
188
224
77
49
122
25
1
59
252
84
872
66
315
80
66
787
10
71
305
99
186
225
79
47
71
197
530
94
384
432
36
84
437
26
572
17
366
151
194
45
105
472
220
55
181
407
377
158
626
138
44
246
31
16
208
9
79
40
219
19
196
333
250
161
17
320
498
264
81
44
270
