271
346
85
103
24
190
521
483
135
246
5
35
1
247
134
37
112
62
379
91
328
241
86
681
61
417
34
186
528
338
123
140
74
824
114
440
490
280
286
407
149
848
254
129
508
52
142
22
111
126
373
18
18
490
125
170
425
344
177
138
273
271
758
300
310
60
221
149
159
181
550
130
186
34
213
80
113
89
175
52
298
350
247
32
130
88
51
70
3
196
52
100
208
35
310
483
135
120
91
22
96
296
71
565
379
189
100
309
17
42
40
476
33
17
1040
207
124
79
122
100
206
22
96
32
318
80
363
333
119
49
74
1
1
61
218
169
20
180
656
144
203
36
257
179
561
321
259
61
269
131
642
48
123
510
329
50
170
403
9
129
106
12
285
49
52
99
337
285
454
41
399
284
20
14
194
347
60
105
100
63
52
330
142
47
418
175
269
217
171
259
68
1332
381
75
117
73
17
340
141
1
151
76
14
93
215
5
56
57
529
37
608
159
14
210
357
477
7
115
422
26
194
46
113
169
621
37
161
118
327
163
121
429
839
280
1453
316
281
138
510
182
141
42
363
162
188
232
206
606
302
226
102
351
272
590
69
126
199
211
277
101
410
643
88
18
745
25
171
13
7
76
708
240
57
107
571
86
114
574
189
14
231
84
548
194
45
557
215
14
140
202
37
144
657
258
400
94
539
396
36
319
86
196
219
129
32
209
202
177
81
311
96
14
9
74
183
507
125
142
72
361
493
364
104
272
801
444
190
196
1
70
188
53
314
539
57
565
465
148
276
143
76
548
168
403
389
72
680
278
51
80
561
83
539
342
152
200
11
373
43
316
12
162
51
38
217
18
538
47
559
148
177
635
192
116
275
131
391
445
18
256
101
109
66
53
82
807
19
75
143
76
38
554
229
204
306
8
131
62
466
129
102
728
513
92
231
243
128
1
136
135
125
9
23
30
790
60
198
172
16
147
502
92
18
46
40
95
156
348
806
3
75
8
30
10
1159
288
43
126
60
200
510
87
19
143
244
44
231
64
6
236
740
170
12
111
113
356
171
120
48
29
28
46
64
70
270
278
147
291
4
344
182
214
7
172
108
148
283
202
949
46
127
62
260
100
496
57
232
35
190
95
819
35
21
11
425
256
139
590
220
180
66
44
565
123
112
23
89
14
11
381
130
18
190
15
275
134
253
536
68
192
282
147
143
226
66
29
43
462
115
82
19
10
70
91
251
145
111
263
75
254
178
174
228
9
361
270
487
682
446
530
207
259
40
20
496
16
70
84
52
140
67
124
461
155
186
120
75
100
14
17
29
218
182
460
25
69
53
264
173
150
20
7
30
22
312
32
316
77
687
562
912
69
136
249
232
12
764
491
21
286
23
195
32
219
145
54
60
32
189
90
164
124
44
93
23
124
45
171
46
784
89
147
116
28
55
78
139
43
101
165
101
94
7
230
32
19
1
88
163
3
142
303
32
214
69
111
413
186
275
26
227
49
262
4
141
662
106
90
396
28
11
157
144
18
6
110
104
436
582
92
112
100
38
847
21
180
228
4
254
112
134
92
48
303
172
256
20
375
195
281
291
206
93
87
249
358
4
372
208
191
115
262
61
419
171
344
200
84
456
76
452
524
44
269
65
5
185
59
15
496
45
62
222
23
868
349
54
218
200
321
17
108
317
55
105
34
104
703
120
172
235
348
197
42
90
144
329
421
269
178
65
105
43
139
141
134
285
32
67
246
50
775
93
6
162
8
42
1
14
662
249
161
5
103
22
98
45
319
47
437
27
8
147
209
92
475
219
83
285
368
7
43
386
512
216
302
128
191
457
72
231
38
10
28
17
56
130
318
207
163
87
40
28
60
171
12
47
307
4
335
67
299
200
114
80
2
163
184
148
317
319
4
23
338
165
280
61
436
430
309
83
178
175
128
82
59
42
34
495
63
452
215
371
36
41
380
32
125
30
2
447
282
24
47
453
602
343
126
43
50
108
341
210
158
249
18
155
93
15
158
109
85
23
49
38
166
299
589
154
88
592
25
1230
3
10
8
81
133
395
481
250
128
31
118
221
483
4
521
289
71
471
548
87
359
498
107
48
411
122
80
119
180
1
199
126
112
286
278
109
36
43
75
430
48
20
75
44
5
59
140
58
14
85
26
18
106
16
306
31
82
55
230
156
544
307
382
32
46
100
235
414
172
310
136
783
89
64
37
288
12
201
474
122
11
2
903
231
176
305
118
85
156
26
328
45
764
57
226
23
446
10
71
29
36
20
411
139
37
210
367
187
7
370
358
11
748
134
150
625
251
257
24
111
109
10
172
152
37
327
178
200
97
322
21
90
45
4
125
35
57
37
62
235
343
8
168
569
473
82
336
108
1
9
19
47
57
579
714
87
313
88
225
51
495
233
258
111
332
594
410
448
154
266
124
239
27
371
831
54
57
17
4
70
135
89
68
271
204
249
13
46
751
58
187
190
14
257
436
509
647
264
70
385
82
53
160
5
138
87
165
62
279
48
104
161
15
279
44
67
165
47
3
84
241
78
213
265
286
432
103
37
125
234
149
107
64
138
268
306
83
26
90
174
145
45
83
388
127
303
473
77
78
61
17
277
303
396
230
279
62
26
39
43
694
187
589
35
80
87
81
342
432
41
9
626
737
130
62
184
63
125
22
157
168
226
190
25
419
203
32
10
43
87
47
273
760
270
158
472
351
174
261
232
50
9
397
96
497
117
266
448
433
70
13
424
70
50
12
397
138
421
21
48
136
122
178
71
355
340
447
227
113
537
110
214
65
214
220
12
126
126
99
167
175
52
210
125
365
196
624
26
920
69
40
15
127
70
143
8
250
7
34
257
33
28
1048
257
341
127
455
108
20
433
634
36
127
240
83
210
429
184
556
268
160
9
198
213
289
231
58
413
212
10
21
142
82
402
28
183
125
96
178
22
190
2
64
618
137
184
41
4
120
344
263
69
48
295
66
51
90
110
41
112
149
894
15
252
235
318
182
250
224
293
92
796
41
24
60
513
121
72
360
88
488
533
34
14
386
178
163
56
179
62
302
10
10
125
5
58
58
160
62
49
275
129
124
29
73
117
505
297
849
200
156
226
788
156
26
16
47
15
131
107
28
585
184
319
296
156
141
53
103
257
21
735
357
329
229
393
348
48
95
523
170
460
31
49
249
53
205
9
360
61
218
204
901
35
73
122
24
282
207
1
414
424
31
172
500
159
116
229
531
183
349
150
155
417
14
109
141
161
335
108
33
227
75
12
154
171
203
148
75
25
39
26
267
163
161
79
365
589
268
83
34
285
167
113
12
323
86
640
22
5
358
90
105
73
51
1
128
349
118
50
124
21
110
91
105
59
169
57
64
256
39
310
95
336
862
50
30
97
185
256
182
28
937
285
248
177
319
12
374
145
218
134
138
205
73
265
207
118
150
18
269
12
579
46
337
376
171
43
204
328
10
333
108
79
221
48
1100
120
4
1
11
50
79
787
46
36
80
116
161
168
387
71
186
188
353
854
7
502
467
90
61
249
134
162
82
8
84
10
12
67
128
364
347
131
161
16
43
157
184
500
172
7
17
15
17
139
46
274
568
12
209
125
161
49
81
137
129
217
175
70
146
576
80
314
56
326
168
398
564
29
346
346
142
50
335
71
48
79
10
77
313
58
170
621
452
478
168
101
71
163
11
253
390
285
90
73
264
224
228
35
280
279
68
6
132
127
293
184
460
31
514
277
39
127
154
2
150
364
314
54
187
12
142
316
100
149
535
8
13
154
71
139
307
232
419
192
768
22
279
76
432
133
937
76
8
206
136
142
148
151
41
49
163
121
326
255
68
141
1122
408
82
329
495
28
7
237
16
469
340
102
216
136
277
86
1
140
212
223
134
15
320
709
147
282
203
5
429
106
157
114
23
462
3
414
29
5
84
1251
627
109
36
190
132
490
510
46
75
4
214
112
217
5
26
197
39
136
234
1
308
138
3
144
105
119
454
19
202
394
101
71
42
471
151
677
74
15
224
838
381
313
3
275
58
108
21
109
24
67
447
180
206
81
98
106
202
9
27
302
46
12
254
276
6
80
290
210
77
37
25
21
36
665
9
116
173
3
40
278
431
45
297
704
229
920
46
63
26
119
40
53
248
266
235
868
83
418
15
345
302
31
49
108
93
466
102
66
15
70
214
133
211
156
45
66
51
60
369
237
316
199
454
247
27
269
149
24
165
594
814
188
14
206
290
66
44
42
18
3
55
129
224
630
34
336
97
201
227
207
151
289
38
306
119
116
145
201
67
238
271
37
99
24
199
7
109
141
656
197
117
88
238
126
47
707
266
279
431
24
163
95
81
6
91
77
87
195
6
241
401
295
146
95
147
99
7
105
217
93
171
53
37
812
31
500
19
320
79
73
183
286
124
103
36
135
17
404
126
110
503
557
5
376
26
200
571
130
513
166
354
194
154
57
68
161
95
42
846
40
122
207
296
185
18
97
298
208
196
65
1236
766
152
15
86
460
92
48
172
96
8
6
21
130
576
28
40
230
68
87
106
79
56
34
943
196
48
246
294
116
431
189
138
100
72
151
65
93
231
191
227
15
50
10
136
197
136
160
168
645
392
47
255
493
103
116
42
302
266
128
179
70
87
35
383
267
284
130
17
39
17
162
382
134
99
173
417
51
125
107
145
579
38
65
25
20
56
80
204
1011
196
140
149
21
23
111
73
12
151
309
444
238
34
673
10
154
172
73
621
437
267
351
112
36
100
312
208
131
221
400
653
36
596
82
242
48
354
29
112
89
81
11
223
303
25
1
160
21
449
195
67
252
307
28
12
23
314
243
43
34
38
74
26
31
418
53
20
123
306
52
33
194
761
180
53
275
276
8
1381
5
163
211
61
63
224
397
140
55
259
232
136
224
374
31
108
295
217
37
149
30
360
395
268
318
94
114
52
98
118
215
93
25
401
53
26
173
13
328
45
1126
209
29
26
13
93
14
142
372
214
364
211
3
116
110
324
320
148
79
34
614
40
226
891
38
50
482
606
30
47
578
531
301
23
34
137
324
6
1268
96
28
74
216
779
75
208
140
71
145
144
271
88
39
153
26
146
551
24
688
228
502
607
134
348
615
268
172
423
396
229
16
95
92
33
290
396
273
22
517
147
319
152
407
3
56
222
54
670
29
28
101
16
89
270
392
87
396
66
587
97
220
322
214
40
61
344
2
135
130
10
256
25
127
400
191
36
346
86
134
233
121
587
475
282
89
187
246
79
333
164
153
622
25
117
76
331
132
9
622
457
33
73
33
15
79
430
185
222
9
532
165
96
162
84
531
40
70
40
449
468
16
137
79
100
170
61
371
203
228
204
464
705
411
74
228
249
27
12
40
60
142
90
89
18
14
40
191
207
2
230
140
178
462
23
4
81
412
139
59
95
125
148
385
113
50
16
1
251
180
589
105
131
67
40
1
41
173
109
352
72
332
530
362
52
139
141
8
59
77
1421
304
17
108
239
155
374
54
50
8
21
113
48
15
274
475
151
362
106
219
26
35
31
132
81
107
2
12
434
150
133
232
43
410
34
17
63
103
198
116
575
473
50
74
183
220
72
98
30
107
354
386
111
480
979
65
446
722
123
257
160
86
45
48
23
44
83
819
113
189
7
333
11
639
307
385
602
108
54
45
80
146
397
212
173
23
155
464
47
129
125
192
439
16
104
187
91
204
257
187
128
10
35
325
555
289
371
227
47
60
135
68
4
31
63
151
493
136
71
160
129
20
55
351
97
2
643
11
40
75
267
106
299
75
612
82
178
23
311
87
102
375
363
13
254
140
32
516
402
151
201
420
127
51
86
106
191
35
168
43
88
153
34
335
340
259
45
321
178
924
88
108
210
165
467
105
154
8
587
57
610
101
282
1
172
131
243
101
59
64
296
31
72
381
21
48
37
81
150
11
24
205
195
96
40
137
34
223
38
100
124
417
316
972
254
150
292
237
161
299
13
315
642
134
2
6
6
692
134
434
106
109
511
138
4
261
71
124
461
226
487
118
345
34
21
553
109
140
187
508
136
144
469
455
91
67
15
9
280
107
155
404
38
240
100
51
72
467
107
907
71
246
210
68
142
104
223
168
180
124
60
112
125
157
262
130
13
11
220
21
109
376
38
128
694
33
128
240
179
79
5
82
83
148
396
50
84
465
106
548
351
105
127
246
275
289
177
31
717
307
172
188
149
154
80
189
332
145
251
4
83
95
257
125
406
86
196
304
134
470
75
342
159
323
179
125
701
10
191
50
391
554
37
49
466
255
11
513
156
898
62
140
84
107
45
14
171
415
185
249
123
200
121
247
6
176
167
195
22
53
10
285
79
117
106
297
269
185
129
284
393
56
392
233
273
284
54
159
791
63
12
770
22
65
5
341
96
35
519
81
124
27
49
150
353
237
392
89
163
89
341
42
72
109
355
79
7
243
243
7
125
35
378
292
195
968
67
16
167
102
323
620
241
138
155
2
216
165
220
61
51
28
105
1264
56
27
22
100
8
142
170
93
55
209
110
131
162
485
190
29
97
210
491
16
347
22
152
104
630
95
173
1941
616
7
211
243
485
115
45
17
527
104
465
26
92
73
343
267
308
28
125
88
133
254
174
136
39
211
325
204
244
578
541
72
73
32
13
150
95
454
52
317
52
177
383
167
279
36
228
96
157
248
101
355
88
440
249
52
119
348
12
88
259
154
220
25
39
146
55
109
160
149
455
38
315
51
224
245
31
266
53
128
102
234
12
91
80
476
332
147
223
64
19
489
236
450
73
190
330
37
422
8
41
323
143
12
354
121
244
61
27
1008
71
67
63
15
41
131
177
976
713
352
51
193
315
99
25
52
693
40
314
17
292
297
425
227
632
147
437
94
98
223
31
97
72
77
107
341
193
110
32
355
442
351
346
119
33
176
89
49
94
110
13
49
312
258
18
172
262
369
391
13
58
19
127
339
57
68
114
426
68
33
416
172
379
107
154
77
54
3
191
1
349
37
431
137
509
250
16
98
477
152
764
165
498
102
52
225
272
28
66
36
48
86
131
382
261
241
294
285
52
476
534
47
52
121
434
335
53
66
998
126
37
75
351
422
24
41
99
331
892
991
55
158
143
106
145
280
1227
4
65
61
98
52
44
487
17
160
6
7
435
229
329
205
301
26
80
1046
203
290
284
155
300
59
598
412
101
122
94
365
260
516
33
69
16
204
32
224
125
541
190
800
31
451
82
47
184
27
276
390
105
38
933
210
136
138
98
638
38
79
72
30
170
41
358
66
270
155
87
144
15
73
70
125
86
193
56
531
21
242
241
97
110
34
177
102
26
155
416
179
53
169
95
34
313
311
23
198
544
8
54
500
38
176
14
56
606
62
7
9
75
119
30
123
293
41
432
145
52
104
17
146
16
126
150
381
52
581
20
245
71
634
12
383
204
476
62
13
136
710
11
57
446
41
89
556
205
119
15
42
839
83
2
125
67
2
150
219
79
17
64
383
164
384
525
272
563
200
171
194
184
177
138
248
16
570
2
206
76
384
39
18
34
329
3
25
154
462
936
140
25
366
120
95
161
874
319
134
29
81
4
182
1
229
104
16
239
778
14
91
37
6
15
81
20
138
317
30
187
175
95
267
53
18
309
160
44
86
124
121
401
322
643
200
148
159
213
120
39
293
408
403
221
75
129
152
275
75
100
34
91
44
840
48
449
467
308
195
141
201
162
128
98
11
26
83
15
43
718
107
154
1
19
417
95
293
578
283
216
92
43
287
290
192
670
54
500
180
69
328
179
64
166
375
154
76
161
72
211
85
518
2
99
179
271
19
611
41
434
156
681
3
502
149
404
111
73
178
251
225
136
66
213
103
335
87
276
9
214
14
93
119
516
274
571
218
42
39
31
12
158
443
103
322
209
776
341
526
367
148
68
437
516
45
1027
433
127
53
10
455
39
32
111
222
52
191
1087
168
29
296
314
187
4
67
67
144
315
198
391
33
57
278
53
42
124
231
1363
72
161
42
12
298
45
8
21
445
532
14
576
414
198
131
362
296
54
218
153
31
25
561
79
361
10
125
271
284
78
345
34
571
487
104
870
299
35
44
302
253
769
4
298
91
13
411
74
48
761
117
217
480
252
89
209
118
185
76
184
855
16
221
8
356
59
150
211
52
349
8
556
126
35
394
15
10
39
136
81
70
406
140
298
57
9
68
86
34
28
112
42
135
197
58
77
241
27
224
120
225
78
660
32
40
22
121
1
31
9
377
27
27
94
43
169
326
437
24
10
412
223
101
130
22
52
166
287
1
471
111
96
418
24
81
15
191
67
27
86
21
19
110
1314
142
326
81
84
123
97
38
119
47
28
66
7
411
129
170
53
486
359
365
6
339
1184
129
126
58
4
219
126
167
17
216
90
760
75
48
738
71
3
306
90
141
56
188
3
15
73
47
226
78
832
114
173
237
29
236
42
67
127
85
75
113
29
773
251
310
456
176
602
199
179
54
231
336
182
97
38
43
1
93
32
362
65
46
332
523
2
58
38
196
207
445
115
314
239
291
209
470
103
227
84
839
68
297
105
480
193
15
395
548
44
533
302
312
130
187
20
34
126
99
126
482
100
144
863
667
170
94
380
4
143
41
342
24
189
196
193
68
172
185
4
54
385
261
331
52
42
170
99
53
231
76
45
136
103
414
240
133
466
27
22
153
276
63
205
701
108
750
137
34
177
99
40
52
69
169
166
496
395
137
61
53
42
44
184
117
49
25
468
24
38
76
66
174
137
165
218
277
458
902
75
118
189
73
128
68
36
53
126
84
316
57
392
121
375
41
852
160
48
380
151
331
48
44
86
1323
647
36
82
381
184
312
114
331
119
233
194
899
130
123
7
246
27
34
527
104
414
97
296
78
190
33
20
301
44
2
94
88
48
206
241
454
104
129
78
189
273
87
562
30
170
659
407
547
355
6
332
340
348
426
125
898
135
166
245
111
205
565
144
525
32
8
100
260
155
23
152
563
957
173
83
280
31
113
229
220
272
29
115
206
184
257
220
137
281
22
17
96
105
36
2
255
145
387
208
103
173
260
248
184
149
25
79
16
50
142
62
62
152
49
81
10
118
531
15
141
36
58
144
136
240
337
48
121
483
15
66
45
115
81
184
25
146
39
914
164
39
341
142
325
245
134
196
110
571
134
127
103
74
653
453
355
14
1042
163
165
292
28
253
191
94
445
8
264
998
121
6
429
269
592
102
18
197
194
5
93
6
87
271
68
206
213
257
227
103
301
171
46
91
558
677
91
923
87
611
105
341
21
259
570
691
123
3
193
136
292
360
255
764
118
402
834
119
50
16
156
563
47
441
59
346
435
201
97
55
193
92
349
240
267
642
380
64
408
147
209
86
156
676
143
105
219
486
7
385
4
194
31
61
69
50
75
24
344
494
350
104
168
102
97
42
123
46
566
105
229
43
27
18
6
484
2
67
409
9
235
364
405
203
110
69
2
96
232
8
13
187
13
27
11
60
44
230
351
147
290
125
88
96
252
113
304
285
235
476
448
146
544
49
15
827
157
71
74
65
106
61
101
20
228
96
419
57
23
111
410
171
20
424
79
156
342
661
345
44
61
539
153
232
124
212
101
26
435
433
24
469
53
64
17
89
136
134
359
292
219
136
20
191
487
117
917
51
157
22
206
136
203
87
164
1000
231
210
14
20
10
3
70
90
196
109
363
717
151
25
224
75
33
342
121
136
114
65
256
13
251
25
45
150
619
140
245
774
269
164
312
159
375
819
254
356
299
432
401
22
7
64
26
124
160
38
101
209
17
383
389
320
428
22
524
284
170
15
229
65
130
171
267
258
77
114
46
183
179
239
350
145
127
76
388
454
174
38
342
25
139
837
244
59
76
4
253
57
14
15
35
188
127
262
158
121
251
87
158
8
239
262
381
164
149
543
159
101
221
63
22
149
163
357
156
88
979
216
560
209
51
429
307
322
1
478
79
35
144
14
139
191
115
240
156
42
22
39
343
342
678
294
18
21
81
450
188
24
196
217
111
45
13
49
37
287
20
358
210
396
104
58
321
446
419
36
655
564
79
110
63
29
84
345
16
209
28
4
27
203
199
141
132
279
335
26
436
140
124
16
169
39
71
513
30
151
318
152
214
629
151
104
124
98
95
107
397
177
125
100
63
29
33
147
420
262
517
2
138
26
162
8
181
74
79
118
42
64
239
10
198
677
65
43
532
264
97
96
233
508
17
161
43
455
10
414
387
36
14
189
144
339
156
875
249
12
357
148
174
679
319
327
87
70
86
44
40
106
96
102
64
57
546
93
4
77
458
174
27
224
27
5
110
415
72
4
93
338
99
45
504
160
8
268
298
383
266
42
226
283
25
903
320
278
46
15
353
428
1
137
400
129
47
226
229
227
115
16
136
172
302
414
304
11
15
196
73
35
214
60
401
45
10
146
515
51
66
49
233
37
95
78
256
94
205
85
251
245
63
559
126
498
2
66
245
181
66
19
354
76
159
398
34
62
87
43
297
9
304
249
193
366
279
186
335
300
664
32
495
149
365
57
33
4
72
137
46
103
278
183
238
5
12
312
505
169
555
14
554
39
155
337
191
222
177
263
255
225
571
157
208
324
471
129
413
205
21
577
281
307
72
125
256
171
13
38
143
344
109
8
131
44
185
25
207
146
11
541
139
217
163
84
55
69
580
540
112
34
13
101
327
32
125
361
44
384
210
135
55
348
28
365
521
60
57
164
201
81
8
68
224
498
2
238
876
376
34
312
17
146
14
646
297
910
135
250
423
84
28
166
100
131
28
13
66
25
616
110
135
36
34
250
53
50
250
20
37
107
119
10
166
65
50
20
10
473
85
563
942
25
7
165
50
302
41
29
2
26
116
82
17
33
263
732
201
568
75
96
3
6
123
164
17
171
355
179
723
176
254
45
52
366
22
903
572
328
320
77
9
48
196
62
55
150
341
227
332
10
213
261
259
349
155
3
71
34
116
183
427
326
5
5
280
299
73
244
281
271
39
268
313
515
213
153
303
194
40
65
34
20
348
221
134
7
285
596
90
84
319
184
13
116
94
302
45
303
347
461
335
391
58
86
28
98
455
312
130
385
72
12
154
53
24
15
115
659
485
276
411
15
425
112
299
124
197
233
217
72
14
26
56
149
222
610
101
77
540
9
16
272
97
37
68
47
5
31
232
8
140
201
484
379
425
58
58
536
82
330
251
97
210
57
32
45
325
44
105
8
166
199
68
450
88
178
49
91
72
118
77
288
286
224
5
322
47
179
230
1
311
10
101
216
108
144
176
115
266
170
116
123
331
57
320
3
381
31
177
200
434
416
97
268
200
302
51
197
136
74
56
534
824
32
47
91
111
132
179
433
64
106
56
17
476
522
59
453
54
139
32
155
603
227
452
216
303
245
1116
198
176
186
14
12
205
242
28
77
622
17
38
69
562
443
7
1230
77
9
66
114
178
39
22
46
429
117
374
76
178
12
69
241
159
7
59
334
45
32
185
557
140
163
69
132
769
7
138
477
253
77
125
187
244
149
30
86
68
21
42
179
35
63
151
81
221
132
427
265
337
288
157
55
306
148
457
100
87
243
314
20
1
336
89
137
21
277
99
64
918
510
377
123
77
202
183
185
121
42
914
119
90
223
81
349
263
505
455
10
269
189
156
113
66
565
137
64
3
451
133
426
7
152
253
880
182
67
394
42
197
266
178
220
116
365
338
451
139
9
37
164
156
73
359
102
445
120
91
46
100
379
140
223
230
440
216
85
61
42
31
90
27
9
216
47
88
16
76
56
124
149
161
30
412
41
54
12
98
115
114
207
493
85
1105
264
108
72
141
312
67
37
264
801
25
96
33
751
32
8
195
58
46
85
409
20
170
135
297
14
151
83
29
11
709
628
911
275
542
109
12
222
91
426
104
142
739
89
718
708
163
49
887
465
155
345
469
347
44
73
589
228
76
568
403
697
223
23
723
973
34
55
16
113
487
364
98
874
72
531
4
68
14
651
31
295
137
197
105
338
4
162
259
276
601
93
1
9
370
12
474
83
50
20
72
190
14
98
96
14
491
101
30
23
380
121
65
6
77
288
21
215
7
3
157
249
395
21
416
1065
7
481
50
59
131
218
118
377
227
254
164
849
375
102
34
253
350
257
11
111
128
178
223
6
579
69
73
186
236
541
319
219
144
196
328
314
144
764
39
396
76
413
165
171
88
508
399
135
191
206
185
80
208
320
306
243
43
383
98
12
74
8
9
702
61
915
7
187
24
104
30
129
64
262
136
60
485
71
5
448
166
527
151
228
268
114
13
158
508
1149
197
68
313
494
391
521
861
209
269
577
69
215
576
184
162
3
542
11
47
45
90
136
264
31
462
5
411
422
22
147
1583
411
84
25
117
105
122
206
24
17
51
207
66
314
39
58
438
69
526
173
35
206
172
558
473
231
59
139
99
397
129
227
4
126
74
602
307
245
4
78
295
188
60
31
150
47
96
146
257
716
931
8
439
906
82
844
176
328
182
361
375
122
246
37
64
191
298
318
162
84
239
60
357
105
19
123
243
208
17
185
50
77
23
53
277
582
65
129
838
183
103
88
5
16
73
54
318
1021
124
58
248
43
189
376
409
135
109
50
237
45
283
317
63
111
256
161
74
164
1255
85
10
1070
192
733
503
132
269
48
80
27
161
139
112
131
380
169
42
248
114
204
188
71
408
129
125
54
288
943
86
51
17
197
113
301
211
47
274
301
120
150
81
94
243
82
22
291
128
1
315
295
297
150
293
250
371
26
28
154
193
28
415
223
13
118
143
168
99
35
561
105
375
245
831
601
8
29
87
642
139
345
112
50
164
66
256
168
15
72
74
649
31
31
24
847
119
4
95
355
40
151
34
37
74
91
42
470
33
401
1
76
534
310
157
116
94
460
52
79
486
227
282
796
221
321
141
178
259
213
373
420
371
188
60
41
39
49
165
29
21
21
24
110
261
287
75
218
63
722
62
309
241
3
598
496
846
124
248
58
83
290
120
398
220
67
85
569
295
13
116
95
107
992
586
51
349
239
196
710
294
231
8
23
266
34
19
524
90
19
188
16
245
378
116
308
105
8
256
61
94
319
417
50
21
72
1142
1
27
205
20
66
403
331
672
303
67
11
17
4
152
52
72
150
48
138
305
133
68
563
503
74
55
109
209
19
190
94
701
98
135
263
10
88
4
255
230
205
175
266
167
9
236
6
21
102
48
103
37
209
1
217
230
180
177
3
57
59
458
32
315
84
289
46
152
322
34
96
10
412
365
85
449
236
146
51
158
356
6
83
2
323
255
125
762
673
188
285
431
356
90
35
189
42
281
98
76
15
222
86
29
1664
52
23
30
140
32
32
99
76
598
41
109
78
14
45
910
197
124
525
136
303
411
155
310
173
55
242
425
121
114
301
53
445
441
82
18
384
42
257
187
226
56
478
58
109
31
78
26
25
65
435
253
465
298
1
473
146
630
217
114
21
302
107
396
286
561
120
56
706
253
129
99
20
28
170
14
36
147
405
969
76
32
21
533
372
423
421
292
87
198
423
451
747
143
181
277
36
123
633
371
512
66
143
32
17
337
81
32
120
54
131
118
123
29
24
49
21
126
14
100
291
532
12
478
507
454
59
374
1453
136
123
353
194
447
155
143
137
124
115
137
7
315
97
156
24
66
175
96
954
68
16
4
320
146
872
358
183
230
509
78
144
13
208
401
344
8
393
80
159
46
53
353
138
38
104
162
44
176
57
590
247
163
1124
23
344
2
167
275
149
16
252
164
70
34
75
82
26
219
93
221
307
33
33
176
67
335
651
814
671
4
580
35
63
645
150
81
163
935
297
119
11
283
87
38
63
260
82
85
679
44
162
336
21
94
260
513
221
200
14
157
6
148
185
789
153
213
600
178
15
5
234
121
99
410
30
756
252
242
237
248
206
148
138
64
259
486
177
253
300
2
78
38
80
1
57
19
49
62
32
941
294
201
133
1214
171
8
730
5
59
716
124
717
66
1722
414
290
57
301
119
166
171
314
524
4
35
84
889
430
401
424
175
412
104
75
111
8
138
81
90
171
373
103
318
100
387
122
605
54
175
599
26
296
406
73
227
121
33
97
9
133
424
14
80
307
15
150
407
55
443
77
97
23
318
343
639
575
41
42
181
370
1
95
144
95
77
81
630
15
67
564
251
258
139
373
10
138
48
246
64
1131
81
3
261
78
283
6
72
79
526
630
61
692
25
734
195
28
108
29
276
226
428
323
103
36
330
258
832
1219
185
60
39
110
55
486
222
31
256
314
62
604
181
1375
1261
48
428
199
158
139
143
112
195
73
189
252
180
16
264
220
1039
138
95
157
51
85
414
698
17
241
6
380
101
619
152
3
121
98
181
44
126
224
302
108
277
44
130
105
419
119
9
24
146
109
1
474
33
75
86
192
112
88
89
478
77
42
539
39
398
152
458
137
221
164
59
285
440
342
363
166
539
1059
89
643
176
107
70
212
308
176
188
278
288
228
265
206
287
51
361
26
13
458
302
78
150
305
334
177
102
389
98
374
153
33
28
178
353
83
105
13
10
34
120
267
273
127
151
236
159
86
26
624
127
664
167
114
142
233
36
140
51
49
37
426
158
13
221
366
127
66
377
93
600
257
145
106
191
267
120
224
178
171
143
61
24
109
541
165
39
83
412
170
485
3
164
62
529
181
25
5
79
154
123
324
187
250
67
15
49
249
165
36
444
197
171
18
181
39
456
103
41
145
84
82
181
178
71
166
270
83
124
508
327
201
113
153
49
62
17
139
755
373
59
252
164
601
258
535
28
89
344
195
67
254
342
319
2
142
119
75
27
183
157
304
483
73
70
252
17
55
16
529
531
327
66
374
309
250
49
315
147
78
105
392
77
38
102
115
127
157
113
2
80
101
7
77
56
144
524
127
176
49
66
16
237
131
257
9
396
318
33
26
34
199
245
252
52
331
2
43
459
238
1
28
231
130
122
258
907
113
161
433
49
136
162
23
132
732
3
285
37
325
126
353
5
15
23
290
8
69
115
131
333
39
64
24
195
72
39
211
555
122
262
4
161
18
184
230
22
191
534
110
40
11
613
76
246
207
87
160
418
875
72
41
74
111
227
91
219
11
103
50
126
45
93
450
61
258
652
488
655
578
179
111
128
178
56
113
97
174
145
174
656
1319
14
210
19
19
4
63
113
197
42
6
158
138
258
143
25
410
6
97
11
259
121
28
242
37
331
142
344
76
5
82
187
30
10
240
119
10
110
37
199
205
111
29
272
103
99
352
675
238
6
32
658
561
81
400
199
62
686
83
97
145
204
61
49
535
102
193
63
96
93
96
14
114
391
15
50
40
72
304
295
19
8
258
422
309
93
540
23
17
430
42
5
12
131
301
69
202
24
37
7
104
231
41
202
13
15
357
260
77
273
63
172
215
762
24
172
231
14
184
18
149
165
314
71
8
1145
63
111
49
8
167
341
210
152
362
81
70
134
440
191
152
86
36
148
266
191
286
111
64
59
23
178
54
377
86
85
297
916
19
73
91
379
144
68
389
109
164
57
199
96
39
345
271
17
72
367
92
161
187
100
104
25
212
288
165
116
152
476
327
184
165
246
134
18
37
244
1040
46
155
159
65
404
22
430
21
59
136
395
78
56
9
7
35
40
109
352
172
413
131
76
432
76
746
144
247
25
37
511
57
16
553
147
37
470
154
532
628
151
144
2
18
787
562
141
347
76
158
23
14
150
321
136
847
668
182
234
413
35
187
100
4
176
426
148
602
70
346
230
478
474
22
313
387
469
198
159
495
261
32
3
158
198
168
652
72
256
210
71
158
64
12
34
525
188
127
4
998
231
297
123
279
264
779
347
165
1069
487
141
37
804
71
11
54
56
81
359
55
22
82
136
1
90
163
380
341
96
287
165
97
166
220
37
141
239
350
329
365
17
14
74
148
728
11
347
19
67
23
338
114
694
340
149
59
38
189
245
275
126
319
323
515
62
59
74
107
355
70
155
11
354
351
132
34
590
113
6
288
140
93
47
260
150
54
270
3
71
44
158
1012
308
172
131
31
692
278
841
521
144
1258
476
66
281
105
34
121
136
108
120
208
141
18
469
43
79
234
170
255
39
281
310
12
183
15
113
66
237
371
436
259
124
153
459
76
49
134
7
5
154
680
739
365
263
216
101
24
59
59
162
151
17
45
118
208
142
50
176
70
73
233
71
245
270
121
179
229
105
47
112
229
89
2
173
36
127
932
284
1010
159
722
75
78
30
495
26
242
123
546
678
414
144
477
21
785
286
67
34
187
97
43
57
132
172
112
80
35
375
114
224
164
315
386
165
231
76
278
3
94
273
20
235
107
406
181
283
428
64
149
387
11
6
148
745
229
33
20
100
18
368
341
105
276
476
423
25
553
109
5
496
8
1258
154
695
7
293
75
84
657
93
201
11
230
14
277
249
290
99
361
5
491
63
115
347
258
36
1007
426
24
23
149
49
65
45
19
23
166
121
19
146
963
136
10
45
451
18
455
30
113
576
120
173
86
315
12
96
403
36
25
390
606
412
142
453
475
220
149
139
167
1
109
151
641
112
35
368
320
139
123
150
181
329
248
138
323
501
478
27
297
410
28
30
544
13
240
150
616
15
184
205
75
88
66
53
16
70
86
194
50
171
99
278
102
76
86
78
104
1035
238
244
61
175
445
482
57
393
69
65
219
108
9
25
319
63
21
13
284
169
605
63
247
108
27
65
44
33
16
229
3
49
177
88
92
553
51
122
313
70
596
473
142
13
152
187
263
91
308
12
217
14
64
191
151
722
161
36
166
83
164
74
43
191
51
485
86
516
496
32
44
54
327
296
36
241
266
432
158
22
250
368
208
561
179
175
222
9
10
13
70
58
119
3
55
17
251
319
223
412
263
122
331
104
122
346
152
94
65
338
98
305
257
206
318
237
33
41
357
62
115
48
102
181
88
255
34
79
202
7
7
122
102
563
234
90
738
184
272
125
279
90
27
161
28
65
106
38
36
151
116
25
6
125
24
112
386
113
225
522
7
52
85
235
191
61
194
141
456
56
29
244
261
171
86
103
245
33
3
167
333
346
200
527
182
56
425
34
140
58
55
70
108
179
264
559
10
36
22
19
53
131
61
36
269
186
89
36
246
62
83
105
57
90
63
406
95
174
94
145
337
92
3
230
299
515
159
472
81
137
88
45
120
202
470
61
68
239
41
145
378
52
85
171
180
152
544
599
18
20
132
182
66
16
432
43
164
194
89
204
15
43
77
302
139
198
13
277
371
40
166
776
77
50
49
67
543
345
507
7
443
1
74
359
86
283
121
289
234
221
582
152
368
67
207
184
313
672
600
268
378
135
642
506
293
7
83
23
80
330
57
334
120
24
39
1290
121
437
8
42
162
211
77
77
40
447
251
69
47
283
1
223
248
32
162
159
79
8
80
567
326
36
208
362
414
345
202
48
792
8
228
20
3
270
241
17
184
56
194
75
21
241
406
84
331
293
57
485
174
49
5
10
87
210
171
137
277
29
117
545
71
409
30
613
100
247
152
55
175
208
39
739
67
19
111
428
134
14
213
482
180
28
127
4
565
28
46
4
28
200
174
730
263
31
443
19
133
500
128
168
171
141
486
116
11
327
284
295
13
368
25
67
454
549
558
312
139
162
110
132
154
139
58
132
175
247
29
215
165
79
104
38
881
77
17
239
35
82
40
356
343
1031
228
191
134
100
506
210
531
705
372
329
637
147
410
593
26
144
302
221
86
131
111
141
49
231
211
179
350
276
50
52
2
146
28
81
362
374
26
51
22
147
319
282
393
13
17
49
174
178
125
704
11
151
382
93
186
69
75
331
280
252
195
128
386
137
594
243
417
54
127
130
385
115
80
549
37
18
262
124
38
16
155
60
84
47
50
477
132
483
127
419
22
138
88
107
158
24
88
377
3
21
24
263
1032
10
46
321
65
32
458
48
13
44
16
13
88
379
68
186
31
111
57
38
139
589
182
59
55
200
66
257
26
166
104
205
71
295
484
204
11
105
425
82
103
64
394
294
244
96
4
69
366
326
137
467
11
146
283
151
14
112
93
28
156
87
562
47
144
28
211
180
360
188
42
10
72
253
105
185
125
76
192
30
330
23
295
30
80
57
122
27
26
637
957
253
18
301
145
301
85
259
86
208
110
19
160
462
364
8
561
198
40
297
134
218
56
134
90
300
90
299
152
65
125
304
54
729
8
281
33
8
133
62
206
195
19
308
497
320
14
361
105
286
398
123
60
263
75
45
61
169
216
81
10
157
30
156
466
54
31
307
18
6
175
159
449
43
173
50
123
800
1406
328
127
280
1
222
304
157
33
176
44
23
45
269
65
382
31
792
147
224
191
665
298
25
59
123
41
402
21
147
166
9
198
268
145
47
159
73
26
211
400
17
184
346
112
108
254
122
119
554
81
76
32
859
458
5
19
825
74
2
78
100
362
471
477
144
206
167
499
377
168
574
149
49
202
1184
59
94
19
656
1076
83
70
5
444
30
87
345
208
46
304
332
104
33
22
381
288
23
226
24
1
97
194
215
38
194
38
281
12
50
79
76
237
47
20
141
128
69
58
489
120
67
367
78
631
237
104
138
18
181
34
792
36
177
2
95
344
2
327
13
236
33
171
330
109
219
28
76
789
510
508
11
1248
137
116
114
14
147
2
328
268
29
82
32
51
260
219
5
119
44
380
256
130
633
48
15
4
496
144
380
779
21
506
80
279
44
58
416
68
254
99
18
161
864
44
111
132
220
285
389
1406
18
83
102
45
7
350
19
74
63
18
86
139
130
4
42
32
362
220
51
203
717
59
783
79
140
114
130
241
397
221
138
101
226
5
176
25
86
52
39
16
26
104
453
8
76
45
107
173
670
318
451
189
164
145
135
354
27
124
334
24
92
924
456
147
14
92
195
597
132
119
1
13
652
268
109
165
123
227
27
109
51
127
34
37
86
75
604
321
101
107
300
109
343
157
88
52
116
166
239
456
186
260
175
1
96
18
232
142
85
418
323
3
84
53
25
267
328
1
9
563
575
31
167
316
125
90
144
84
16
147
363
195
129
154
61
172
12
34
77
304
4
117
58
214
34
86
254
48
912
36
317
526
138
50
48
414
28
241
89
211
87
393
498
59
119
163
267
120
284
94
292
283
20
54
201
202
172
331
291
656
161
176
170
104
423
549
185
292
55
7
49
504
267
528
212
101
129
236
11
57
89
457
84
65
328
84
120
42
197
76
446
345
268
66
19
830
1583
71
123
11
340
11
290
418
313
312
186
24
20
14
181
167
335
180
41
210
668
13
159
153
106
68
175
20
99
130
102
57
404
7
86
298
129
221
5
50
38
51
39
573
118
4
19
701
40
9
67
216
804
502
25
382
30
410
35
160
549
201
467
270
176
178
229
119
108
2
85
190
199
265
191
454
60
22
186
1053
187
163
130
161
396
209
231
70
21
515
317
114
105
106
86
829
85
28
253
11
118
112
117
237
2
155
3
119
387
23
166
31
82
34
117
10
45
47
29
768
233
6
140
120
111
241
344
126
115
153
161
10
611
134
89
14
55
171
73
155
35
5
255
433
240
175
239
81
42
301
228
1097
98
128
30
304
45
187
279
205
56
107
29
85
534
749
135
73
90
139
64
176
224
14
40
217
28
73
188
12
190
277
445
104
297
67
103
16
158
122
495
544
56
17
56
84
636
456
170
598
137
234
153
126
143
222
100
427
33
136
98
86
381
268
225
52
147
43
369
117
392
314
114
269
1
174
144
441
48
129
230
144
391
55
164
152
91
135
31
513
95
12
17
322
417
172
67
123
100
210
372
129
31
95
289
108
42
223
108
78
124
33
57
127
291
657
215
185
151
101
168
29
148
186
178
128
59
77
74
14
58
357
205
50
743
42
253
71
162
352
65
112
15
176
7
64
196
99
825
684
449
131
32
347
99
131
211
448
31
52
235
799
10
199
74
46
160
114
117
230
624
57
58
130
951
215
32
83
533
298
154
96
552
10
243
67
417
266
381
14
71
323
252
22
348
212
291
108
206
149
114
366
83
372
85
45
303
127
11
10
66
18
34
15
263
201
103
285
726
32
192
121
14
271
2
73
260
53
301
76
194
22
149
2
267
59
106
321
173
82
154
285
89
1
148
259
585
779
276
130
294
46
50
1001
100
756
155
109
910
106
600
358
120
5
467
98
68
350
31
581
27
312
279
316
589
585
39
145
370
11
183
198
117
26
295
20
326
212
195
61
556
641
266
91
234
89
19
34
48
201
15
301
277
179
40
118
512
7
131
14
65
8
34
92
62
352
54
196
115
29
494
183
1035
90
112
297
135
104
627
123
361
125
174
471
96
247
211
713
59
24
212
132
237
83
588
347
186
723
106
527
2
1
110
41
225
343
36
102
183
225
251
105
169
353
451
104
154
83
83
186
1189
274
285
80
31
171
406
20
510
520
579
342
363
12
133
259
177
60
521
9
88
458
502
17
510
614
18
342
80
437
288
156
76
48
241
208
59
177
32
56
296
296
80
172
358
78
316
480
115
77
157
727
236
6
128
151
137
308
12
37
126
887
303
582
122
146
51
569
61
115
86
74
324
77
449
584
139
7
97
97
4
90
230
555
30
52
192
294
785
871
170
524
57
135
183
629
287
95
504
42
845
102
100
68
282
18
343
33
542
211
199
295
50
124
391
31
334
444
559
314
38
578
52
12
169
122
289
227
222
53
52
359
377
730
155
34
126
77
28
408
351
381
58
215
6
109
112
62
112
194
94
160
587
285
126
704
498
39
38
41
249
55
110
309
392
417
100
376
399
792
229
62
125
151
76
185
148
280
179
123
71
55
43
696
68
58
171
166
94
33
12
144
144
63
198
113
196
8
454
65
723
278
42
622
257
319
52
28
412
238
101
81
77
318
4
571
60
647
231
42
192
23
1211
225
314
514
333
192
84
191
85
78
481
6
46
8
17
905
271
267
85
45
258
701
947
160
333
81
5
32
293
226
488
860
505
212
89
144
306
217
325
756
93
351
433
533
27
15
180
215
605
434
71
573
76
535
103
791
418
692
374
310
208
78
27
595
19
100
26
14
44
89
101
253
606
187
46
70
42
17
530
170
71
2
41
75
269
54
54
314
402
211
15
172
769
440
249
94
26
336
17
83
160
620
22
206
106
119
61
226
131
170
84
255
165
143
159
108
109
94
294
462
298
33
33
535
64
189
257
396
648
320
80
320
42
41
136
304
107
22
162
86
521
144
225
75
406
281
8
19
193
73
413
118
553
45
191
816
418
42
324
52
495
45
11
200
69
55
268
96
702
68
218
74
71
82
93
297
237
18
95
414
118
122
3
302
8
142
22
177
815
318
42
142
197
373
151
275
436
300
183
474
114
239
64
61
48
585
126
276
376
326
103
8
375
262
57
131
21
276
83
75
199
15
248
625
16
149
31
295
385
549
112
9
139
918
33
204
27
255
177
22
134
43
6
169
194
134
51
84
136
166
31
118
240
25
321
10
182
1105
87
10
473
76
40
237
47
316
38
181
84
138
636
498
26
137
65
38
104
167
43
94
528
168
111
2080
484
145
127
129
396
962
259
203
185
774
99
784
594
244
68
1006
2
180
101
137
176
508
59
61
227
62
960
334
126
83
45
243
363
75
82
32
438
47
499
79
87
128
45
56
118
68
163
110
23
307
74
88
16
215
35
825
296
90
12
22
140
112
167
1167
439
5
187
43
8
76
227
190
101
317
83
9
295
16
28
42
133
77
239
55
27
384
71
45
383
20
107
491
305
88
253
11
78
197
17
658
3
574
380
253
353
112
28
33
84
171
56
75
332
498
36
22
185
198
11
135
546
39
229
30
101
186
570
273
53
172
33
5
403
241
93
173
177
75
135
171
493
59
55
155
187
289
459
26
268
15
481
33
416
302
16
414
294
201
197
230
168
317
330
36
872
35
64
381
119
393
542
148
182
161
156
81
55
145
232
234
20
56
119
43
94
162
105
121
230
404
56
41
24
223
200
96
24
390
227
487
7
620
166
113
360
423
226
404
498
70
470
111
170
36
83
89
765
193
16
108
59
239
90
70
138
13
322
469
78
75
330
389
336
587
17
603
108
191
60
10
236
235
150
35
113
354
86
21
16
163
16
150
576
134
210
289
45
70
17
39
9
1087
715
138
21
213
299
633
131
22
1
135
124
294
26
574
61
47
81
176
450
109
1310
289
165
167
395
16
153
37
361
382
7
90
173
92
8
92
154
156
139
216
247
152
657
13
366
10
1
52
57
249
145
262
6
81
59
54
379
110
217
555
5
340
106
348
27
252
199
363
369
2
72
169
66
52
305
165
118
646
579
314
30
18
388
131
568
207
145
286
164
255
179
85
44
37
200
294
47
144
256
70
292
439
10
18
242
86
85
269
66
100
246
294
32
8
229
28
23
84
42
97
6
185
38
179
136
50
136
161
144
118
998
113
780
529
58
112
14
100
523
152
68
62
61
1436
140
193
182
187
137
66
119
73
100
111
20
85
213
144
29
137
342
512
748
106
271
21
286
308
158
169
204
84
1583
259
517
69
156
177
11
74
215
152
343
242
414
59
452
273
3
321
9
437
1
15
9
399
473
170
300
78
109
333
116
10
160
31
87
107
226
114
85
22
277
101
40
254
317
422
637
103
137
11
11
981
7
262
106
445
515
286
367
35
11
288
29
854
214
20
158
26
113
90
190
77
146
96
263
125
168
334
142
99
194
124
81
9
729
126
30
13
364
67
361
101
475
318
91
715
203
95
383
26
105
70
364
291
71
49
8
5
243
66
188
59
138
117
102
52
764
166
28
108
67
826
903
21
153
1050
197
67
103
5
645
21
76
405
374
251
6
386
1033
117
321
51
39
3
365
195
25
253
71
5
29
122
135
501
416
72
176
37
57
224
122
61
465
241
573
119
73
469
53
126
378
271
161
76
643
32
564
381
234
211
64
163
269
35
67
91
105
2
322
361
106
88
447
163
12
161
42
24
263
158
7
115
42
473
278
546
168
188
240
43
219
29
85
189
98
714
18
345
375
41
4
56
29
3
105
175
31
55
7
214
131
77
31
93
566
448
65
41
115
341
185
553
554
53
9
83
87
326
453
1
318
298
36
87
67
329
67
54
50
78
161
183
281
92
412
20
98
198
24
434
386
219
263
177
270
885
913
192
282
8
81
372
46
233
60
370
168
89
101
196
245
78
504
39
181
75
27
212
30
1
76
173
618
142
287
399
214
109
476
9
168
148
176
138
89
323
112
25
155
287
51
19
85
269
103
83
450
53
100
74
36
421
13
147
247
39
661
250
187
138
187
508
183
174
120
82
447
647
416
67
181
172
352
39
54
7
89
284
97
230
289
155
293
19
184
234
552
628
45
70
393
39
986
70
140
1093
76
596
313
801
478
42
715
357
410
214
339
203
55
354
203
234
526
10
185
113
69
305
72
195
521
841
6
93
14
469
298
6
35
32
93
210
518
98
284
6
187
147
408
613
179
217
16
270
35
281
214
223
169
48
72
104
44
98
13
665
510
52
283
103
162
627
71
251
108
32
420
29
426
746
149
87
12
18
655
319
79
315
64
161
790
25
70
1
209
76
62
335
273
119
203
74
224
197
176
458
694
125
22
175
30
120
57
38
93
206
104
68
454
148
28
300
34
83
127
180
149
330
65
269
340
128
117
107
64
194
174
448
61
11
11
67
105
177
387
251
89
185
88
22
524
145
59
4
346
124
401
330
215
25
18
154
144
531
10
380
248
195
850
89
15
84
39
186
78
58
142
62
564
616
186
193
15
167
3
513
320
290
90
285
128
253
3
651
72
36
36
49
543
155
367
498
59
130
308
100
22
148
242
13
30
102
316
219
171
233
26
22
1216
62
229
5
856
72
274
275
273
54
89
174
134
134
150
38
305
81
5
624
167
245
68
78
11
88
104
158
64
24
201
29
113
230
101
208
337
302
70
178
138
522
7
132
141
333
301
229
245
135
421
17
26
78
119
52
447
700
289
7
186
68
597
169
44
126
489
31
36
66
4
34
75
270
114
521
255
15
216
831
38
59
41
2
297
23
257
521
615
22
9
91
181
431
338
524
134
307
136
136
355
33
196
18
6
452
211
99
121
8
180
175
111
213
195
122
26
5
852
157
197
80
58
60
401
311
77
238
181
145
53
34
48
664
36
714
178
81
196
339
197
253
82
586
321
113
248
192
86
55
123
36
100
585
56
430
199
23
436
80
469
62
15
9
72
139
5
102
4
242
28
193
275
78
893
146
257
10
336
31
58
35
243
371
356
735
261
448
238
37
72
58
438
87
324
158
223
292
565
468
119
97
313
227
509
67
1
243
256
226
31
34
45
100
199
190
191
32
57
103
126
142
225
389
26
338
11
151
140
871
1414
1214
19
128
16
85
380
59
37
427
107
52
275
58
37
296
135
125
143
502
41
1058
557
447
129
142
60
108
72
76
166
185
194
35
61
304
69
116
348
24
191
103
140
75
150
134
257
86
418
90
93
124
303
258
241
74
140
153
14
200
390
239
49
64
170
365
92
369
181
57
263
576
349
171
323
63
49
101
6
101
263
55
34
219
22
25
544
583
489
55
99
214
444
576
109
424
659
120
470
471
793
150
11
13
194
231
46
34
105
752
354
103
82
1002
479
31
17
34
109
53
45
429
40
105
104
310
257
147
58
96
127
562
70
140
388
841
37
864
241
269
147
238
132
15
77
139
295
50
125
72
149
320
44
248
127
145
57
112
64
144
53
819
277
202
50
407
339
127
734
243
96
147
353
135
509
81
209
180
737
585
411
135
50
141
19
515
101
81
25
155
322
100
11
175
149
102
68
312
43
131
451
5
110
245
119
288
232
80
204
17
380
19
278
24
12
111
102
240
41
539
156
60
207
486
43
127
221
87
398
450
366
44
27
22
21
52
83
99
466
112
602
272
342
28
101
8
42
383
1222
40
33
22
473
43
260
10
134
465
33
85
38
68
47
6
47
15
297
268
71
251
70
48
176
77
101
65
578
183
90
72
21
129
251
88
115
109
169
941
23
25
7
555
63
151
83
177
6
6
488
184
765
158
40
131
430
150
42
120
96
183
500
139
59
221
96
489
45
133
67
34
170
72
129
107
13
220
402
257
331
7
15
468
402
36
124
59
155
10
461
69
151
75
312
102
92
330
278
259
23
105
172
36
269
199
256
296
71
46
5
136
28
27
441
121
71
77
211
296
176
152
80
35
13
130
141
37
229
490
147
122
495
217
276
404
340
54
26
265
166
25
203
38
455
72
25
295
118
52
370
136
101
182
91
30
133
74
40
44
308
713
130
133
51
47
237
82
88
51
22
267
72
370
26
61
96
156
177
22
82
172
260
20
236
363
984
4
36
130
154
19
188
556
141
507
129
124
464
385
55
219
46
554
308
73
133
128
39
302
52
106
354
147
179
127
155
328
69
77
71
29
418
220
112
268
173
174
615
76
121
519
250
186
11
48
31
417
83
271
53
517
14
93
204
230
75
262
85
6
111
65
527
455
23
754
392
61
294
2
316
27
5
65
87
11
89
34
81
107
423
51
371
388
49
98
76
35
89
49
394
1
221
373
585
378
253
67
406
94
56
121
692
251
423
370
17
801
555
17
38
53
459
68
205
110
435
171
60
141
326
127
41
43
95
238
18
157
326
14
287
475
59
465
71
98
439
314
37
86
240
4
75
26
308
149
185
114
98
293
240
281
73
63
276
6
1
50
494
1
10
5
42
215
33
10
116
464
141
139
51
14
204
253
59
81
146
273
11
226
24
151
261
104
24
183
84
486
20
151
396
252
258
16
31
101
98
73
460
136
304
168
45
4
381
212
82
184
222
732
214
469
161
28
64
111
17
222
19
48
68
120
42
208
246
89
632
387
137
327
7
399
90
332
102
14
149
2
271
24
106
125
110
363
71
164
22
58
206
471
125
63
78
152
1121
50
123
53
78
275
23
104
6
41
131
62
124
5
558
239
141
153
139
225
243
37
5
152
357
310
364
610
65
99
5
9
56
82
8
62
60
271
614
222
503
20
706
41
95
232
127
83
137
1134
70
70
44
160
141
130
510
105
70
225
232
379
75
653
255
89
21
60
29
133
382
452
180
239
61
9
127
338
176
65
113
22
272
51
581
192
189
158
224
616
54
34
44
448
46
1290
14
26
427
49
217
177
253
19
295
172
92
152
108
31
375
173
408
489
98
177
81
652
72
186
53
269
130
239
209
267
334
171
288
534
53
95
460
198
162
717
5
298
475
167
54
89
484
5
50
729
91
256
18
33
197
55
179
157
111
340
53
164
82
353
30
164
175
43
57
35
127
1214
283
329
18
63
67
30
151
25
258
69
104
42
65
254
268
284
174
189
19
60
133
144
15
196
90
56
626
78
119
242
212
80
53
213
238
1073
64
24
156
15
131
82
357
291
78
37
420
41
421
219
14
714
66
254
105
155
117
239
762
215
179
267
101
375
159
297
31
74
56
429
439
355
108
11
167
121
770
679
96
60
2
441
156
31
367
62
359
405
56
21
395
74
22
257
17
34
207
17
105
1042
180
6
183
10
77
391
24
124
88
164
227
118
81
562
73
35
260
47
515
199
124
19
107
181
291
18
40
172
75
680
16
13
12
19
322
22
325
200
175
52
450
87
69
511
13
560
263
204
380
172
87
165
207
316
8
14
237
50
64
33
39
69
78
259
250
171
246
18
84
258
223
103
99
259
362
179
57
131
320
107
124
90
424
25
40
314
262
130
87
131
3
200
253
95
486
114
880
661
202
335
56
618
225
392
726
5
6
15
307
197
15
154
34
151
93
124
70
30
17
338
158
46
36
139
58
5
49
378
209
244
890
337
215
189
131
234
27
165
218
235
108
467
244
64
406
3
298
136
15
88
63
65
110
235
172
609
560
137
41
375
324
49
63
84
178
119
165
45
220
196
209
145
258
76
122
26
440
247
30
344
113
114
16
67
132
47
43
467
310
149
92
150
475
425
14
91
415
236
1178
515
289
126
703
76
30
78
224
300
368
136
186
297
28
355
408
128
163
901
12
847
207
75
493
47
287
12
15
170
46
8
122
185
518
73
253
174
515
404
71
39
238
45
105
102
302
131
193
239
355
56
70
161
46
150
165
111
142
13
13
93
21
211
44
46
1
81
14
150
46
88
396
124
291
204
409
124
354
297
421
7
352
32
30
224
1
76
204
531
199
42
497
430
561
35
16
489
45
246
70
18
530
213
138
997
249
176
109
120
172
174
324
300
109
366
466
31
110
65
16
241
644
242
184
632
561
216
157
29
11
163
290
457
478
24
513
90
153
306
168
166
35
54
29
116
336
114
2
123
231
137
97
517
223
350
40
34
35
262
204
132
117
781
565
84
308
155
123
89
172
591
521
262
162
155
49
277
169
3
616
392
394
144
231
4
66
289
328
286
140
103
1
326
185
9
94
138
11
48
3
3
151
287
44
177
180
292
781
216
179
196
86
68
394
84
228
186
210
227
263
296
253
41
395
35
22
294
252
39
8
432
19
165
112
415
39
137
576
216
613
83
25
68
431
104
116
128
223
155
812
246
71
480
101
11
9
345
396
39
245
446
510
295
305
123
208
474
280
153
26
111
60
39
264
894
86
182
45
380
162
428
353
609
581
189
712
119
640
69
30
51
40
456
261
164
310
97
470
119
490
139
131
272
186
295
94
231
198
687
174
458
339
517
17
135
46
7
259
67
198
67
151
391
15
33
77
103
99
53
63
11
267
483
51
285
74
615
77
71
238
83
410
142
155
37
710
89
238
12
303
586
211
264
878
871
101
81
104
521
125
25
32
58
100
1
100
20
62
293
40
257
195
56
46
7
102
83
18
169
31
63
22
67
52
312
327
134
65
370
154
51
133
93
68
153
32
259
422
348
717
129
511
347
169
589
159
72
217
95
84
23
88
825
139
190
33
354
190
47
504
320
24
382
147
158
313
92
88
282
107
143
148
163
384
112
322
111
258
189
43
118
3
479
55
55
199
257
332
116
100
642
201
7
92
373
52
106
20
41
129
133
171
38
181
250
195
83
217
94
101
259
120
503
244
460
315
302
871
409
40
114
124
151
339
24
100
242
392
630
747
97
11
4
303
72
127
394
51
77
183
46
14
419
133
103
94
661
25
17
496
304
364
359
135
222
631
71
24
98
62
100
169
83
259
43
69
385
3
31
974
24
34
12
19
293
551
246
78
614
99
78
184
210
603
444
133
22
207
177
70
83
437
31
84
97
53
158
50
62
240
471
191
108
621
302
210
169
10
412
42
237
450
109
15
30
66
15
322
145
162
237
164
124
285
378
24
352
101
87
144
111
172
264
24
492
263
568
313
508
210
34
624
735
2
958
45
95
41
12
29
169
125
10
90
28
142
96
6
591
31
180
674
244
72
107
384
57
73
362
100
532
37
5
647
164
46
99
242
680
186
278
149
446
55
320
1
42
89
343
184
895
132
721
50
551
26
661
161
5
175
128
40
39
192
37
414
38
7
223
30
767
19
65
90
17
364
335
203
569
27
126
223
36
151
494
279
111
407
190
62
348
173
171
252
239
191
142
250
145
35
194
486
595
300
718
91
239
77
226
57
39
50
369
113
213
133
165
447
568
844
332
101
46
99
178
109
4
92
37
364
59
80
269
64
433
100
103
191
66
348
239
220
30
208
231
106
191
207
294
333
261
137
51
228
225
49
230
156
24
226
136
618
6
99
57
76
61
62
83
148
80
184
456
172
158
1298
606
134
35
102
26
146
136
4
273
48
261
84
268
40
116
546
12
24
114
64
17
674
5
73
302
377
75
831
5
138
175
128
344
432
97
54
486
413
108
294
129
110
343
33
89
67
495
28
206
242
10
3
450
3
175
7
570
238
226
104
151
315
476
375
233
36
83
259
35
172
31
164
271
18
94
26
397
203
538
372
59
123
107
267
15
15
343
158
61
144
353
96
185
223
206
141
36
53
11
158
182
38
314
308
19
76
303
344
69
406
86
59
25
125
8
215
240
190
19
159
99
19
32
152
31
42
96
109
18
85
148
124
229
11
584
119
66
174
104
493
104
122
134
27
223
31
104
20
180
587
46
80
44
164
719
169
286
54
41
34
139
20
248
80
175
117
215
29
69
232
172
35
227
250
32
350
173
61
641
118
68
52
122
302
300
103
198
71
321
163
174
410
229
109
159
22
43
110
121
6
79
306
182
106
74
328
179
75
254
524
26
49
6
120
184
94
115
115
100
191
75
266
169
78
25
186
555
353
27
486
77
476
326
91
263
186
48
268
162
28
42
184
63
1096
312
124
401
43
244
359
147
144
16
44
193
388
145
65
277
210
241
225
253
31
90
62
50
310
4
89
55
111
74
16
288
130
60
562
569
455
80
22
53
16
172
48
219
107
322
104
343
319
725
77
172
239
387
223
62
19
18
90
75
555
189
139
518
115
367
109
1011
280
64
19
254
133
7
459
25
151
26
73
634
183
247
69
69
28
89
23
10
268
129
67
493
1502
382
88
10
277
218
64
212
191
256
1251
30
3
94
49
364
81
365
202
562
131
100
438
263
181
37
116
242
11
848
141
214
154
1
128
98
98
169
250
4
533
17
92
195
6
57
649
40
157
155
101
143
600
51
58
52
360
315
423
85
118
27
58
191
14
61
5
40
105
27
326
217
272
687
18
61
914
4
308
602
131
4
535
97
196
29
89
177
43
678
869
13
111
25
178
81
241
8
151
191
703
187
119
193
235
52
93
27
121
301
40
113
11
73
540
55
45
281
8
17
183
204
217
447
180
476
113
349
33
608
376
403
79
4
101
101
1
494
328
56
13
80
128
93
289
198
114
263
131
121
641
119
174
744
32
397
207
36
152
172
248
397
41
14
335
18
53
690
138
75
72
195
167
45
370
837
250
121
331
131
86
73
203
462
61
92
6
628
93
63
136
155
66
358
20
78
411
54
102
305
185
491
25
54
317
198
76
651
178
121
303
15
316
23
111
25
88
110
56
29
209
79
282
29
86
33
122
243
7
199
38
277
78
115
388
3
228
174
279
122
227
149
106
14
445
95
150
56
37
638
13
75
123
34
187
56
929
77
146
58
514
32
226
58
62
336
126
418
57
263
397
19
390
304
24
827
338
86
856
449
184
6
21
98
407
70
40
54
437
13
385
775
60
95
418
30
199
45
55
238
187
133
45
630
184
163
198
80
353
778
236
35
34
432
79
51
10
1
117
539
74
76
99
401
383
203
175
260
47
660
332
77
730
631
35
194
739
102
13
163
69
561
95
176
496
4
10
210
57
60
50
199
24
58
100
390
189
632
120
332
98
240
34
166
213
844
799
23
204
18
377
22
214
194
191
45
169
26
473
127
341
285
38
20
286
56
129
412
152
19
761
205
32
48
181
47
9
27
278
497
374
181
296
93
128
29
352
135
99
25
470
118
47
501
323
163
72
441
177
318
249
139
141
581
12
154
319
3
202
210
100
4
118
31
647
259
94
73
65
109
58
30
95
76
639
406
124
253
96
2
6
132
82
96
49
500
70
486
296
236
3
161
228
375
413
34
430
143
22
230
15
107
191
159
1
312
241
125
84
279
53
203
119
281
231
203
32
51
191
332
411
564
392
157
52
74
38
65
88
6
131
153
36
93
156
495
337
155
34
64
132
70
236
6
347
103
29
451
35
872
94
483
316
108
579
12
136
298
656
92
152
165
113
375
84
215
230
8
38
47
33
178
286
123
41
212
135
42
34
139
755
339
147
26
174
273
30
55
302
19
128
144
499
86
700
78
58
23
67
523
316
106
181
108
469
339
262
47
26
371
73
144
35
300
182
164
190
149
102
625
54
167
146
4
89
186
47
96
93
6
41
335
264
256
137
133
131
108
558
185
261
13
55
252
24
105
271
167
195
77
303
321
373
777
141
101
8
145
85
37
6
41
340
32
100
238
632
56
457
295
4
670
228
144
251
189
17
250
230
244
227
219
114
15
119
175
117
100
138
52
227
155
100
344
48
181
144
380
39
377
108
400
297
208
226
355
169
109
34
38
275
276
45
13
182
320
254
20
515
646
187
400
184
17
129
209
852
10
41
224
114
43
29
33
180
48
292
194
271
16
64
258
379
239
566
838
189
255
40
238
31
66
179
144
180
17
29
371
89
188
363
192
26
409
1001
158
127
118
85
122
61
55
48
309
140
291
3
410
460
72
44
10
426
273
3
53
54
165
15
12
29
186
57
24
246
47
305
117
766
88
32
416
60
67
181
55
334
99
385
28
921
254
753
62
147
689
300
9
45
60
358
102
249
174
153
157
292
57
28
240
72
36
59
100
574
74
443
114
129
50
61
31
138
418
171
603
7
307
30
589
58
195
326
123
20
70
35
66
660
270
143
205
46
75
18
133
201
26
106
41
309
28
92
58
29
99
427
36
789
56
237
471
57
352
50
68
405
264
525
210
11
37
56
14
11
125
106
185
266
59
72
307
200
46
210
293
243
180
206
111
151
192
96
378
30
291
34
106
49
20
958
608
438
259
135
53
324
137
84
36
274
652
169
875
135
288
537
829
22
158
116
273
113
100
132
228
757
10
150
336
500
314
373
123
107
80
60
425
1
141
81
158
61
48
11
5
116
80
96
33
79
4
241
176
6
66
196
63
464
1600
22
647
84
127
79
103
220
189
100
47
321
334
40
24
672
235
114
173
31
207
139
133
122
143
237
429
63
46
300
121
32
223
133
303
121
788
190
893
305
511
178
441
530
603
6
40
206
331
57
343
397
229
33
41
226
51
155
9
231
75
60
9
8
353
28
220
332
103
54
101
847
83
97
13
259
227
91
9
37
234
393
96
122
195
148
102
59
21
43
565
104
659
255
332
1151
627
81
134
167
6
12
290
182
206
35
81
24
668
4
659
141
40
136
89
93
408
35
61
166
300
123
498
33
274
37
140
156
60
51
173
125
91
70
47
6
86
30
302
189
1
36
37
255
363
46
79
211
10
592
405
13
199
773
306
55
123
591
356
66
215
316
271
373
33
140
330
314
230
98
590
81
47
75
387
694
596
461
76
535
940
25
67
72
272
58
344
175
26
276
132
492
318
399
58
207
81
175
190
133
178
344
383
806
46
81
43
139
145
79
366
117
290
53
157
537
510
183
300
229
735
184
22
56
7
23
372
98
17
301
204
324
266
43
750
400
369
111
76
216
59
16
407
2
207
49
209
239
236
47
406
201
130
431
76
34
118
7
265
43
303
226
418
153
140
23
64
411
42
31
80
428
186
175
380
10
28
78
169
113
70
20
307
28
72
77
247
201
360
1
182
302
8
47
66
167
1003
1298
35
136
151
93
73
241
257
27
238
169
535
35
57
13
236
28
227
122
86
669
365
283
251
48
175
121
229
210
297
404
7
36
150
330
93
87
67
267
133
352
309
41
862
223
179
192
167
3
38
136
259
54
53
240
78
249
73
25
278
193
58
145
33
257
266
136
114
217
65
249
134
215
719
18
120
33
131
47
76
74
90
247
294
423
97
257
187
98
376
62
143
17
171
221
193
214
188
342
216
52
62
115
8
110
171
14
234
53
284
11
11
103
330
38
7
997
284
42
57
696
291
903
117
82
171
177
104
307
118
209
48
75
44
341
39
303
96
145
71
442
56
118
195
155
155
156
67
4
308
159
199
8
18
713
56
9
11
194
47
289
2
115
128
151
828
387
208
51
206
107
18
120
252
315
172
323
11
16
144
263
407
86
406
2
68
135
360
42
295
49
117
22
151
54
7
360
146
206
509
21
20
81
17
173
534
176
42
25
77
189
515
62
95
53
312
32
84
107
88
24
129
485
56
33
249
232
251
150
210
92
42
178
503
116
149
67
188
104
120
60
298
183
591
18
211
531
569
163
223
48
34
137
398
83
123
22
260
7
162
57
46
74
88
257
311
139
440
500
117
546
17
365
78
15
52
3
1056
64
179
44
39
547
340
92
191
52
219
911
49
22
327
766
693
371
10
94
356
402
389
40
19
586
138
77
83
214
199
45
232
40
257
381
50
56
28
20
94
100
33
239
66
77
563
12
247
116
187
61
209
134
81
23
38
74
396
1133
217
173
54
32
703
220
9
37
204
95
23
97
275
279
508
591
140
246
212
33
34
215
22
558
74
472
113
19
70
770
8
5
187
210
85
244
13
370
684
195
266
39
779
71
78
75
246
75
528
420
382
66
1134
34
74
338
86
60
140
382
4
3
187
98
613
67
131
13
30
487
207
158
67
16
45
55
205
38
611
44
15
8
221
329
479
231
263
30
297
65
21
126
420
165
426
510
595
131
95
274
88
38
535
22
147
23
113
576
52
151
348
396
486
835
121
114
149
18
178
1282
13
67
1
86
95
399
428
73
75
366
1319
204
358
2
105
75
35
427
168
141
168
224
46
104
471
25
292
48
119
70
343
81
35
44
47
60
819
60
88
12
52
161
146
639
214
485
93
6
95
194
247
88
25
823
237
295
705
110
103
151
58
85
17
495
129
150
536
72
31
37
283
158
87
104
81
64
436
122
361
593
347
29
41
61
71
561
192
273
138
130
90
27
130
90
276
94
444
96
188
506
60
27
64
740
332
298
11
133
159
75
155
196
189
338
155
87
142
24
3
631
85
125
399
17
202
166
492
39
285
122
441
479
250
267
319
103
43
201
145
376
203
57
548
116
80
221
151
18
23
35
202
431
365
33
89
336
46
61
101
197
456
10
210
103
380
256
606
255
164
159
292
633
25
26
44
198
5
66
31
63
110
370
683
369
299
452
139
21
202
392
256
430
181
8
747
415
845
425
15
222
117
226
18
281
489
431
48
62
51
359
171
11
286
3
46
985
109
216
39
9
84
395
31
574
187
481
40
33
104
24
49
362
367
300
597
148
552
176
181
64
493
23
57
523
97
193
60
85
140
991
129
21
249
391
200
209
35
268
313
102
88
106
33
208
50
43
16
429
11
91
224
105
166
127
315
265
153
236
288
271
52
8
255
15
21
155
413
230
578
42
161
27
14
392
95
93
147
401
98
333
22
121
136
68
20
436
16
213
107
93
16
428
62
154
119
21
346
230
65
173
28
149
114
41
256
203
22
27
31
81
6
194
440
41
345
87
460
498
36
48
44
424
60
72
280
339
105
218
40
37
669
244
84
184
191
293
132
4
60
400
664
254
92
680
43
733
32
469
384
250
87
65
7
155
24
96
73
327
173
185
112
627
308
66
230
401
140
111
130
93
136
102
79
278
798
385
282
84
220
17
68
4
34
13
5
287
29
83
902
5
33
19
319
25
72
90
256
90
252
8
324
34
39
92
8
271
226
198
70
452
74
392
1
39
72
26
60
12
164
59
89
173
153
201
133
324
313
390
138
258
21
358
147
507
100
61
96
185
127
738
134
83
248
15
66
25
273
88
305
5
81
6
111
41
90
22
216
61
60
145
146
42
245
97
221
78
597
109
22
364
184
535
870
125
54
97
377
92
210
2
192
88
25
110
223
29
129
243
122
368
111
514
280
170
343
185
57
21
93
3
110
157
151
410
108
37
652
75
516
11
105
223
275
376
70
8
11
80
589
753
736
749
257
147
211
70
546
280
53
19
454
15
6
106
531
146
90
113
232
47
42
428
195
64
28
95
716
75
794
59
13
344
70
45
76
175
27
93
292
115
163
49
136
119
15
259
240
535
95
81
519
66
302
37
26
19
233
513
687
153
88
917
79
128
121
29
15
54
162
104
58
184
29
143
361
393
39
92
594
148
998
9
491
168
78
331
569
267
76
162
345
361
151
49
124
141
125
138
180
118
314
179
156
154
367
18
80
390
115
327
3
9
244
349
187
651
451
73
87
40
416
115
315
43
81
44
105
377
73
22
42
4
34
260
2
419
149
32
18
363
108
23
118
178
722
9
226
43
12
270
359
259
45
347
391
108
12
320
80
292
509
392
444
191
113
44
55
185
1206
2
577
8
30
546
3
182
53
32
144
365
349
324
18
5
18
15
251
39
126
130
185
413
54
288
121
260
420
812
11
7
10
14
124
158
23
156
246
381
428
232
52
77
237
292
5
14
71
193
299
736
319
67
354
26
28
476
84
241
50
215
125
362
111
327
486
68
69
294
265
131
70
71
210
446
195
141
309
44
174
3
39
36
279
392
349
332
122
132
273
253
212
99
261
5
383
341
68
7
26
14
148
603
328
253
79
223
8
132
264
19
203
419
290
532
138
118
197
174
9
291
170
331
365
557
75
559
4
305
71
100
142
125
250
17
258
297
148
187
364
283
114
293
31
578
26
77
227
414
134
110
225
30
118
375
477
217
451
69
176
127
95
361
344
179
39
6
79
98
51
135
99
766
233
189
268
7
148
46
102
169
427
216
26
12
250
159
124
142
97
24
39
278
223
215
470
223
852
69
389
170
29
652
150
101
141
79
8
12
868
75
54
160
139
702
22
21
115
129
169
4
456
314
99
175
11
2
15
147
121
252
151
116
227
141
161
374
25
666
194
5
55
48
54
113
60
93
78
472
102
6
293
80
302
12
315
5
22
413
21
159
20
136
150
43
1060
117
55
289
689
542
8
7
259
76
493
109
65
51
118
54
21
122
14
38
177
772
495
48
28
19
54
283
207
35
1165
27
584
583
352
39
266
737
328
67
189
417
59
75
487
53
23
539
284
380
554
412
21
731
62
103
34
82
45
274
14
175
14
198
24
6
6
245
73
39
107
12
300
1069
245
141
261
117
487
532
75
32
79
85
75
324
74
516
513
28
40
244
154
909
338
42
306
160
5
166
300
691
76
274
352
192
43
901
144
57
115
61
110
28
207
22
116
167
134
47
457
362
355
109
119
575
74
97
817
47
120
164
132
28
556
342
18
150
21
84
63
99
49
11
123
106
299
58
502
249
48
300
60
220
64
63
108
87
168
431
118
158
114
21
656
295
224
378
177
88
68
272
50
565
290
145
147
125
15
135
104
7
395
57
467
224
22
51
64
126
178
122
195
617
162
38
786
91
429
139
20
172
18
639
329
80
166
693
109
184
85
23
288
215
301
80
120
279
95
385
15
430
82
621
233
220
402
93
146
247
457
151
17
142
67
88
237
78
12
340
232
703
437
1071
19
16
66
354
55
206
198
76
17
156
271
83
152
283
446
420
297
639
4
309
270
76
33
429
284
6
217
165
171
171
123
200
235
21
210
207
77
525
388
91
308
257
246
211
291
32
196
128
37
188
144
50
1097
1310
108
21
21
466
291
313
11
58
66
19
21
446
30
292
127
8
150
85
461
12
22
7
254
182
147
149
82
136
192
401
130
106
68
32
7
274
257
44
325
234
10
8
11
718
711
67
40
55
173
46
86
142
288
255
115
252
143
1261
29
317
155
389
154
57
114
285
21
241
385
164
55
108
503
270
149
43
83
93
219
210
107
127
66
101
139
8
233
619
915
121
203
8
120
110
56
8
908
64
9
58
121
278
134
326
153
10
240
271
100
72
386
53
476
64
11
95
19
106
625
188
350
8
31
20
137
419
99
37
168
190
376
51
303
272
99
15
871
106
738
37
63
119
101
303
103
84
57
121
64
87
118
337
88
140
35
39
311
204
131
395
56
71
242
322
14
182
143
65
381
414
755
87
13
62
216
585
247
818
224
691
293
127
17
163
94
41
109
360
105
49
275
42
166
116
4
136
140
127
28
78
36
15
158
149
358
75
262
50
23
25
85
191
59
127
138
215
36
4
411
738
104
46
29
12
156
274
109
36
62
187
58
637
111
54
269
60
194
54
107
542
86
54
142
110
98
32
13
314
123
151
233
367
317
74
74
50
217
146
288
4
131
89
179
301
193
42
361
126
111
297
54
62
208
118
189
295
302
100
381
127
128
366
59
4
168
73
210
67
413
210
24
184
61
34
178
49
41
85
81
105
50
291
114
54
234
114
83
95
5
42
217
10
427
218
38
116
227
19
61
235
183
199
278
332
224
152
104
159
8
258
582
233
563
31
744
248
201
133
174
74
227
191
2
260
359
74
65
95
11
197
676
258
260
155
42
420
288
24
476
459
162
520
188
59
139
515
156
102
21
132
121
717
63
369
29
162
581
228
184
122
174
960
72
146
193
11
31
98
155
192
240
55
180
33
129
101
300
52
150
381
41
446
68
26
68
30
785
108
72
63
107
201
28
87
151
9
21
116
164
60
789
386
18
93
126
43
496
275
191
63
11
126
117
307
204
373
46
390
52
10
121
37
43
49
149
630
196
25
123
166
183
285
8
265
23
614
669
114
149
68
354
85
606
132
482
341
64
178
117
122
63
5
111
13
205
389
168
37
67
105
127
427
204
140
196
59
141
133
85
388
23
83
47
388
307
812
18
57
41
29
106
132
48
284
246
51
226
159
6
109
504
108
90
118
66
118
197
142
284
73
81
8
235
168
138
71
345
455
537
500
171
187
129
171
427
148
60
149
115
198
205
60
221
135
361
454
84
423
459
229
10
184
26
31
149
793
110
58
12
1060
440
64
413
131
728
125
355
109
143
114
65
300
25
75
97
351
14
129
384
121
62
12
67
102
93
531
16
545
224
103
46
446
397
85
259
166
49
811
79
102
89
2
293
5
26
74
200
124
233
3
16
33
146
3
20
171
49
286
5
27
479
145
235
10
51
291
1100
4
131
11
85
61
37
447
250
261
73
15
245
65
333
544
130
72
108
3
340
370
60
174
65
179
283
125
220
288
340
283
291
85
2
231
184
203
294
84
25
190
65
142
191
946
3
60
280
172
233
193
148
289
167
536
620
254
336
47
1
41
609
29
83
98
3
958
144
4
129
43
49
262
194
200
18
40
83
184
337
1219
7
135
862
272
224
607
102
54
206
320
66
72
106
73
54
83
226
39
50
255
11
423
122
131
430
156
164
58
73
37
312
517
25
94
251
6
180
93
36
49
304
98
330
602
117
64
42
262
34
153
176
504
272
112
142
187
176
113
47
123
444
280
6
13
173
25
515
246
317
145
7
16
261
48
188
329
285
205
36
115
165
122
41
198
59
122
60
44
48
179
484
468
161
286
20
123
4
211
162
255
51
71
1
169
639
191
112
100
162
182
81
230
863
111
77
243
294
41
334
231
49
103
64
152
46
38
301
141
2
3
61
372
71
53
68
327
484
4
259
15
130
516
20
6
136
5
1
372
540
108
137
369
6
85
190
27
56
171
17
559
20
78
109
243
446
111
78
52
1014
605
229
11
214
1
12
97
21
492
726
182
394
163
385
312
9
828
712
78
148
30
52
367
307
324
27
286
90
171
284
198
177
6
44
99
229
329
13
1375
327
409
229
87
30
183
209
909
189
870
23
177
93
201
217
201
164
288
43
80
148
720
127
31
7
640
433
756
191
461
33
128
170
277
72
82
339
30
393
58
16
24
138
56
176
112
9
18
401
188
33
166
218
142
157
57
210
160
19
163
830
118
184
269
82
140
258
199
110
86
234
253
261
46
83
121
111
128
57
72
26
370
58
124
156
214
70
289
255
240
391
249
314
43
461
18
923
39
165
33
565
4
161
439
369
49
158
51
198
77
95
273
247
12
126
394
96
137
56
395
138
101
709
407
140
135
281
30
107
491
30
219
363
142
20
184
211
41
278
102
101
25
277
48
852
555
131
120
419
236
32
10
46
260
503
72
12
66
20
401
116
587
141
300
8
310
35
7
91
55
74
226
101
182
459
367
65
63
243
285
43
142
643
38
6
414
491
26
384
21
12
175
416
186
112
556
555
108
355
252
34
188
68
179
295
20
175
26
403
503
60
35
634
320
415
116
28
23
435
68
295
15
3
589
139
74
99
118
105
157
103
144
36
189
130
149
28
154
294
430
5
398
1005
403
65
3
69
97
204
319
133
187
33
505
157
655
12
169
183
113
300
492
96
204
141
218
98
242
157
116
214
72
702
36
127
571
249
42
355
444
208
103
17
255
323
671
120
714
60
1
733
430
382
411
140
210
60
64
57
42
167
495
211
438
480
693
686
69
74
706
82
43
51
129
279
26
2
25
280
220
311
75
35
198
472
86
253
118
130
8
1261
457
46
225
98
143
2
154
135
215
168
176
399
390
102
221
75
31
144
412
235
17
71
68
144
81
227
405
43
64
39
212
75
177
581
4
245
92
101
47
283
204
126
386
237
325
40
254
67
640
156
82
257
175
105
346
24
142
95
162
76
250
84
484
166
382
270
363
228
3
41
108
46
219
120
45
78
68
152
126
474
182
296
44
149
464
243
467
285
146
231
27
235
244
533
236
395
30
3
194
180
82
117
241
923
4
113
199
126
492
103
366
32
497
91
266
905
21
273
187
681
163
274
423
32
146
406
731
5
264
208
120
606
170
48
227
936
342
311
279
12
200
237
393
229
199
570
362
54
176
12
22
711
224
39
260
258
297
10
350
180
290
1
1
130
73
140
15
323
8
95
288
58
262
69
208
483
68
182
697
179
23
30
214
260
281
13
36
234
114
81
106
350
48
475
158
25
121
71
235
264
130
143
122
109
370
7
105
612
68
441
45
188
289
118
199
471
153
628
65
147
328
160
877
241
436
215
575
5
69
156
117
340
322
797
50
33
594
268
120
208
406
381
43
13
993
108
129
457
176
426
274
494
156
140
475
484
122
4
212
174
110
33
80
330
139
10
7
59
93
43
38
156
25
777
44
554
173
120
267
338
80
80
386
319
198
629
191
415
110
50
257
98
326
3
116
38
498
111
127
285
297
31
13
498
607
56
12
117
208
498
12
134
7
59
128
72
106
211
209
257
30
668
322
60
268
807
669
21
55
77
238
487
37
77
246
290
34
16
50
1
221
34
38
123
317
19
13
307
168
69
205
75
315
111
26
54
397
425
41
138
137
98
129
40
470
104
313
318
82
98
254
63
122
129
465
1332
170
264
230
343
27
160
77
46
111
56
146
167
37
139
128
882
164
284
36
57
230
13
17
117
609
159
40
21
37
32
39
20
35
160
846
46
119
15
140
241
497
147
107
260
752
184
71
504
31
8
245
3
157
489
119
378
75
102
356
172
74
110
2
116
44
93
50
590
58
127
23
323
929
361
358
106
700
488
51
88
333
70
209
186
408
165
382
437
162
59
133
2
256
142
141
127
35
141
50
67
181
78
30
54
49
55
98
150
36
29
475
16
670
13
28
89
100
169
85
32
225
449
160
470
182
179
410
77
96
257
110
215
415
41
237
121
1
55
65
47
491
530
20
173
386
86
413
361
40
128
17
516
141
167
7
3
126
345
104
374
5
62
384
273
362
167
737
191
187
347
75
319
536
552
200
19
170
201
47
336
210
294
70
58
257
877
150
69
46
77
136
201
23
366
29
112
168
636
63
186
28
117
423
400
61
285
122
157
10
389
11
69
165
550
79
406
378
85
52
480
8
38
194
774
134
198
132
335
138
342
628
6
144
4
711
44
71
702
182
182
14
114
493
131
4
106
185
55
58
70
503
63
149
116
92
457
398
64
241
52
104
170
146
45
158
541
37
321
300
24
40
197
58
56
466
339
126
184
209
156
29
638
770
779
172
32
104
27
304
453
43
48
105
187
146
37
384
12
208
445
300
236
110
259
13
202
250
617
241
435
17
224
159
533
96
420
118
67
137
25
198
17
628
153
675
69
195
231
493
244
39
503
257
44
204
248
338
114
205
290
379
190
189
59
101
64
233
3
256
345
140
8
203
415
175
38
439
605
178
53
10
228
25
156
96
13
54
24
217
507
169
83
101
20
9
196
108
143
13
213
87
234
94
312
432
328
58
78
79
440
64
1255
107
57
111
204
397
253
248
39
185
389
817
853
35
193
64
359
42
209
60
70
190
310
36
753
69
401
268
105
293
94
189
472
3
29
214
75
196
156
214
423
129
126
612
54
73
114
70
216
32
33
195
204
29
872
1
530
191
143
109
14
12
204
210
177
245
158
602
409
124
439
288
473
686
117
32
353
85
288
43
181
163
611
21
190
433
28
29
238
127
222
59
33
94
445
146
99
39
34
10
390
147
18
332
218
188
590
353
267
28
319
33
377
153
125
48
91
41
3
420
8
72
272
328
269
56
74
117
99
666
21
66
6
66
109
223
66
295
192
380
31
393
237
115
88
9
162
22
59
229
111
217
119
106
180
51
27
152
7
272
94
120
813
171
86
174
33
77
181
222
158
218
119
16
175
109
285
417
168
135
405
97
22
1161
27
528
163
59
342
121
38
360
385
393
439
118
4
177
145
332
39
92
73
74
65
213
164
164
113
233
76
233
2
203
286
137
980
370
115
54
162
166
334
51
12
60
90
2
117
344
244
73
73
291
548
110
126
359
233
106
123
669
16
187
234
28
18
393
236
747
141
22
66
291
1758
144
511
165
106
703
59
31
437
11
764
191
565
55
17
41
1
195
208
9
183
278
34
448
257
434
176
1
140
97
36
72
282
101
27
147
149
201
72
282
45
99
505
141
71
172
100
191
142
551
146
21
22
49
398
73
71
125
276
112
205
44
180
284
14
218
8
268
212
439
211
47
274
289
168
410
119
387
469
100
38
42
76
33
65
239
135
19
101
173
783
192
181
60
39
15
430
44
295
213
50
52
179
102
182
242
16
1007
73
19
80
25
556
74
1
14
63
129
528
72
171
74
320
290
145
419
266
141
30
697
32
165
23
261
195
162
319
350
78
1028
59
423
183
265
251
77
60
162
245
113
70
89
90
344
114
508
4
611
77
235
253
12
238
176
228
15
127
60
88
391
463
367
31
112
406
155
95
82
132
37
229
8
510
2
57
98
374
713
41
818
41
176
134
193
231
240
288
147
16
116
58
189
27
84
68
149
143
36
298
169
313
73
283
89
90
85
242
91
244
210
169
12
334
137
66
492
19
258
211
561
184
89
114
854
6
33
131
164
25
176
256
80
5
45
654
12
96
332
34
46
103
151
44
393
473
15
440
71
184
78
24
311
111
197
340
872
89
293
751
143
136
27
1
1
266
557
317
97
708
41
1
120
9
7
162
219
97
74
19
47
205
1363
93
25
32
45
69
246
177
153
140
606
221
121
92
21
45
120
51
41
84
183
196
278
126
110
187
86
97
157
190
42
83
22
30
168
175
97
244
81
459
202
58
11
446
173
155
41
105
141
231
475
494
147
87
360
48
324
301
92
61
122
37
404
159
351
175
96
294
331
431
32
47
21
427
170
198
379
47
605
16
255
17
174
84
287
137
151
159
28
681
309
178
16
113
741
366
47
83
98
649
127
195
146
29
319
152
401
165
680
8
38
197
161
312
363
131
133
80
286
124
43
156
60
36
289
9
81
140
28
148
2
200
236
226
505
4
119
321
430
180
706
208
245
49
72
211
453
108
42
21
155
212
201
81
5
1054
55
190
379
159
74
243
64
128
33
300
494
546
190
280
37
373
57
203
147
247
26
755
172
120
254
4
752
159
541
207
511
77
164
259
154
242
78
533
307
101
398
195
35
215
237
534
388
217
147
171
220
237
931
159
68
23
62
63
65
68
109
58
100
173
26
535
137
105
171
254
281
150
43
425
102
235
558
83
227
183
402
899
70
130
280
189
6
25
90
1
264
262
60
101
123
119
220
275
497
358
79
11
815
50
364
41
132
58
116
122
625
114
240
98
209
17
18
435
104
118
432
84
268
122
127
304
271
336
68
215
20
394
225
95
399
8
384
31
85
66
29
50
189
37
301
55
12
57
139
164
184
62
11
93
299
287
465
179
122
303
107
27
105
20
167
194
98
295
199
78
3
113
319
11
33
3
47
838
625
115
93
67
104
714
114
33
110
219
61
128
106
224
342
167
82
381
304
37
28
109
464
63
194
17
11
347
230
103
114
7
403
359
466
41
44
40
535
244
87
460
20
155
2
8
196
95
118
39
622
425
64
47
278
135
95
79
93
446
470
985
57
288
104
82
33
380
570
258
322
6
80
507
309
95
56
202
69
509
103
346
166
18
174
175
184
127
184
762
12
16
24
213
304
147
67
165
2
86
49
212
201
18
48
460
169
9
244
118
198
151
666
64
503
170
109
44
49
210
238
169
63
217
42
130
146
192
73
373
49
47
38
55
94
330
626
261
147
11
172
222
305
140
805
253
42
189
273
550
249
121
36
87
1462
104
190
296
65
84
92
57
90
110
167
687
72
21
186
4
163
101
203
261
58
22
103
16
95
543
23
454
155
61
179
69
21
153
125
14
51
577
126
153
402
126
275
160
9
350
72
20
118
156
60
60
401
172
61
788
80
272
211
101
139
113
224
17
56
269
105
22
403
209
229
46
1
63
212
488
168
354
65
2
315
107
102
24
336
26
236
306
273
246
25
699
265
67
42
27
664
42
242
386
13
205
44
127
444
56
344
45
43
495
394
149
10
104
196
92
193
492
509
162
34
690
358
94
261
23
2
158
203
141
46
139
2
18
67
60
133
60
96
299
172
395
129
28
142
99
18
77
32
22
63
18
579
29
259
173
75
38
23
44
131
320
92
119
55
22
75
50
178
212
11
51
254
106
201
5
74
238
147
129
192
313
33
428
82
66
76
302
217
240
157
200
159
200
52
75
206
319
267
256
377
57
33
84
670
65
589
29
113
28
66
170
173
14
16
39
102
598
251
98
69
439
128
30
275
10
112
563
120
52
25
382
280
76
178
34
1
32
26
21
246
657
68
163
547
737
203
476
9
36
199
6
13
477
32
251
351
159
43
99
53
114
21
108
203
186
405
458
411
218
576
66
323
552
17
184
535
155
154
274
5
102
91
161
40
446
477
17
95
24
86
548
463
107
111
553
227
83
19
7
568
121
76
283
52
61
292
19
34
269
165
16
568
189
328
6
44
583
44
227
359
40
76
17
255
30
537
215
455
44
560
54
548
22
48
79
86
191
16
197
152
155
181
967
55
50
119
270
1105
31
154
216
129
219
21
152
69
161
159
157
35
83
245
102
498
37
252
139
88
31
72
9
85
387
189
79
47
25
93
44
346
148
164
464
111
606
75
53
165
165
71
63
39
99
63
203
70
39
1375
148
72
125
89
95
47
177
230
187
698
213
58
25
58
21
784
1758
211
441
32
80
345
9
70
55
136
115
20
67
343
195
79
83
15
216
264
444
18
181
719
22
141
218
89
116
47
372
190
63
644
319
102
44
246
372
280
167
144
10
60
442
178
710
12
197
101
68
147
15
67
246
268
307
200
117
160
81
646
251
91
266
2
124
121
111
44
305
742
19
128
56
106
52
8
213
204
299
386
92
103
191
122
260
81
87
2
276
69
39
26
195
53
34
70
31
69
347
187
204
90
91
122
152
333
67
616
15
196
452
401
99
212
116
178
110
44
49
32
343
197
165
203
122
74
1128
35
165
135
110
188
37
103
219
100
415
73
63
124
181
212
340
236
76
33
230
5
150
410
145
98
89
45
75
336
14
306
119
309
487
48
125
48
19
230
833
11
249
82
186
7
165
123
18
117
170
87
243
118
276
918
21
528
152
60
123
70
65
555
107
47
395
50
108
293
20
432
8
10
585
543
567
131
66
404
696
13
12
77
16
415
287
66
153
330
817
194
61
13
426
32
148
70
155
411
671
738
364
302
57
370
610
264
31
644
5
325
121
88
30
244
178
229
48
164
26
471
342
256
43
118
204
417
26
286
157
25
3
413
618
54
292
267
171
605
67
760
8
66
55
604
209
279
60
173
246
270
388
576
191
172
555
26
66
234
62
38
580
135
227
375
8
47
126
417
26
105
226
95
156
105
278
83
442
73
77
195
355
359
129
136
109
322
108
22
139
56
270
524
67
30
73
196
212
285
532
58
93
144
360
86
249
99
28
366
203
313
49
49
29
564
110
664
272
182
280
281
700
69
11
66
166
307
121
65
81
7
125
237
172
63
139
110
241
147
55
197
29
56
193
21
28
59
395
190
170
295
71
305
78
220
107
76
60
283
454
51
174
64
20
432
122
63
199
130
198
43
211
248
17
65
108
89
74
14
226
155
89
251
193
53
36
76
289
722
77
701
203
50
406
334
163
84
43
250
102
264
176
439
221
593
218
24
251
112
28
281
127
231
4
108
139
138
13
62
288
7
33
555
435
93
203
18
78
114
116
96
46
281
196
42
73
9
150
160
364
18
2
322
165
362
591
122
583
76
165
207
