281
125
49
404
7
43
64
71
1103
76
116
82
357
88
151
600
344
91
24
237
20
25
494
318
44
277
236
693
171
234
91
89
173
4
298
202
15
7
523
230
54
36
4
385
230
15
28
62
118
2
536
22
605
69
45
94
173
1552
161
35
407
241
40
249
7
88
793
134
289
37
450
137
14
176
322
760
14
30
341
421
140
103
92
13
550
256
323
285
68
993
890
48
313
35
224
705
644
229
613
346
225
222
261
359
623
557
123
116
153
209
16
20
343
322
102
100
85
64
415
50
65
202
7
311
27
122
114
25
40
73
151
424
358
44
45
29
82
228
98
338
24
68
186
163
45
164
254
284
559
102
324
93
124
519
114
97
29
167
64
125
130
194
61
272
267
1691
70
41
187
88
234
149
69
79
77
63
107
26
273
217
617
34
40
36
259
631
216
82
153
14
48
231
184
27
111
83
87
530
51
22
31
185
45
355
6
203
90
166
43
5
188
122
20
40
354
446
515
501
468
358
149
26
141
309
64
102
4
116
25
111
107
92
64
35
126
367
277
234
18
27
57
461
36
80
148
252
305
47
424
19
15
470
292
137
191
27
42
27
271
214
549
148
142
313
75
382
279
141
89
154
14
730
57
131
795
78
435
181
71
19
98
374
307
111
101
156
52
100
1242
16
8
122
41
378
93
151
154
184
9
194
50
358
20
133
363
174
87
75
69
55
369
410
45
213
100
23
2
48
56
200
82
25
10
29
241
198
18
18
42
110
10
345
36
347
42
91
200
25
66
6
75
222
25
52
12
17
621
144
225
10
306
53
318
47
204
363
321
226
613
73
131
112
40
181
138
86
172
224
48
20
138
7
1070
139
5
37
207
299
60
10
540
40
43
488
576
106
104
164
61
103
137
95
183
339
177
61
1017
368
246
333
27
191
119
269
390
547
238
14
204
136
319
613
311
86
6
280
76
398
207
28
81
333
120
357
235
434
28
1180
445
80
58
147
439
416
71
105
424
301
132
190
224
16
318
80
254
413
14
37
105
337
98
53
263
138
299
160
423
6
96
334
464
113
21
440
976
36
530
29
145
110
603
404
87
124
43
23
219
222
73
485
240
183
93
96
207
214
209
278
58
259
207
165
46
90
86
86
444
397
581
392
231
385
437
50
56
227
204
14
9
59
648
20
196
207
13
574
260
15
124
1191
400
163
542
594
116
541
81
226
2
119
220
94
298
214
70
103
452
385
146
356
264
258
127
35
181
129
202
28
22
26
356
45
273
43
839
146
263
158
178
883
270
135
29
74
208
2
102
138
339
46
500
402
18
309
131
450
905
245
1058
957
91
299
179
187
437
103
59
215
216
43
430
276
119
211
22
29
197
223
204
526
133
10
214
132
499
262
403
117
33
11
284
111
171
185
312
339
60
8
475
184
67
126
44
287
123
236
12
38
143
3
227
125
86
304
62
358
147
117
255
64
102
75
60
38
61
289
241
292
306
12
369
110
25
159
262
40
16
124
41
176
165
1014
101
48
350
483
922
496
210
103
86
48
4
99
162
334
110
3
333
271
93
142
219
9
35
49
462
138
167
474
103
94
144
35
436
200
72
6
328
171
151
231
67
112
58
64
109
299
150
236
352
92
432
150
246
51
397
371
85
160
37
14
86
100
167
213
129
146
28
343
102
136
384
632
62
111
81
11
86
82
143
276
228
190
37
87
4
170
35
100
510
147
18
14
93
81
101
49
234
3
200
15
39
45
309
132
62
13
117
458
159
184
303
251
143
315
6
73
89
156
120
109
244
536
135
31
157
261
29
40
69
186
22
209
62
14
637
25
126
152
273
20
600
154
47
254
231
168
54
337
49
111
180
17
851
213
152
189
212
665
102
127
57
27
322
150
142
76
128
73
64
94
92
1
47
568
29
133
307
549
157
100
317
90
529
26
66
467
78
433
48
62
60
185
279
272
620
292
126
1421
448
19
72
130
104
17
231
125
95
80
190
57
215
209
4
82
60
416
77
53
550
128
117
237
61
237
50
761
290
150
112
6
61
24
101
15
511
439
127
180
47
34
42
41
62
67
150
37
388
67
10
156
112
736
70
37
110
120
65
235
101
11
98
32
18
183
192
254
622
15
92
217
97
130
278
308
4
21
229
152
124
405
205
16
338
19
114
116
51
38
295
19
837
233
14
579
83
94
55
85
141
94
467
378
25
98
283
112
152
759
164
556
67
279
133
109
18
183
55
23
194
280
295
252
202
412
471
396
124
391
290
46
158
198
77
39
19
171
433
351
102
484
639
275
1
210
41
142
43
100
339
194
6
229
166
126
109
30
12
39
93
13
471
467
3
290
172
141
126
79
7
11
38
730
102
35
287
409
165
191
13
117
846
60
84
8
211
173
96
23
104
2
120
177
182
98
343
331
88
159
405
147
73
142
97
83
24
49
40
76
218
90
177
343
68
34
494
140
285
199
150
137
153
79
158
202
904
584
369
416
12
389
97
199
9
585
149
63
10
331
85
131
280
244
199
234
769
68
173
83
352
157
367
26
287
560
760
1358
123
49
521
39
317
351
173
256
318
126
13
28
435
222
328
121
75
628
5
74
8
127
196
107
4
178
63
433
26
140
154
14
180
39
437
3
106
240
131
122
82
140
110
91
4
94
177
500
8
290
165
6
36
91
340
40
250
95
259
314
90
145
129
336
45
32
143
310
123
162
177
18
208
367
2
150
159
84
39
34
378
27
4
70
289
130
100
236
142
392
21
536
606
76
147
341
76
313
159
924
48
79
405
121
558
187
44
59
74
359
155
7
432
93
27
206
756
35
11
180
50
83
56
136
18
20
401
57
39
26
254
47
217
301
285
2
205
63
76
67
376
649
21
3
140
42
181
247
214
184
664
26
431
121
792
283
215
409
39
393
59
136
252
25
148
152
37
302
101
209
229
115
113
224
280
35
64
184
21
50
93
367
294
23
284
43
22
21
74
150
174
3
53
184
44
137
51
9
124
102
15
450
167
206
9
289
408
27
1025
751
66
945
106
285
173
767
75
435
94
814
93
298
228
215
3
133
314
46
494
190
134
19
270
145
48
486
98
413
67
32
226
6
276
567
305
17
661
280
56
47
145
752
493
39
158
82
252
152
20
47
125
99
163
218
252
87
364
88
437
132
71
15
161
336
19
16
49
94
724
9
122
38
53
265
255
30
250
40
232
126
222
165
123
90
119
153
144
182
196
39
232
495
230
81
15
263
374
138
35
11
26
12
18
31
42
2
68
462
42
512
131
91
11
106
45
92
107
243
408
303
256
223
205
85
229
607
455
150
157
102
294
91
100
181
128
344
4
201
363
165
120
441
419
205
276
1453
253
17
36
294
275
304
58
53
81
308
1
163
517
68
219
15
557
108
54
11
43
61
80
163
74
12
116
1155
414
11
51
218
278
4
445
515
77
341
71
82
12
19
350
89
60
116
221
451
62
32
171
107
6
379
236
326
87
35
170
283
231
246
510
354
288
161
58
603
795
123
513
169
354
653
320
36
50
290
741
86
15
86
317
61
814
80
210
140
87
138
258
64
274
10
58
5
541
442
90
53
86
186
33
183
99
582
7
96
88
96
806
1600
100
209
284
299
67
295
248
404
102
154
58
57
248
403
178
396
36
18
344
264
59
145
766
43
42
113
26
1121
112
277
11
145
1036
147
312
256
92
187
88
49
73
177
707
697
119
71
67
12
14
6
232
5
275
303
92
47
101
208
23
187
108
226
143
210
87
67
232
125
460
183
7
591
184
323
38
80
11
344
207
105
830
124
136
63
21
84
58
182
479
222
147
101
148
76
216
60
214
21
248
630
284
395
35
168
157
39
187
323
350
60
651
340
699
709
53
48
322
131
150
105
82
110
86
30
36
33
293
66
351
717
182
281
9
376
26
221
21
164
141
125
73
295
133
65
320
826
95
48
163
348
15
305
1
220
11
45
763
7
16
284
138
281
159
1393
14
88
63
551
607
199
165
845
54
415
116
408
645
295
398
45
71
85
253
606
636
2
165
163
346
29
306
348
4
30
53
113
92
151
525
34
145
500
544
197
172
109
2
301
222
119
20
252
36
88
65
57
707
460
64
284
296
815
15
245
124
215
314
95
243
384
99
43
483
320
60
55
146
185
89
65
389
698
580
439
148
144
148
18
149
202
10
637
26
119
16
255
192
239
357
292
9
35
497
5
837
134
202
65
124
669
189
258
38
31
284
116
619
344
45
836
346
88
52
471
95
271
486
67
974
131
113
26
175
193
267
246
72
9
199
303
6
100
400
179
762
190
84
230
62
196
5
162
311
8
190
551
65
110
218
468
339
15
30
158
262
276
10
103
30
93
67
98
13
24
42
112
92
406
798
152
127
189
224
138
13
143
129
852
293
98
95
40
7
98
636
282
25
107
3
88
140
50
22
79
192
237
188
425
31
56
110
135
332
337
326
190
2
118
162
174
5
422
15
332
75
40
97
10
177
336
299
487
23
40
13
109
726
12
29
237
351
500
428
211
273
190
7
307
239
87
14
369
109
135
264
173
6
11
91
76
49
139
114
143
101
233
184
19
199
123
265
243
220
482
10
248
587
259
604
1
538
179
228
133
171
32
77
94
69
117
77
10
66
92
13
228
147
5
205
84
72
141
86
363
194
19
16
598
76
49
25
84
53
90
159
338
74
28
280
37
503
206
29
80
69
209
243
9
90
72
164
309
504
31
439
26
93
34
177
58
654
137
10
728
348
247
68
268
218
11
528
6
121
304
39
352
700
511
92
79
143
139
46
195
205
213
53
220
76
221
224
18
50
75
57
37
222
147
810
275
469
427
247
27
33
357
62
344
60
25
7
81
67
110
455
205
360
232
50
235
170
5
461
144
206
285
40
65
115
151
41
540
144
509
512
251
904
190
239
37
77
137
208
697
246
258
112
52
20
48
222
137
773
124
70
46
1171
67
63
283
147
75
501
770
41
347
93
32
219
310
55
79
151
221
28
56
155
468
10
91
51
160
93
130
19
13
89
104
65
216
517
34
6
68
224
36
372
174
345
399
180
393
27
85
134
181
90
55
56
72
134
196
60
93
15
28
40
281
12
677
230
5
144
24
311
254
105
88
197
151
3
106
475
40
12
411
3
169
45
33
2
23
558
39
116
230
135
8
56
75
345
80
208
360
94
90
87
250
161
4
434
88
209
107
123
565
45
31
31
55
128
60
274
84
14
302
54
365
78
427
899
86
167
150
335
495
335
263
785
51
1
48
45
17
103
186
341
40
45
865
27
176
650
539
16
432
1092
313
80
154
51
115
378
78
216
42
10
110
23
31
218
9
28
179
90
15
507
321
65
299
35
359
115
559
114
208
86
120
82
35
195
336
346
166
711
153
579
155
111
387
139
189
22
327
286
101
97
9
337
491
371
122
217
242
297
737
192
635
195
183
32
112
55
12
253
52
52
29
265
99
60
13
47
56
254
1513
46
128
137
11
218
623
56
308
275
46
9
248
47
150
229
265
736
262
148
1142
128
133
44
24
329
34
13
52
107
57
215
599
52
58
32
140
4
6
520
40
535
158
94
141
416
22
6
22
346
322
6
243
194
131
43
71
107
361
169
442
62
496
300
349
17
281
2
29
102
77
11
438
45
150
25
14
59
149
419
322
36
639
152
179
218
122
54
92
63
7
276
513
430
206
213
204
125
189
699
7
68
27
142
4
1
158
363
116
588
266
38
284
585
28
7
110
16
277
14
380
164
534
294
159
89
475
179
58
164
7
29
199
32
348
450
141
60
177
78
4
151
288
166
284
174
337
278
71
71
310
33
23
569
78
7
80
274
69
183
88
3
346
348
244
100
451
153
31
90
53
172
156
156
264
114
109
594
27
25
218
264
21
220
85
156
174
32
38
15
125
108
141
578
99
178
94
111
475
125
163
36
216
344
18
137
398
414
48
103
286
304
76
289
69
145
192
580
228
581
81
81
43
137
18
548
261
42
22
186
149
119
51
1245
203
139
15
402
126
240
119
283
3
194
96
267
17
75
343
50
42
132
104
136
82
2
78
9
112
183
236
61
140
625
124
215
150
65
64
23
596
115
65
73
291
256
85
671
64
101
237
445
61
6
79
131
372
379
72
304
222
6
71
238
239
43
113
105
68
6
320
200
333
85
237
320
140
101
6
265
291
344
348
657
214
15
96
45
293
197
545
32
53
446
105
39
10
13
31
762
126
377
22
350
207
98
159
126
71
38
179
70
160
90
202
457
255
76
44
148
57
221
935
185
134
352
400
550
183
47
115
171
48
13
800
10
30
59
148
1941
339
314
159
410
249
143
103
202
100
236
270
67
144
5
16
15
102
235
378
42
130
743
3
402
60
45
175
190
15
87
31
167
78
52
279
211
112
131
54
174
47
85
80
69
449
123
204
605
149
163
432
21
491
117
104
974
557
5
99
340
77
327
307
314
220
216
102
317
747
45
21
185
71
204
195
78
337
122
749
24
3
254
368
340
52
100
1169
165
40
137
52
510
382
124
219
303
73
136
7
113
255
77
310
11
97
34
193
26
310
51
52
429
194
235
534
122
355
82
3
211
139
339
66
34
263
427
369
21
64
86
151
211
27
47
618
262
304
238
219
103
110
229
93
15
226
46
248
19
53
139
146
328
3
101
12
253
24
86
51
310
48
14
28
150
267
595
19
518
102
66
120
373
111
128
54
593
25
46
17
298
7
358
111
9
111
392
109
295
56
399
161
87
87
246
100
19
48
87
147
97
271
33
2
23
177
612
135
59
128
402
67
150
525
1184
135
364
8
13
172
121
128
32
110
290
145
159
56
83
68
552
113
78
476
285
249
322
323
47
209
45
393
171
479
81
245
95
75
33
271
13
16
409
53
200
63
129
26
19
557
58
322
598
366
111
177
310
68
147
11
6
14
125
1074
542
436
32
58
16
82
102
6
33
326
20
12
132
93
100
39
8
17
287
229
87
189
382
14
28
316
341
108
547
583
43
42
295
136
452
154
489
373
128
778
361
1
36
168
168
383
457
69
82
192
306
607
345
122
51
50
458
206
51
15
36
81
1
83
28
85
128
201
113
727
261
63
361
59
20
134
134
227
372
218
29
366
43
263
286
516
201
149
112
176
54
64
218
24
759
572
64
105
269
247
429
238
1027
37
20
129
394
196
160
216
160
18
325
96
363
52
68
107
206
10
63
251
74
97
24
5
223
20
228
853
150
4
58
350
168
155
296
549
107
437
315
120
323
573
545
50
151
275
53
36
67
117
43
129
427
392
455
200
23
126
11
263
201
479
53
6
47
363
58
58
222
65
655
160
387
50
83
229
12
232
35
61
10
685
41
206
88
57
29
91
299
86
74
202
352
356
54
334
34
25
27
92
144
427
151
70
116
133
9
112
37
155
83
198
482
127
122
86
20
40
206
133
202
185
175
8
378
78
101
147
23
3
48
179
321
448
231
417
273
476
70
127
176
441
286
8
73
99
114
13
118
103
759
21
25
240
55
193
103
4
170
86
53
300
160
165
86
180
81
77
115
58
163
35
1
109
31
23
30
289
285
182
246
265
104
33
24
235
370
104
35
202
80
82
38
53
101
61
631
87
20
139
207
407
145
43
16
456
479
70
300
50
72
24
36
22
474
119
1046
54
44
288
290
1
627
90
8
327
49
6
97
206
79
28
704
249
16
192
113
44
48
463
15
759
31
23
11
146
42
193
181
171
73
105
357
7
126
32
104
145
248
152
88
5
17
299
132
78
88
331
220
64
511
16
81
389
173
114
181
20
225
33
49
160
104
100
570
264
176
62
76
756
307
309
170
34
31
362
255
358
240
139
87
40
195
323
82
62
29
64
680
6
140
91
201
181
570
26
207
45
282
27
68
102
169
35
242
304
3
166
233
768
218
289
3
15
193
501
81
47
159
36
78
194
154
115
18
265
178
82
122
202
32
799
72
171
108
86
95
278
491
10
395
17
6
3
34
41
550
22
9
67
302
760
305
61
87
94
66
179
53
27
397
79
204
551
334
470
435
104
46
1290
305
50
42
13
309
3
59
388
77
418
208
227
1
561
114
115
57
9
102
96
744
502
78
210
361
535
268
95
295
258
281
163
64
396
16
111
35
392
275
146
51
185
326
40
189
190
81
256
55
29
19
480
32
136
61
19
12
280
127
168
15
9
170
159
289
183
104
66
173
1
9
234
361
135
203
38
51
467
142
310
14
43
125
174
68
679
15
48
86
7
401
215
3
113
37
43
86
452
153
80
238
54
146
905
11
180
270
193
220
14
604
103
39
191
24
99
36
324
24
228
123
57
58
108
8
79
3
325
367
13
65
390
97
233
146
28
136
329
38
19
1248
236
199
110
273
198
17
518
278
328
251
59
413
247
111
46
329
132
168
307
296
59
502
284
265
369
90
486
136
410
125
274
133
257
129
323
218
74
458
93
59
28
41
306
307
175
209
776
44
5
56
203
100
126
50
142
12
146
81
55
23
93
190
83
193
118
98
177
156
173
162
142
19
61
304
49
23
416
212
69
75
100
110
611
224
157
105
41
417
429
229
21
24
263
19
50
22
130
54
501
247
44
142
242
448
10
276
176
130
115
208
68
124
101
124
110
72
38
38
120
571
118
200
171
1049
51
352
79
404
320
392
7
48
297
233
499
149
218
69
6
56
618
70
241
42
38
231
346
231
413
227
169
50
12
93
381
729
683
54
43
12
252
14
58
341
285
135
252
12
202
174
293
131
712
269
401
56
48
97
7
589
6
163
102
450
504
13
45
755
497
40
595
7
446
201
1
3
119
304
58
309
359
287
28
738
403
177
247
185
83
339
4
548
377
475
97
92
169
349
879
212
417
3
77
97
80
73
321
1206
776
453
61
51
127
591
148
55
398
495
275
122
261
49
364
48
102
72
169
61
448
290
225
93
135
155
193
471
92
314
58
240
82
204
20
21
21
50
122
137
7
64
20
48
462
299
213
12
173
297
180
108
26
570
340
49
58
8
282
194
241
303
12
280
84
66
226
89
197
196
152
236
66
220
124
142
252
220
252
129
30
357
229
443
340
100
13
1080
135
62
54
292
89
503
4
149
219
166
156
40
69
41
117
137
92
177
31
41
95
5
91
41
221
121
218
671
471
26
33
53
98
113
34
327
257
354
6
19
347
239
327
576
227
426
771
68
443
816
7
75
114
585
8
193
187
17
606
29
206
19
500
37
649
51
46
105
143
21
13
57
38
89
41
61
259
225
5
38
70
65
197
40
302
144
62
560
52
197
165
25
200
58
71
292
17
321
222
129
306
68
46
145
484
238
880
606
245
135
161
689
402
88
1214
67
209
289
225
5
215
128
21
370
343
141
74
247
120
305
113
25
615
496
195
27
19
79
25
14
55
49
202
49
266
172
351
88
194
248
815
124
399
126
282
126
138
264
14
100
195
62
632
218
296
133
176
7
177
81
14
389
67
255
115
39
418
294
96
82
194
80
1
168
213
542
81
90
72
304
309
542
1204
327
77
224
82
121
120
478
31
62
526
337
33
354
49
347
23
53
149
96
493
169
204
95
230
215
48
26
47
125
295
38
336
115
38
488
16
60
222
32
81
34
97
201
134
85
77
386
19
256
250
413
25
86
448
202
120
451
94
158
154
168
109
218
34
215
295
93
308
71
315
390
171
133
248
54
69
8
44
231
81
130
1245
107
39
161
390
339
70
94
101
222
630
368
50
227
578
115
665
60
177
564
123
406
28
50
303
284
449
203
97
119
40
45
5
337
102
7
255
23
103
67
117
269
130
2
289
48
640
47
43
1178
596
151
103
260
24
308
12
162
806
386
144
1034
351
12
6
25
109
192
287
107
325
69
65
50
121
285
259
766
335
416
136
54
234
92
119
242
124
17
183
46
174
91
76
456
75
235
368
169
52
20
88
90
93
150
58
318
172
279
428
104
652
338
135
363
660
264
147
297
817
127
12
137
12
332
186
119
145
48
442
210
34
50
715
71
340
178
77
93
447
191
21
205
248
407
105
430
64
407
201
210
75
309
228
118
26
324
71
210
35
43
44
11
413
265
38
67
247
160
4
14
307
574
82
162
46
86
14
227
126
975
455
279
528
83
73
66
357
509
104
54
336
226
92
229
103
79
191
21
118
586
135
50
776
73
209
264
115
7
404
269
262
67
145
50
35
448
92
122
179
254
5
208
441
41
191
222
21
219
10
58
65
308
124
100
160
53
41
132
54
39
345
329
182
449
306
500
39
238
445
202
31
249
86
10
207
240
268
92
220
99
75
598
70
156
60
91
490
51
41
348
66
133
149
364
579
573
20
110
946
121
139
248
169
99
222
80
39
220
28
84
35
21
85
31
114
35
317
29
352
285
841
141
20
34
37
3
1004
147
517
6
124
85
105
308
74
46
93
19
111
3
303
94
683
93
41
131
128
10
177
478
102
64
4
807
9
362
152
254
74
229
394
282
68
4
111
42
29
174
527
207
41
27
63
128
351
271
590
84
7
20
268
28
14
39
326
116
81
214
1
172
318
122
169
83
3
178
589
122
35
492
483
8
17
396
297
395
341
259
389
345
176
209
585
120
199
372
644
300
3
46
158
109
246
359
342
53
6
205
750
88
383
168
800
7
177
160
13
781
91
325
51
263
114
149
141
269
50
197
45
188
869
157
263
70
205
305
126
185
167
52
22
406
4
408
461
22
5
843
138
136
53
109
121
186
269
4
72
19
76
361
78
64
941
46
254
128
153
53
126
86
241
414
140
44
332
26
146
116
161
114
8
64
152
937
10
234
137
419
339
330
266
284
53
352
188
41
61
118
221
18
399
17
87
168
639
278
253
178
299
664
40
196
54
112
255
472
182
635
158
81
26
111
210
207
489
9
63
599
246
505
224
48
322
26
67
295
369
39
173
144
253
74
280
288
52
63
181
146
312
21
171
16
433
231
168
253
123
108
56
116
1134
346
146
120
143
149
22
106
25
79
172
20
129
346
676
146
284
80
72
32
105
146
24
64
93
163
84
37
10
34
206
12
219
71
145
187
77
11
61
431
83
65
54
144
64
174
89
7
35
93
77
19
79
83
149
162
113
50
37
33
580
43
113
228
366
248
79
123
210
43
11
12
217
78
111
476
112
93
73
475
87
90
132
183
144
105
8
4
145
18
176
319
150
39
105
207
57
206
593
279
4
32
191
62
356
695
89
100
90
242
7
52
392
138
669
485
6
69
247
54
221
289
132
46
58
128
50
290
44
450
263
44
7
363
532
76
42
622
178
11
172
322
190
152
315
42
67
51
7
62
116
56
149
23
18
115
222
38
88
78
185
135
90
131
103
477
350
128
219
52
4
520
226
190
616
365
394
13
71
241
295
82
784
158
76
37
674
149
114
16
34
14
687
219
416
57
485
253
711
131
310
635
447
9
88
327
335
200
90
666
49
130
179
49
509
27
399
51
9
129
68
250
308
47
100
422
208
27
123
85
424
160
227
152
320
97
102
285
311
395
43
692
174
217
521
87
240
109
178
299
169
60
12
78
65
116
165
330
101
237
6
178
478
89
11
161
219
472
237
173
79
590
363
89
69
78
75
452
179
84
139
154
34
337
230
407
135
496
291
85
41
146
238
670
60
12
49
379
293
153
49
18
245
305
96
203
173
140
92
258
256
65
46
117
275
11
41
7
30
61
426
188
112
26
201
246
716
59
16
125
262
36
7
337
14
255
139
151
5
49
337
114
12
16
462
207
200
378
224
47
290
166
96
530
411
1245
23
295
566
9
26
215
143
212
76
6
95
179
123
758
161
115
126
81
104
11
96
145
118
11
92
146
299
98
81
390
191
190
129
353
453
684
117
494
107
361
75
245
122
234
27
31
113
25
52
122
110
1100
7
207
37
130
167
319
104
288
99
36
20
102
43
63
107
12
260
542
20
143
95
156
695
303
620
103
63
37
21
163
187
37
359
371
25
471
223
184
269
42
336
366
20
280
322
47
487
325
58
201
157
118
623
584
109
20
1171
88
5
131
37
22
71
68
90
30
653
20
39
46
244
200
119
19
268
11
578
127
214
36
433
33
22
95
178
12
34
83
455
344
931
477
199
65
231
162
303
301
250
283
215
184
16
151
266
84
139
197
89
184
280
166
20
366
119
2
477
261
94
227
447
359
337
64
289
1014
314
198
383
52
256
180
328
140
123
307
248
56
44
311
404
409
34
467
542
66
186
5
204
151
23
281
338
209
131
91
573
418
137
204
548
37
231
59
99
82
78
297
1941
211
754
338
101
62
211
160
12
61
584
12
185
275
54
227
20
268
77
592
203
63
143
43
749
142
207
94
64
59
663
82
353
214
87
595
631
133
435
82
251
321
41
256
249
100
134
5
269
318
1
277
105
54
102
87
147
91
828
158
110
27
152
309
3
163
36
104
217
610
83
167
269
27
93
185
724
43
113
360
94
263
160
126
479
162
165
214
240
17
114
82
434
151
3
465
639
413
183
91
249
335
83
3
168
230
481
57
135
181
129
199
44
225
78
293
448
263
57
25
57
48
13
65
339
303
56
543
225
85
43
769
104
514
10
492
52
33
158
38
123
288
414
99
4
735
5
69
46
819
160
46
133
157
68
407
122
456
464
183
282
524
347
92
28
399
135
828
83
105
91
400
36
174
263
168
50
45
241
201
301
58
104
395
81
14
406
178
30
197
142
17
100
322
248
195
93
537
144
102
25
165
318
306
925
209
883
18
321
29
276
93
207
42
177
141
72
1525
481
416
69
112
111
8
94
89
108
317
247
31
347
328
91
568
193
87
108
69
113
79
82
301
463
11
535
37
257
4
138
299
388
30
116
131
399
180
15
48
379
496
334
54
664
78
136
19
600
649
2
157
236
34
1
90
56
39
386
70
66
273
193
10
139
276
46
232
420
83
125
45
62
771
119
214
79
151
136
291
59
742
113
37
57
447
171
79
43
52
261
93
166
142
627
233
742
13
69
216
90
82
25
92
59
589
128
176
29
133
613
613
81
259
118
204
105
84
105
81
145
215
626
543
263
182
102
308
286
98
140
271
12
25
41
899
282
281
368
480
128
246
13
383
84
143
453
34
84
288
125
59
80
422
9
54
303
290
112
211
227
2
272
833
157
224
111
161
12
71
184
56
60
42
178
425
295
183
266
200
11
441
69
44
18
66
171
56
161
55
24
336
446
41
1
36
58
132
42
291
303
121
443
477
58
100
484
226
124
52
1151
240
99
514
7
130
175
47
56
206
265
251
27
4
491
28
91
296
121
128
106
163
457
12
584
634
13
56
929
20
179
184
339
249
10
154
113
197
663
1093
352
375
381
87
258
53
182
8
2
5
61
11
198
14
259
485
20
35
31
30
98
48
232
452
109
271
164
402
338
103
251
530
47
748
66
306
291
204
30
14
48
366
203
21
704
219
505
321
283
969
307
572
58
78
192
59
27
172
75
148
24
301
219
63
85
422
54
24
242
205
16
85
83
423
97
583
35
529
132
125
119
219
28
1031
80
542
181
311
86
258
148
174
362
578
883
57
73
25
299
460
169
393
70
694
375
142
31
107
144
218
284
192
302
21
34
20
644
305
39
174
181
108
62
177
23
76
46
13
56
696
330
43
2
30
5
1
70
332
104
299
559
439
115
565
121
549
237
146
17
339
61
227
126
180
119
163
197
146
37
412
106
117
17
136
58
153
366
132
80
180
143
307
567
369
161
19
61
153
106
1
48
46
21
22
217
515
351
705
239
102
19
346
33
58
40
300
26
79
212
105
236
96
198
214
193
808
131
228
22
738
340
285
131
82
62
361
669
313
1
306
49
6
145
3
460
359
159
134
6
2
257
279
50
107
308
17
216
857
566
72
620
12
65
126
182
335
243
363
61
70
109
108
219
236
83
147
42
87
123
156
966
71
214
122
367
214
373
46
87
277
1363
144
458
69
830
64
411
125
229
7
150
61
91
281
28
450
318
96
206
225
8
76
192
29
102
111
173
311
146
215
170
97
13
366
23
493
890
312
47
81
344
75
353
51
656
35
68
89
126
188
769
103
59
217
21
217
55
156
160
47
87
152
316
51
429
299
364
432
39
23
21
226
18
154
82
118
44
122
104
6
64
40
3
373
481
460
54
60
336
210
683
8
274
99
18
345
163
308
123
411
66
300
201
818
301
156
72
459
415
573
84
12
133
10
208
8
220
340
104
144
21
166
29
23
563
60
21
582
147
72
109
62
417
343
139
599
160
27
17
68
220
97
165
360
248
27
427
259
4
223
181
53
110
15
119
749
4
204
21
177
164
257
62
40
97
261
703
137
102
11
24
4
16
2
24
612
475
71
334
97
74
42
95
120
117
501
102
501
478
138
513
601
322
110
204
117
14
124
501
283
214
14
568
53
120
148
203
53
93
110
196
44
256
163
504
105
38
357
172
519
96
64
4
126
250
268
65
182
6
119
330
20
2
403
45
297
854
20
94
246
276
77
184
16
68
119
810
171
669
140
214
248
11
399
109
299
24
739
1187
489
52
176
239
16
131
29
189
50
253
91
34
200
5
301
25
204
419
839
512
200
146
176
108
243
95
211
278
274
34
107
263
95
120
55
54
137
115
140
1089
390
150
116
105
131
147
166
202
55
47
298
233
133
409
248
254
11
216
129
55
123
84
70
136
235
84
56
225
93
181
180
63
239
30
458
33
579
505
104
258
543
369
429
345
59
106
129
150
197
11
206
241
49
147
355
98
65
96
464
380
540
2
824
116
125
25
310
978
550
55
1233
8
142
40
377
124
67
394
117
451
3
153
564
156
154
423
47
193
65
450
877
44
198
17
51
186
187
416
193
32
176
360
3
79
125
129
227
81
27
71
32
708
144
586
191
293
35
607
173
133
161
11
271
270
28
160
356
662
68
224
95
105
54
108
17
113
4
335
374
290
167
30
19
1131
35
674
96
759
10
191
12
95
228
403
413
22
77
142
70
325
100
187
144
39
124
6
327
70
23
28
71
224
181
29
274
74
231
24
112
90
92
19
267
301
636
44
165
138
73
97
14
141
147
193
585
114
9
14
289
563
99
47
118
169
114
101
162
82
163
278
106
243
149
548
224
62
104
270
120
266
107
626
171
159
1053
138
15
291
873
61
138
138
56
221
38
165
144
93
509
182
624
20
120
97
27
14
444
144
279
10
217
49
42
84
47
139
387
415
269
86
146
242
144
42
287
761
347
84
133
373
52
252
303
41
31
93
2
263
99
67
122
139
299
548
100
1
82
6
394
51
67
595
16
326
70
76
283
119
51
48
52
627
343
103
209
526
159
55
50
149
28
115
234
82
375
133
1
275
67
429
134
392
136
536
79
83
68
70
288
52
216
11
347
41
3
122
450
13
44
30
8
99
8
516
84
196
102
10
52
257
87
511
535
588
204
59
31
107
472
193
6
78
434
83
177
85
18
302
173
37
18
354
560
186
6
318
6
69
109
101
130
111
331
19
23
136
120
124
195
134
156
431
148
167
28
34
10
188
71
90
127
226
229
214
206
321
634
43
14
21
93
476
100
235
446
110
211
85
28
245
19
89
156
302
550
210
18
37
579
133
404
69
14
388
516
166
15
569
224
84
145
212
40
157
354
243
330
12
486
44
86
255
16
37
54
18
225
21
485
199
58
351
838
275
170
348
49
17
92
86
778
173
30
104
57
398
398
849
262
48
655
174
57
364
83
102
483
222
398
69
57
104
33
355
332
1502
516
155
114
84
456
226
212
78
108
210
115
4
310
105
324
49
180
431
113
823
375
431
355
143
86
115
41
558
9
8
127
109
295
322
500
14
57
525
116
19
164
149
17
280
25
41
30
131
74
80
773
227
318
321
51
218
234
183
71
64
159
81
13
125
130
60
131
170
48
119
10
132
133
3
835
106
172
401
335
142
84
809
115
7
182
215
67
69
38
229
197
10
144
562
209
234
29
102
102
291
339
516
37
48
363
565
110
509
26
89
427
471
202
284
340
283
420
79
41
202
318
114
223
135
955
115
62
273
157
164
111
34
71
100
118
16
734
756
29
336
500
462
90
91
385
106
186
33
134
1
12
10
66
118
106
111
62
268
496
93
53
491
298
361
25
52
139
617
758
202
79
47
88
18
55
227
97
155
278
22
136
54
2
628
14
33
69
63
356
22
170
103
116
134
29
138
578
33
515
368
206
64
229
342
8
368
127
258
78
176
226
23
41
517
23
462
73
359
50
8
103
28
38
294
28
31
216
112
229
51
64
333
134
20
85
621
317
118
761
132
137
365
64
56
12
72
101
140
413
190
176
81
493
298
196
138
802
179
737
140
115
393
15
7
274
30
544
147
219
144
215
5
117
112
446
42
368
579
442
130
93
122
53
87
148
78
332
241
102
96
38
44
159
329
340
302
93
70
152
1
487
2
93
140
109
81
92
48
131
303
167
206
23
38
132
438
180
105
170
179
136
480
334
172
167
35
710
103
8
70
236
141
4
55
595
42
104
90
957
39
28
16
93
460
24
108
26
81
256
2
260
128
22
109
516
72
60
90
687
89
30
254
116
240
230
388
43
112
20
41
152
153
38
116
50
58
31
232
105
216
251
120
13
271
309
945
2
194
190
43
47
43
299
819
61
403
349
382
399
220
462
72
49
84
46
352
1
312
218
79
14
119
185
101
78
449
339
162
7
99
368
299
13
157
309
88
26
422
175
166
246
117
653
14
278
55
10
156
170
243
398
145
70
397
199
387
54
144
41
425
114
9
92
177
398
33
252
545
116
45
75
223
111
98
28
221
73
127
265
49
278
64
210
68
276
219
62
41
134
66
186
176
25
192
367
116
519
363
354
228
27
436
175
46
236
52
704
32
146
395
147
376
80
408
210
145
166
48
42
16
271
665
141
27
119
272
26
135
148
150
24
96
153
180
44
151
33
309
302
97
138
366
419
284
15
681
46
488
84
121
73
170
195
115
8
322
66
205
69
56
460
54
63
227
142
166
36
89
108
734
165
22
344
111
138
196
240
27
97
9
32
524
268
12
261
214
14
287
506
28
212
156
63
15
257
11
85
205
248
275
14
323
10
405
153
52
70
125
499
1567
644
74
148
298
351
61
196
226
40
1227
33
191
261
170
339
54
191
358
344
59
69
21
212
92
227
20
33
123
102
202
100
84
117
625
128
257
28
60
370
209
230
84
49
22
60
412
234
6
326
41
39
113
171
33
236
402
195
8
215
497
33
373
283
985
10
17
128
21
112
123
436
333
184
129
360
43
43
77
2
359
406
27
26
317
119
1
223
178
289
321
140
1076
28
31
192
445
247
190
126
340
251
196
52
140
227
484
44
15
252
28
401
31
23
143
354
164
4
15
10
498
243
77
187
231
23
502
157
15
19
82
404
100
47
391
74
33
94
5
608
149
50
405
76
152
155
8
616
152
186
31
57
80
287
97
89
166
22
484
17
210
167
409
163
521
84
188
153
65
404
3
52
543
77
118
96
223
449
60
188
25
283
81
215
99
777
197
194
331
80
45
269
383
52
231
433
26
291
219
67
140
13
547
193
64
375
24
13
80
199
163
95
74
54
22
208
292
25
146
251
43
53
46
1134
888
445
18
223
62
89
36
472
153
169
234
40
22
384
124
77
89
498
36
76
236
5
60
156
50
208
96
116
15
128
239
72
125
19
53
46
58
46
173
250
40
265
3
119
175
189
115
19
253
209
35
578
123
77
611
206
181
293
93
13
105
529
308
15
303
15
25
55
163
191
267
904
82
186
134
107
128
186
76
62
120
114
123
59
97
156
227
50
368
101
139
73
277
242
523
234
151
324
176
1
59
26
323
890
1016
643
158
161
25
159
262
260
241
183
352
245
357
79
64
143
1076
36
192
96
56
23
503
144
102
753
78
41
2
125
67
536
55
69
121
319
122
90
209
73
239
44
415
52
298
152
495
252
43
110
106
630
196
229
469
397
38
2080
384
617
19
189
7
2
59
331
80
161
5
44
97
334
296
910
10
49
292
53
30
4
213
56
109
38
52
39
92
7
253
1184
162
562
85
277
58
96
74
118
29
236
611
106
182
5
85
125
207
153
657
256
321
161
245
109
6
202
721
169
31
66
2
336
206
56
52
66
129
38
296
376
217
164
656
180
68
226
543
349
323
148
23
144
26
114
283
121
121
111
98
11
101
361
23
3
39
113
304
351
180
131
22
98
167
677
93
155
320
137
32
988
139
798
155
82
212
275
77
173
294
17
172
7
211
456
37
413
13
156
204
52
354
92
389
32
82
43
18
64
347
35
230
189
169
41
43
31
72
154
906
267
437
196
59
31
292
201
118
102
9
18
7
157
285
417
229
533
72
828
188
7
101
76
84
8
226
409
180
21
73
347
126
181
165
153
251
53
594
40
64
74
252
6
307
11
71
1
77
63
207
166
9
66
435
176
4
88
82
58
400
180
59
180
154
154
99
289
387
90
274
203
21
9
144
349
76
57
243
253
187
103
97
189
16
229
5
164
232
88
467
1
254
53
17
325
18
217
342
265
36
348
10
17
119
280
251
97
201
378
174
665
128
68
97
68
1007
31
398
317
113
164
174
65
126
370
12
95
18
315
29
81
257
27
20
161
579
78
117
19
86
312
415
211
552
189
89
48
225
295
343
340
111
45
107
232
2
126
325
47
188
128
125
507
47
765
124
13
75
82
218
307
212
51
420
213
26
294
382
132
179
464
206
26
527
53
69
76
366
91
67
35
341
611
308
78
433
82
16
178
88
25
42
318
85
147
51
344
54
428
62
212
332
19
112
38
73
80
563
252
11
5
325
12
723
49
493
361
195
88
46
17
878
234
223
476
333
64
445
682
175
308
367
286
909
21
190
102
1
421
571
493
79
29
3
247
111
639
146
51
410
107
122
122
46
330
189
95
6
68
46
417
164
7
215
72
98
499
804
46
171
1036
252
103
566
195
470
418
192
181
20
254
232
24
308
183
22
566
86
533
169
182
348
72
217
461
208
55
370
286
218
641
214
141
148
29
292
196
341
72
19
59
1144
5
248
63
137
90
401
66
14
287
188
117
289
649
128
96
171
3
327
11
27
1
827
632
128
155
63
137
114
230
128
316
109
74
40
495
51
170
300
259
317
152
463
70
95
160
224
41
13
153
73
114
40
204
98
193
144
147
141
333
302
243
136
306
102
49
535
75
647
4
47
477
105
94
327
360
89
257
7
272
166
37
727
296
939
32
303
128
117
115
28
91
50
1
722
143
333
378
98
524
7
124
201
38
196
439
63
682
275
24
111
46
97
283
7
33
12
295
42
51
451
28
96
37
127
43
350
863
98
310
166
122
25
200
189
173
1375
32
361
336
538
74
328
116
220
192
71
409
51
257
248
70
89
452
23
121
176
381
13
556
234
16
17
331
51
51
319
482
563
228
205
250
205
429
53
7
105
150
39
120
227
42
164
349
33
144
268
222
668
153
298
333
29
53
30
25
256
483
567
221
237
139
108
52
571
91
374
68
114
265
226
200
622
76
5
227
120
50
72
134
88
281
37
293
733
54
156
256
75
78
439
16
88
17
133
29
59
61
453
53
111
631
100
93
541
52
139
113
62
257
108
315
371
1
148
239
75
154
229
45
10
14
172
13
382
92
289
112
83
8
252
187
467
97
146
370
355
2
127
96
122
47
71
236
393
264
51
44
18
13
160
80
75
250
7
69
694
296
290
79
70
30
266
414
54
219
361
118
48
253
142
158
254
76
284
143
40
93
280
178
19
43
258
26
375
328
98
30
80
39
181
61
170
722
130
49
197
522
259
314
840
97
69
216
185
36
44
313
512
74
225
491
576
318
97
315
264
386
382
237
101
530
600
440
638
498
164
150
28
287
35
251
103
1219
175
39
136
83
186
71
161
476
214
534
29
43
71
313
100
83
273
299
132
382
27
17
180
77
234
112
206
53
244
62
13
150
55
63
196
448
173
2
410
139
121
25
688
40
349
297
180
246
127
488
270
53
2
520
596
135
226
60
471
403
147
251
447
461
50
351
15
86
72
28
7
98
492
219
191
5
523
195
118
94
150
89
37
348
16
265
382
254
107
15
139
219
89
160
42
5
166
125
282
240
158
15
152
358
901
137
17
122
33
115
104
261
142
17
189
387
103
7
126
59
455
203
388
20
168
132
171
285
108
141
116
102
231
130
46
17
251
54
47
227
207
151
63
26
22
291
276
4
214
170
72
78
48
121
56
19
19
114
4
605
3
1567
260
96
230
45
52
79
51
56
238
90
31
116
40
422
20
348
24
131
22
76
48
23
153
263
302
12
123
162
356
105
225
251
16
8
21
77
29
280
271
177
17
207
766
509
197
69
86
96
16
403
179
117
101
298
31
103
109
408
327
46
226
464
354
30
295
56
18
27
312
140
179
12
268
30
17
591
114
192
369
66
387
67
170
91
99
119
101
24
674
411
378
683
162
40
916
125
638
78
98
28
104
231
41
35
455
488
636
249
304
19
202
17
143
70
20
239
17
51
288
52
14
413
477
208
334
620
291
196
194
18
85
13
156
96
5
27
197
148
266
196
41
460
428
15
584
558
305
67
237
37
317
366
48
34
444
61
29
482
394
60
173
326
441
422
20
206
255
459
361
737
25
75
138
51
361
58
480
259
418
41
329
75
31
280
268
125
73
10
164
239
15
258
142
49
160
273
74
133
659
32
66
284
101
198
545
42
362
82
960
199
44
225
81
218
156
135
339
5
55
127
123
540
68
22
494
153
119
10
295
459
157
57
165
344
129
202
9
471
79
292
199
20
36
59
151
42
357
71
128
142
101
45
162
47
135
42
36
115
71
100
108
364
84
74
26
176
363
195
246
118
351
242
22
7
307
203
1
358
573
29
169
18
11
29
489
17
287
140
120
14
104
187
146
52
82
33
57
563
168
20
38
373
715
3
150
346
220
282
241
140
457
225
340
93
19
97
567
16
64
65
346
10
225
264
236
633
180
75
14
56
84
294
3
26
130
72
422
78
2
291
480
16
336
80
292
124
738
67
99
235
68
125
37
121
185
7
475
451
66
10
164
79
111
182
34
58
34
411
657
369
187
8
62
101
461
47
340
494
306
99
88
98
37
269
49
376
65
896
125
405
213
84
155
129
230
264
403
40
481
287
114
39
369
36
278
67
125
33
46
290
38
125
65
180
90
136
159
58
96
72
4
226
14
436
221
124
171
164
283
353
272
255
313
173
239
612
229
147
458
251
4
143
99
140
552
252
109
362
173
32
43
433
163
19
652
21
122
146
32
224
304
17
276
49
94
300
274
114
260
387
242
38
40
25
68
247
124
27
771
182
171
141
175
428
111
371
423
23
57
84
10
445
55
314
24
117
93
651
34
378
455
3
121
143
124
4
74
144
78
34
301
78
204
275
4
208
71
207
120
294
55
24
142
58
293
305
25
71
329
320
234
221
157
233
364
120
132
26
133
163
82
25
206
66
260
296
160
281
46
37
104
213
125
123
92
2
90
374
29
107
164
108
241
171
91
152
197
108
239
326
118
244
212
67
136
122
201
590
365
1206
143
11
163
11
328
137
10
201
85
272
201
29
83
109
30
128
102
39
232
165
106
468
107
9
305
470
85
160
986
23
27
99
531
494
348
718
890
321
169
341
100
46
40
148
249
415
159
131
7
49
749
277
291
265
46
403
167
43
75
857
69
162
58
36
148
82
49
31
174
107
158
130
149
510
112
89
17
77
13
567
957
50
162
169
283
16
52
243
44
79
179
479
382
13
210
291
230
400
352
1
935
387
41
267
21
169
27
31
234
285
107
108
87
251
167
80
49
39
135
68
45
122
132
39
374
403
85
405
35
4
394
259
131
23
66
584
339
301
26
21
201
224
513
228
150
47
59
10
342
278
177
172
124
245
94
91
68
231
661
88
8
67
184
43
31
192
53
224
265
34
84
36
374
1
144
262
66
38
609
128
19
902
245
277
44
36
278
300
7
235
252
82
275
26
113
1860
510
74
6
244
55
64
355
881
23
35
236
306
245
10
20
13
99
158
203
45
688
435
43
111
302
152
106
29
14
581
350
130
188
171
58
9
15
221
244
619
9
6
167
64
60
55
45
1096
538
157
283
157
233
459
92
10
16
79
120
69
24
35
89
216
356
62
16
484
73
391
42
34
24
624
358
384
261
27
436
40
291
172
8
190
187
45
10
20
75
215
356
171
87
26
235
74
14
252
63
280
92
77
176
105
201
290
310
101
57
12
403
51
312
244
10
122
77
275
17
271
252
173
31
647
175
36
174
453
197
252
44
53
6
139
74
54
281
271
76
907
70
85
572
126
271
123
575
86
289
130
112
422
92
190
169
212
659
174
424
196
226
153
335
50
99
340
388
451
130
206
452
581
236
65
3
689
47
360
132
298
51
69
30
25
41
277
434
14
819
208
153
104
51
461
222
347
498
214
345
88
205
236
185
313
187
21
15
138
190
73
2
118
80
12
85
306
528
120
125
370
132
182
174
408
25
4
485
88
104
93
444
73
536
177
23
64
159
8
46
161
52
322
125
68
10
189
67
522
48
205
63
361
205
203
33
94
10
164
65
87
972
67
376
32
421
134
220
89
92
68
176
83
38
262
97
117
235
291
68
76
130
255
392
26
811
565
130
904
162
216
21
169
38
233
166
3
385
6
30
52
61
1093
136
313
102
682
454
65
506
71
295
112
6
163
98
917
96
212
411
140
4
531
71
783
290
369
2
270
16
73
690
69
299
72
70
163
251
384
259
93
268
583
59
130
1169
131
181
635
9
432
280
111
216
119
101
300
609
755
57
459
184
439
46
35
312
70
118
1
288
45
42
152
134
112
86
96
93
71
352
282
150
253
198
815
160
282
143
92
58
69
113
293
83
342
131
231
153
8
141
50
8
68
42
300
390
112
276
301
696
66
4
81
266
45
21
26
184
410
84
98
145
597
334
86
7
184
5
502
173
171
26
3
403
400
55
84
431
180
60
7
126
37
232
390
480
87
389
142
168
65
43
227
631
19
264
90
65
48
217
31
369
460
7
459
114
33
112
235
566
158
289
51
95
39
644
254
204
34
237
148
11
513
631
75
27
336
201
56
140
20
336
384
175
879
17
28
281
349
121
137
278
411
59
32
12
717
161
147
383
171
136
63
135
53
27
171
470
44
9
33
968
35
134
290
103
302
42
216
239
11
182
211
95
29
322
77
242
250
296
19
352
150
53
168
39
20
301
681
155
65
176
630
407
312
69
336
58
40
96
39
704
119
268
65
51
380
173
734
90
3
147
126
41
481
720
647
55
396
178
49
185
15
761
61
21
364
109
33
108
15
301
16
27
24
86
239
11
148
385
15
520
601
70
502
425
175
438
244
210
92
353
61
5
160
8
95
136
194
222
33
153
71
178
127
165
182
138
127
585
190
840
65
27
18
40
516
52
96
53
301
53
476
90
62
15
221
220
81
242
523
112
102
175
225
25
46
145
566
367
91
88
160
111
799
153
116
399
41
411
21
88
416
204
56
206
188
85
84
401
427
52
3
222
248
432
871
285
356
15
204
201
92
11
270
255
72
170
140
195
191
332
141
244
107
98
188
256
437
335
121
261
136
105
186
730
24
23
860
3
196
34
216
258
233
39
161
143
13
141
54
80
89
95
83
341
148
339
245
57
505
291
391
117
87
113
450
142
374
59
101
122
172
157
116
161
280
41
78
151
333
116
13
117
290
60
73
80
12
27
245
120
271
380
96
68
93
79
159
7
97
231
464
299
103
374
426
34
47
459
89
188
338
79
430
5
108
130
17
645
178
86
57
37
188
11
335
205
38
660
237
458
104
20
37
269
149
149
90
35
495
130
550
219
13
621
14
261
21
102
73
154
105
93
116
349
954
237
489
686
21
13
540
13
339
148
340
49
22
423
255
308
645
109
73
252
57
713
117
320
355
270
179
693
147
481
388
116
176
123
107
358
49
40
82
13
269
88
120
38
1027
12
64
384
206
170
223
410
325
387
77
16
367
163
148
62
212
155
159
197
71
89
2
444
73
257
116
7
144
77
199
210
316
11
315
296
132
27
51
81
401
539
126
891
173
58
209
151
60
220
5
179
61
284
91
447
403
557
58
248
238
134
441
328
326
235
153
158
50
188
23
102
71
93
27
169
251
165
132
608
136
160
64
29
349
89
26
229
27
499
57
107
14
65
266
426
10
214
48
293
334
461
120
122
224
42
1
116
29
173
146
349
56
69
271
210
161
47
427
44
2
182
92
14
197
117
202
48
64
127
4
202
115
51
82
990
71
54
67
332
584
265
46
152
25
351
88
27
53
244
49
124
41
280
6
38
176
20
6
51
538
135
182
529
133
30
341
176
40
50
187
135
129
324
712
158
111
594
138
32
406
173
222
188
5
3
24
366
95
223
80
118
49
539
17
6
171
161
530
469
12
229
21
431
61
466
48
115
49
68
7
426
231
487
278
384
193
362
669
293
216
708
484
134
3
376
13
477
155
256
217
252
98
3
81
846
15
138
67
411
56
76
67
23
26
28
560
143
308
156
106
59
72
27
26
14
606
28
182
29
112
55
785
424
83
116
93
98
423
101
148
187
859
87
10
40
368
1085
230
796
12
65
265
39
101
191
65
795
91
148
49
393
143
10
339
86
326
9
264
62
449
272
52
136
206
163
178
13
257
196
102
294
228
9
236
4
58
60
214
30
73
187
516
374
66
110
15
37
100
272
105
104
152
8
217
129
27
557
205
72
401
127
128
127
198
227
144
391
99
51
147
146
158
333
41
116
116
1099
191
131
114
72
389
38
112
24
14
180
14
85
104
10
177
80
60
289
178
409
434
89
167
4
18
49
176
104
538
172
494
268
67
146
746
79
2
153
115
33
209
755
340
127
161
6
109
84
16
115
679
33
755
306
272
138
155
105
201
142
171
320
389
652
440
187
308
62
61
10
204
229
174
388
121
379
50
174
27
1
51
91
441
436
109
853
23
388
9
92
193
15
831
52
197
79
46
38
85
108
130
399
79
169
2
160
287
400
4
200
220
29
627
143
45
72
74
108
12
203
261
124
43
471
141
180
328
356
743
262
396
497
1062
263
2
6
8
128
59
269
6
241
57
485
142
566
126
119
49
26
49
258
234
33
253
211
586
46
44
348
496
434
60
277
192
894
108
190
281
28
33
157
308
456
63
384
15
334
661
54
41
260
111
86
887
859
68
324
179
756
345
996
247
85
38
270
191
169
141
52
47
26
104
42
75
538
91
344
338
93
239
106
248
129
273
16
218
195
244
234
41
107
496
93
1
468
670
164
262
1323
116
24
108
32
228
111
19
22
97
4
420
661
97
166
300
40
121
349
250
319
136
136
583
187
564
83
109
121
253
254
38
103
187
386
91
986
88
390
15
74
101
981
90
6
125
28
349
62
10
390
24
86
453
53
165
59
169
188
159
728
52
172
193
134
191
99
3
157
155
530
224
6
228
204
82
19
20
99
293
272
54
298
322
46
417
293
42
201
241
58
581
159
2
81
49
168
68
887
66
295
10
520
311
87
274
43
376
302
32
126
912
49
662
149
231
98
24
341
118
199
118
223
30
85
71
7
176
157
221
64
13
278
110
758
299
608
76
53
472
335
51
79
83
426
95
101
207
3
1
528
112
251
30
195
193
200
10
167
327
483
5
46
51
206
509
13
123
21
81
228
134
1
199
300
29
154
382
6
150
71
221
138
241
602
80
45
383
289
540
217
114
286
350
19
179
245
149
898
30
212
615
330
158
60
103
129
35
166
744
99
32
156
572
291
68
1
313
369
64
45
85
459
134
298
307
172
684
69
514
112
170
16
166
51
942
170
69
501
228
581
164
335
67
31
97
339
234
26
143
81
66
131
99
239
125
53
335
217
26
372
154
430
1097
107
283
428
250
9
289
119
108
59
199
634
237
180
62
172
416
33
238
319
56
58
460
77
77
1264
11
230
307
467
137
243
25
75
87
18
167
388
3
58
165
217
114
363
22
131
173
339
66
154
297
246
139
56
110
404
132
158
381
77
220
22
213
17
21
2
98
127
93
70
557
87
301
515
116
324
43
132
8
34
333
76
99
419
90
67
51
72
382
520
314
183
118
36
175
11
174
82
24
5
501
263
38
196
45
102
80
160
198
94
15
9
365
24
105
125
22
70
68
105
314
317
220
439
283
487
169
140
225
253
2
17
716
202
12
312
112
8
1
26
7
5
350
315
47
32
479
702
667
70
77
357
30
102
134
463
50
61
197
33
631
39
282
75
61
169
213
104
152
95
178
464
2
97
39
157
52
56
44
56
36
99
271
11
43
171
133
237
106
49
130
167
129
78
65
264
132
43
276
413
9
164
111
193
25
146
243
69
229
328
315
126
432
307
238
101
261
282
23
220
425
417
169
35
268
91
236
245
72
57
364
118
746
75
14
85
444
168
251
395
337
366
114
39
65
298
9
6
868
714
6
166
33
117
15
43
264
22
89
551
88
173
32
47
324
637
71
137
362
304
54
555
85
569
16
58
122
277
88
699
227
370
29
127
241
44
391
282
483
533
363
128
57
28
186
22
126
109
24
354
110
135
2
9
125
73
460
482
146
44
556
16
783
175
149
343
972
151
155
321
43
362
495
246
161
522
420
468
96
46
259
121
19
27
135
153
342
249
71
253
145
233
328
9
156
1358
151
98
120
481
114
23
680
103
183
95
332
21
82
54
112
108
171
330
57
47
404
197
155
156
433
174
129
460
236
108
129
137
237
69
125
487
174
75
20
324
24
164
152
387
16
167
625
283
74
234
64
89
8
93
49
292
137
278
99
182
11
179
92
14
302
1094
102
45
270
430
453
330
447
227
44
146
486
46
310
147
322
53
144
67
192
219
476
622
39
348
52
204
12
315
64
73
290
73
177
151
99
32
39
304
186
140
59
134
94
72
47
178
31
479
67
314
576
57
32
62
46
270
505
749
184
22
247
99
383
93
78
278
255
59
42
227
28
32
26
63
250
394
736
119
206
159
400
301
16
241
544
120
13
305
92
215
69
114
224
22
124
233
420
335
212
50
225
11
165
12
39
120
460
255
76
37
355
75
145
54
302
121
265
391
124
172
115
347
123
161
195
329
52
19
135
278
341
444
361
9
50
8
305
255
195
167
498
107
120
249
120
58
162
299
133
113
79
20
707
246
33
15
133
129
2
288
90
240
169
640
83
100
206
53
60
394
67
523
598
121
128
184
402
1
189
308
178
242
325
208
299
203
28
113
214
217
415
52
222
430
751
655
79
113
174
26
456
275
4
39
9
30
16
39
499
288
424
116
510
323
60
447
197
7
434
544
2
147
27
89
164
196
355
66
104
18
2
155
643
85
216
152
70
502
218
729
265
459
2
156
350
120
63
363
63
107
194
253
405
318
64
90
30
82
204
30
210
406
25
215
225
255
303
11
65
363
395
433
106
414
92
265
25
668
206
347
108
97
60
287
9
352
9
321
136
149
199
185
189
464
78
1060
55
6
214
203
6
151
142
29
3
55
9
144
13
60
101
156
280
211
115
447
328
160
100
168
220
314
277
178
71
440
57
107
343
145
69
9
11
52
218
71
172
208
359
47
111
351
293
5
522
2
147
305
455
135
133
488
229
359
217
378
45
28
273
25
162
151
104
388
79
278
185
67
22
358
64
1031
107
298
50
207
164
86
176
567
149
292
248
110
149
116
278
822
61
147
425
210
158
140
114
145
69
148
351
89
166
203
183
458
254
314
111
28
55
213
113
261
93
21
225
5
33
134
26
115
481
159
563
482
401
712
154
70
396
160
11
27
455
907
299
307
136
36
66
154
148
1
170
85
173
311
46
1282
132
643
177
136
7
70
112
29
163
164
177
77
110
117
46
148
3
485
132
89
90
288
451
66
554
169
56
360
290
272
82
650
108
515
237
68
817
113
15
451
200
794
40
163
344
101
119
381
316
147
25
39
109
15
188
23
759
192
102
18
4
122
84
418
336
157
240
310
181
54
328
27
14
11
200
341
95
46
32
271
17
6
322
199
50
32
693
25
23
140
251
356
434
4
238
10
141
16
174
340
35
165
318
18
333
228
701
282
418
59
449
38
234
267
92
650
324
211
275
271
284
229
173
208
101
24
22
28
69
413
7
8
118
413
110
98
304
395
591
402
173
149
139
125
104
10
93
59
216
370
538
297
81
241
22
605
7
3
130
24
549
96
128
599
227
50
66
890
397
235
8
136
47
178
944
68
761
119
19
116
286
167
264
81
44
45
24
2
289
182
634
82
40
29
7
479
168
55
43
42
481
88
109
345
632
193
191
207
29
150
145
67
157
61
170
446
238
486
34
526
3
79
467
131
263
295
165
23
66
40
41
196
274
29
2
424
136
93
364
447
164
659
89
104
480
659
21
62
28
220
141
215
227
59
435
170
61
3
203
172
123
401
148
68
36
105
110
156
567
46
84
262
491
152
11
60
54
72
39
190
303
98
30
977
27
9
242
756
106
232
157
45
47
259
224
141
505
204
3
148
475
14
7
44
351
21
268
33
91
139
436
114
442
18
290
170
42
519
90
106
320
239
70
246
22
300
81
601
276
100
369
97
123
138
7
225
449
193
69
51
186
93
152
170
224
405
326
421
38
279
20
531
1369
12
189
216
44
202
104
206
85
78
234
151
28
203
227
450
228
34
71
127
268
80
200
50
75
578
102
54
378
603
88
539
167
407
578
128
1111
141
6
567
94
40
12
46
541
49
152
527
254
383
13
258
3
94
519
478
624
188
105
340
123
161
331
36
4
79
123
102
135
42
158
161
130
333
36
141
84
163
93
43
145
608
187
217
33
23
93
145
260
58
106
201
249
39
85
248
361
252
7
156
27
17
149
149
58
33
597
91
71
172
43
117
154
313
226
328
80
250
32
61
251
88
243
156
309
7
14
1
132
110
65
367
350
36
280
57
65
52
15
165
49
310
47
309
51
319
265
147
48
818
205
248
719
138
73
56
81
547
73
346
95
510
140
18
791
5
54
124
19
37
459
253
740
70
394
222
919
137
625
3
495
70
129
293
152
88
596
67
123
68
181
66
503
307
284
466
119
365
43
56
46
43
153
72
532
320
319
427
47
139
57
83
8
192
131
235
96
233
19
11
283
17
245
371
126
224
320
295
162
94
15
3
20
189
310
195
455
178
442
164
52
149
49
100
204
147
245
15
135
88
463
301
65
464
193
77
86
86
21
2
20
1105
149
159
49
354
43
360
37
162
53
40
91
94
48
488
57
36
111
376
310
76
64
155
157
568
151
380
408
214
393
296
82
216
116
605
754
86
1042
549
135
39
28
166
458
571
66
133
399
70
27
73
39
187
337
59
158
730
391
558
70
158
995
15
2
490
488
229
294
289
38
293
21
150
24
419
18
51
45
155
616
63
144
14
149
95
388
232
273
93
56
109
395
12
29
282
75
471
61
153
585
286
103
4
229
64
525
200
32
74
124
83
122
6
145
23
223
389
118
118
14
20
157
129
299
77
200
146
509
93
4
212
354
26
22
48
104
226
156
227
64
92
65
2
296
21
66
270
111
94
86
770
485
244
351
197
48
163
165
448
745
206
565
150
249
250
100
256
458
180
29
49
193
228
173
139
302
190
37
195
166
87
10
176
31
88
100
275
76
21
248
62
18
209
1
782
382
145
25
292
62
128
25
308
76
189
3
193
341
71
287
282
351
73
279
102
21
310
280
10
43
85
177
387
77
465
101
43
131
176
369
105
15
89
21
63
123
194
603
2
241
125
402
133
537
369
96
104
173
85
203
18
536
340
109
264
53
148
151
225
318
16
376
159
88
430
538
456
25
62
130
36
245
5
139
139
165
219
172
111
387
638
1134
285
173
23
34
332
355
48
7
69
661
56
29
538
196
66
223
56
77
43
102
108
176
132
463
360
91
171
240
29
223
35
1342
76
33
497
122
369
185
64
285
58
26
112
111
34
384
94
182
49
15
31
55
564
161
542
151
399
652
122
350
10
55
13
7
83
202
6
245
112
139
184
295
20
92
14
33
212
134
174
46
18
83
596
55
287
70
15
12
75
571
70
283
144
53
98
242
286
896
81
2
3
567
229
88
254
306
233
130
243
115
485
46
118
15
159
90
271
700
40
98
54
399
38
2
268
319
116
359
391
30
317
42
423
341
182
4
90
104
509
64
112
19
722
155
57
38
637
69
180
45
29
196
11
58
59
334
291
162
26
128
58
713
137
299
36
134
6
131
182
57
133
30
318
68
661
89
304
147
71
109
398
16
107
23
140
184
333
27
134
177
531
418
457
88
179
8
359
298
54
231
87
67
42
96
191
87
225
7
230
642
302
406
610
36
17
99
236
94
45
193
200
119
617
152
24
26
84
587
250
759
18
315
453
125
555
8
156
16
137
34
527
74
243
130
22
134
315
54
12
2
414
231
298
35
421
29
153
13
22
46
124
394
8
41
364
247
266
384
15
248
104
152
368
87
127
318
99
160
330
201
95
455
96
114
83
48
760
187
36
615
75
50
176
214
30
123
29
460
223
73
158
810
741
44
19
364
170
22
275
76
711
320
303
108
89
237
176
167
27
18
83
151
144
27
114
14
8
113
17
447
551
171
33
19
95
99
225
136
180
99
577
51
259
33
270
464
156
3
193
210
306
511
271
137
83
303
44
61
680
30
77
143
332
170
496
233
93
173
636
1
49
91
182
40
22
83
15
217
286
215
101
90
3
239
100
150
144
279
496
425
288
361
362
158
220
509
251
491
74
120
202
6
47
125
36
161
266
52
513
720
543
190
246
14
124
46
220
63
386
80
127
7
377
1067
670
283
731
697
61
92
32
469
273
44
117
361
594
43
369
449
329
17
17
175
43
182
96
120
64
80
67
148
175
70
56
75
95
414
71
302
26
25
109
14
223
23
418
85
20
103
56
208
167
44
73
898
82
61
187
224
62
69
321
12
347
250
165
235
19
181
69
28
235
241
63
64
32
78
167
173
181
675
84
1691
98
139
336
724
124
350
171
77
10
242
143
96
185
322
2
62
125
177
242
149
51
27
110
18
54
94
215
372
66
29
33
239
324
33
465
101
267
155
74
12
91
18
187
214
39
156
98
98
46
133
95
41
331
395
46
67
90
292
101
37
354
195
60
237
235
61
647
362
39
22
114
298
72
509
96
293
207
98
19
192
90
451
58
9
97
393
154
395
66
741
24
67
290
192
398
37
64
517
129
179
205
241
35
173
69
223
48
78
598
59
22
274
79
99
89
285
257
152
517
8
21
115
56
217
120
296
274
144
25
44
4
226
351
758
71
316
23
284
174
201
423
156
3
298
356
142
346
248
121
283
130
55
59
164
73
131
20
48
68
85
26
22
63
354
67
11
58
661
407
171
11
274
14
21
926
527
648
286
394
907
9
435
445
28
160
257
493
204
277
152
123
137
157
203
852
140
100
141
3
381
9
133
70
108
751
60
330
210
30
199
309
106
319
269
124
170
24
64
310
280
75
313
348
3
765
289
7
404
100
100
39
115
112
338
13
26
553
332
351
183
28
166
1
141
412
186
16
218
110
148
259
36
148
146
159
39
91
109
90
339
89
54
508
507
40
406
47
13
23
5
1
213
10
732
4
149
63
55
47
247
72
285
198
506
670
250
96
125
877
138
4
642
46
6
6
256
312
489
226
32
135
199
446
500
84
59
107
115
346
399
558
55
495
54
133
324
14
372
223
180
128
415
31
197
242
51
395
130
21
41
142
2
559
357
201
243
341
277
431
536
51
40
539
1102
299
37
98
72
21
376
90
132
309
98
674
399
120
284
100
10
67
444
357
2
32
72
677
159
191
312
48
108
1319
84
121
604
264
279
141
197
39
27
800
67
58
366
346
116
476
5
39
138
413
46
419
47
207
38
51
47
50
218
62
3
148
880
87
68
821
31
26
249
59
163
220
88
145
3
28
360
91
437
91
28
266
63
658
103
340
12
80
211
123
201
4
170
2
49
17
104
15
128
180
46
31
131
29
67
177
209
105
60
642
231
245
121
18
45
140
21
442
7
323
16
143
520
152
211
148
182
229
529
422
359
99
128
131
246
244
407
331
124
60
198
226
50
155
45
127
15
2
147
533
207
282
443
441
271
641
154
649
36
313
240
202
70
13
184
286
147
67
29
412
29
99
178
83
287
318
77
322
559
15
194
379
473
458
259
123
57
162
52
17
113
204
297
486
432
60
102
77
218
95
75
331
76
182
139
194
12
1
778
76
341
101
13
104
72
151
112
109
171
215
117
124
91
11
113
196
189
254
99
81
89
18
403
1096
198
294
116
6
74
68
169
185
239
292
51
43
304
158
14
79
356
248
193
160
108
117
37
7
117
67
335
340
69
19
128
34
216
447
47
522
44
87
239
181
151
15
48
213
292
113
514
14
19
55
494
193
137
349
242
271
78
421
201
207
192
232
5
85
691
10
76
144
413
146
41
168
56
65
374
18
33
63
142
415
100
407
47
316
825
329
665
238
34
150
152
147
628
276
201
794
17
101
1
354
598
226
16
30
261
124
221
187
67
266
156
82
276
78
20
9
264
176
24
42
344
86
470
1085
104
277
203
334
134
49
51
293
144
81
199
63
378
307
547
45
1462
21
677
93
30
104
420
37
13
597
143
377
37
161
412
127
149
281
177
534
214
387
208
13
25
168
82
63
115
141
196
227
179
51
573
57
142
6
183
356
282
69
283
216
2
117
63
41
84
111
58
303
4
298
220
67
302
15
434
309
68
746
114
245
346
167
382
172
299
43
2
151
16
178
214
571
27
108
213
49
89
3
191
31
751
146
100
386
1053
26
46
338
38
205
298
311
526
39
69
75
350
878
169
185
270
108
55
91
64
687
71
138
156
92
447
31
457
258
211
8
258
174
112
236
354
8
305
65
188
239
16
282
145
185
130
54
601
558
279
535
39
229
44
321
79
531
143
58
27
28
1021
566
100
503
478
22
652
322
74
89
8
93
57
159
219
77
202
123
92
509
216
1323
147
55
13
266
192
265
23
67
632
165
232
145
462
44
51
14
57
213
522
16
378
5
11
224
14
143
221
31
26
254
209
62
680
105
76
290
312
105
162
101
228
568
249
162
190
13
38
616
79
109
515
74
34
18
713
125
132
207
514
2
333
66
192
292
31
13
26
43
232
39
533
20
152
68
298
238
90
289
284
131
331
3
75
301
152
172
237
179
204
68
125
189
142
31
235
447
207
34
81
36
193
381
155
50
262
242
71
111
122
31
49
241
66
115
334
12
5
22
28
16
54
19
15
89
278
120
48
93
8
275
158
217
91
375
456
657
122
100
110
14
217
196
1211
3
69
318
416
161
33
423
106
64
557
327
55
138
158
535
265
63
384
834
13
151
38
36
276
389
391
213
2
308
51
56
294
37
87
67
219
148
434
243
428
450
97
65
45
25
91
477
8
2
183
24
478
117
289
104
10
302
13
424
203
185
380
193
110
56
637
43
14
14
234
678
25
844
39
116
427
34
34
71
27
84
271
123
350
498
78
280
703
595
33
161
185
93
256
671
12
226
166
460
227
28
131
216
443
557
440
79
586
100
81
191
46
96
258
123
65
78
140
1294
491
535
41
57
511
314
132
19
1
56
178
433
347
136
207
91
50
135
13
13
293
119
294
651
249
167
622
201
117
405
113
147
136
201
42
205
81
106
58
101
321
12
114
253
157
315
9
60
77
254
47
400
117
311
349
8
72
235
335
184
49
185
239
68
155
74
34
137
68
192
189
424
48
177
121
13
181
139
1
23
201
10
326
10
305
260
76
30
375
441
206
15
51
112
90
407
22
159
11
221
624
204
191
28
51
203
795
224
122
550
78
64
350
57
72
3
77
108
150
32
115
205
284
381
322
16
634
111
122
71
335
25
54
163
308
80
7
89
77
105
78
61
60
252
298
112
24
62
72
386
49
157
95
290
119
361
1178
30
132
245
18
359
82
430
261
68
25
59
11
55
264
46
23
131
160
856
173
9
195
101
243
428
190
104
46
113
633
4
180
8
104
13
242
310
134
24
294
182
13
66
528
27
124
23
118
116
102
52
161
441
43
20
47
42
105
101
214
31
145
133
16
10
215
114
53
28
25
7
104
19
163
92
145
44
246
56
235
366
128
39
53
24
30
30
52
70
287
303
244
285
74
107
217
67
210
89
339
37
4
768
103
49
978
16
429
700
210
371
486
48
486
37
95
45
281
103
432
173
74
106
152
129
138
17
66
242
59
638
347
168
735
92
56
65
55
162
81
79
112
52
462
558
79
27
622
741
72
386
5
60
33
269
155
357
47
374
173
23
333
655
360
80
264
252
29
103
199
162
92
126
34
329
36
56
314
167
36
193
2
165
48
99
385
329
87
250
153
40
522
31
29
230
211
317
1
201
1180
174
686
106
260
620
490
20
533
44
385
186
105
206
16
226
258
427
123
58
329
86
159
198
106
72
139
7
70
214
127
345
129
202
150
13
89
235
279
229
32
246
150
604
78
485
220
120
167
131
126
72
677
74
66
371
360
492
218
144
1
582
303
17
516
54
10
6
112
494
233
64
129
153
70
466
278
199
498
51
122
297
393
302
23
142
261
168
258
36
363
50
54
9
164
70
112
450
265
115
79
50
247
212
71
64
23
88
289
84
538
116
358
45
17
23
260
47
411
203
78
14
247
380
218
216
100
120
302
712
64
1161
214
152
295
244
257
92
99
316
209
586
308
195
383
9
8
69
156
3
209
772
179
134
114
231
42
407
363
198
138
220
329
5
57
28
321
104
168
23
6
73
469
226
146
103
100
107
25
571
132
405
660
193
47
30
201
184
509
16
110
1298
341
5
611
106
31
197
232
347
93
194
95
164
60
24
30
136
9
69
36
60
244
14
240
222
172
170
104
16
44
7
204
350
237
538
319
216
183
955
70
27
101
428
63
353
212
39
199
246
27
130
140
6
174
55
240
86
334
40
73
38
166
357
609
128
319
27
442
393
22
151
121
167
190
249
1352
751
57
29
558
622
217
198
501
204
241
91
302
608
278
47
92
158
316
496
318
97
147
39
60
236
88
440
659
138
257
293
81
123
111
184
785
54
105
56
222
16
412
293
258
432
596
266
19
123
417
14
169
25
709
140
98
115
63
14
180
91
31
165
137
79
301
152
206
203
360
219
131
474
28
25
68
202
229
235
115
281
4
107
207
72
796
94
55
652
842
101
17
247
1282
115
44
51
28
50
300
87
28
16
158
73
247
107
42
314
563
374
375
415
208
110
89
227
21
449
57
264
395
165
28
35
33
177
187
99
142
76
47
217
44
141
150
6
18
3
25
7
115
339
52
385
105
477
4
16
177
3
71
331
127
177
108
118
36
11
90
211
39
318
260
552
218
352
163
113
554
193
264
28
185
13
587
78
36
7
459
105
113
152
292
367
187
369
175
97
80
249
170
116
185
1194
20
210
416
285
54
125
38
62
219
596
177
422
383
138
1116
69
58
241
83
17
133
16
67
8
55
440
215
69
335
296
132
180
9
89
451
392
201
223
479
83
142
122
59
109
59
45
48
154
66
12
261
31
284
87
261
54
718
704
419
88
29
61
257
182
62
257
141
152
67
42
135
169
352
241
44
224
535
368
79
609
38
227
273
11
88
22
101
353
80
261
113
77
9
25
123
93
112
136
46
6
45
272
128
6
35
358
252
128
29
109
17
16
17
402
57
677
146
89
602
167
347
89
133
115
150
29
7
195
38
143
48
113
380
218
203
27
1
20
363
137
172
155
112
302
26
2
332
477
625
265
67
152
588
33
509
329
8
247
3
102
21
248
127
231
41
399
757
199
359
346
73
61
120
97
161
68
98
178
267
263
379
119
139
35
34
132
85
94
138
357
43
19
302
28
201
167
190
390
249
204
19
118
172
31
104
271
373
35
539
42
9
30
373
75
516
51
411
362
16
518
70
18
167
114
283
432
16
238
4
277
65
184
40
133
362
82
168
976
506
74
307
128
123
222
12
254
22
373
135
302
33
19
67
204
91
144
157
46
449
156
274
55
77
74
131
164
802
462
151
23
189
823
554
48
118
254
16
224
312
133
94
735
82
85
319
63
5
275
192
99
463
107
195
192
249
445
83
95
200
265
88
213
694
304
88
61
37
145
575
285
739
586
378
41
21
1
197
82
47
468
111
388
198
126
534
295
160
359
15
275
27
171
168
313
62
204
704
174
149
30
43
36
388
97
50
58
206
53
8
315
320
21
98
21
80
240
113
40
31
612
637
167
143
1
38
64
846
369
231
47
26
139
333
218
380
69
280
28
421
7
289
44
443
301
428
250
676
593
85
511
3
109
60
345
168
121
202
118
368
4
92
69
68
93
60
197
182
140
233
379
117
61
2
232
326
276
64
98
54
469
92
217
478
267
42
186
310
43
441
58
283
28
386
13
15
89
124
4
598
46
52
160
231
185
116
1
15
33
415
451
155
20
218
217
321
287
568
20
97
82
85
51
423
139
634
372
55
476
342
103
851
496
157
122
227
183
44
130
120
126
822
26
1
444
398
298
403
236
225
164
67
368
409
136
170
307
121
14
65
77
45
508
1268
143
309
437
48
198
442
7
489
151
393
6
129
144
14
121
145
14
146
93
31
144
334
304
108
813
17
54
98
259
537
80
139
45
14
60
316
496
181
44
212
144
264
226
146
4
372
267
91
295
165
887
77
1147
776
104
49
117
164
684
135
25
348
647
50
156
122
16
211
152
391
15
17
540
321
52
106
74
53
61
60
7
420
677
470
306
212
64
862
382
168
659
53
75
32
279
24
113
4
555
263
97
236
93
344
211
52
532
34
30
268
61
58
111
138
610
245
46
175
438
722
56
284
4
710
787
206
53
84
25
285
158
240
53
175
100
260
415
33
27
127
19
83
165
197
399
111
235
57
116
826
87
200
1099
279
6
309
205
146
145
71
41
224
230
547
223
131
6
404
33
223
59
317
188
128
170
418
187
198
3
293
142
158
87
202
352
30
682
129
209
122
77
176
167
251
54
158
32
327
297
149
92
407
367
68
683
12
75
255
60
11
382
54
65
109
38
431
326
127
508
161
46
182
618
7
154
329
40
86
590
119
244
46
290
305
145
346
69
130
96
19
290
183
53
78
121
53
237
135
81
65
13
59
86
166
78
226
251
373
175
432
45
290
139
199
513
109
1092
1022
158
171
802
31
109
33
62
114
179
16
99
307
36
11
209
155
744
116
497
308
13
234
189
107
431
176
111
273
290
288
20
25
156
225
473
56
383
163
36
232
18
142
79
78
101
61
10
15
339
297
354
366
439
38
148
485
335
46
85
246
164
285
252
50
535
166
156
840
10
198
54
497
39
165
35
404
126
82
243
57
118
180
271
155
369
19
219
16
210
97
254
459
489
79
393
12
49
138
399
40
77
33
415
228
589
268
32
108
35
226
38
39
67
98
539
321
494
49
134
77
461
89
180
500
308
85
195
21
265
46
121
387
84
415
172
58
80
1
29
38
182
213
18
231
179
25
64
287
119
67
150
299
491
355
191
174
128
226
42
150
223
413
128
60
25
149
513
194
19
311
165
166
59
187
41
79
130
46
51
304
26
1167
108
71
432
706
5
515
193
30
364
59
13
38
230
379
1
309
182
139
367
1
125
54
583
367
70
89
452
162
378
113
633
8
425
123
377
109
207
46
47
150
591
474
293
52
118
77
239
79
93
79
10
5
129
11
352
201
82
299
204
152
318
142
80
9
271
158
232
67
477
438
169
182
863
349
146
207
243
168
55
287
24
55
2
234
333
20
103
52
78
65
85
680
76
5
590
196
487
168
26
30
359
225
96
18
146
16
397
135
1
254
2
240
300
25
412
75
69
217
145
368
93
67
137
37
55
46
407
92
103
59
258
7
7
128
213
229
43
116
48
72
130
24
272
239
111
153
198
221
79
66
88
212
225
559
108
469
2
142
137
340
74
10
468
131
251
106
282
12
289
108
333
18
391
73
142
69
46
327
24
3
496
233
122
338
154
22
66
109
209
183
167
137
354
25
500
125
227
363
98
376
16
51
279
77
128
16
255
859
87
606
999
13
217
367
235
119
85
88
20
109
299
91
38
436
59
83
401
114
77
78
182
214
14
329
703
578
53
111
31
59
47
253
324
1060
280
490
68
204
176
1004
257
18
188
485
273
120
659
78
234
75
193
208
301
12
288
339
57
95
212
166
411
151
46
165
460
130
736
73
323
119
359
7
397
14
627
167
12
186
114
98
39
134
37
342
220
179
70
200
45
137
366
529
90
52
388
220
137
196
245
198
32
453
288
47
13
128
50
406
53
277
54
169
622
342
30
13
85
292
414
85
72
210
135
39
102
255
309
538
206
7
502
250
170
817
30
729
243
447
100
176
262
56
8
201
141
201
71
339
53
15
342
293
388
217
454
38
26
89
244
735
54
290
40
191
225
223
339
140
5
96
15
238
88
109
177
11
30
260
3
274
21
561
153
115
5
341
589
2
1
122
107
29
3
86
209
185
101
446
280
232
21
123
112
102
61
170
271
5
5
90
54
259
11
321
146
184
319
415
26
1010
402
71
337
123
166
305
17
37
3
159
1046
29
373
25
57
25
564
741
119
124
35
64
147
392
161
7
91
52
5
12
136
216
425
29
454
261
75
153
339
2
34
142
229
39
6
332
460
131
53
400
270
1406
102
218
2
124
101
915
286
2
96
13
263
279
162
42
275
115
151
156
327
14
317
189
10
391
60
129
86
87
75
118
281
922
114
45
118
14
256
1567
135
86
103
10
20
54
269
211
158
313
81
47
173
128
56
218
109
591
770
140
34
328
249
442
252
141
325
6
33
113
4
87
110
93
124
210
116
70
201
228
166
258
225
105
62
183
36
117
50
533
135
289
126
29
71
85
577
81
434
277
13
150
26
74
152
517
296
677
49
81
300
103
37
435
91
132
178
6
160
236
661
2
533
179
7
378
67
510
385
818
474
118
234
159
44
20
418
170
102
168
126
699
12
493
344
207
10
57
399
162
280
28
61
23
66
310
42
230
51
242
608
230
542
215
33
467
286
482
191
180
55
135
353
10
238
67
16
18
47
744
1
47
124
113
336
399
92
197
411
176
4
263
367
95
422
104
34
51
228
514
1013
895
10
56
151
198
63
157
176
3
42
110
141
51
245
58
109
206
390
375
188
257
494
7
49
265
138
37
1012
89
35
63
90
131
107
318
101
843
238
237
18
613
35
324
128
12
400
47
684
147
63
216
147
133
138
178
394
29
99
454
169
94
270
11
33
141
296
183
369
193
53
247
106
33
32
323
179
98
215
451
117
70
619
273
77
131
240
89
219
227
1114
4
92
163
79
84
446
50
103
166
429
56
131
150
138
165
2
172
33
23
33
400
513
131
26
57
76
151
316
62
184
43
187
107
128
106
31
41
49
140
110
15
27
313
98
13
91
410
124
276
6
82
278
207
174
77
327
305
106
227
103
46
269
47
87
119
162
214
297
178
360
571
329
697
286
109
57
41
28
130
11
107
238
103
47
262
227
281
462
115
22
42
133
8
57
1000
46
577
434
55
31
153
166
390
90
174
178
137
236
271
1
138
41
28
50
388
194
176
173
126
30
289
130
157
86
179
94
148
805
45
80
78
147
684
74
66
270
236
998
190
241
162
68
292
19
523
61
128
112
205
263
374
21
308
50
116
207
221
131
134
86
771
84
66
144
329
15
621
117
164
622
174
181
103
98
373
385
74
15
54
105
71
231
1
43
978
187
319
91
8
2
74
331
145
738
250
16
555
561
89
331
478
10
111
9
8
309
1
105
54
139
88
236
524
17
286
233
85
143
281
379
115
135
24
249
142
410
116
144
49
23
225
5
541
117
101
10
42
16
54
147
33
841
60
278
405
210
224
236
64
100
220
303
168
168
285
58
28
63
137
123
123
377
335
26
71
448
629
686
153
544
58
330
612
167
179
101
112
51
2
35
220
76
24
40
23
658
339
125
5
1
29
470
125
157
102
669
28
287
315
139
271
29
132
260
5
404
49
309
424
254
271
418
461
531
418
108
242
138
171
52
69
136
351
40
887
215
297
66
7
1032
328
231
115
157
17
175
44
25
49
111
128
34
177
134
327
131
776
47
635
18
8
64
143
287
64
619
289
283
1
195
17
29
26
472
49
26
478
146
309
26
447
34
108
206
644
129
231
329
210
185
124
261
564
35
262
110
94
58
134
137
409
101
321
77
16
444
205
508
163
150
172
72
291
37
456
96
2
36
75
84
83
2
284
153
258
74
125
229
62
111
348
194
415
381
46
65
52
251
58
20
80
116
334
212
172
1108
14
220
177
255
523
25
250
37
92
239
162
690
237
83
70
42
107
756
54
17
294
81
88
312
158
426
58
545
48
300
66
145
8
445
65
36
55
274
217
36
301
141
77
56
411
312
6
175
386
141
443
3
115
104
124
419
1140
193
14
153
651
398
12
586
469
156
94
85
112
119
69
112
118
83
189
15
505
5
59
1
258
53
138
113
195
1
283
17
10
264
53
185
253
240
70
385
258
43
455
699
31
7
511
271
312
227
284
56
52
192
739
42
166
67
114
645
46
53
225
373
22
278
543
86
184
216
191
32
148
144
174
175
137
455
22
50
48
20
322
99
210
277
107
48
426
423
314
14
154
317
412
664
155
68
15
350
47
255
374
16
70
64
420
168
15
9
182
79
14
56
137
816
146
43
3
140
35
81
97
12
114
787
50
169
246
11
59
528
182
118
9
53
1
80
650
36
517
12
96
400
233
436
77
84
195
72
115
351
370
9
273
18
42
227
326
31
505
384
350
102
71
1056
128
165
173
202
257
116
173
25
215
885
95
423
126
199
53
9
164
70
87
147
26
33
161
91
560
141
125
177
369
340
75
27
196
85
519
55
296
78
5
2
374
43
102
36
386
381
17
640
132
90
14
86
134
21
281
25
33
341
177
56
16
191
22
40
47
47
488
66
116
168
254
22
175
74
985
301
25
386
91
45
147
351
86
50
151
188
134
185
42
182
145
483
4
13
190
22
33
26
96
945
294
309
181
89
257
148
91
386
187
82
285
139
48
356
145
496
212
48
494
17
3
235
115
292
429
63
56
111
180
103
29
242
152
113
10
82
84
89
233
195
100
350
103
43
75
395
392
75
849
67
221
106
337
71
143
19
184
46
399
66
468
243
584
358
47
317
556
42
266
231
23
102
62
249
467
46
315
275
206
93
93
8
377
8
937
648
399
54
341
216
348
98
219
6
168
461
2
4
188
217
107
252
264
182
265
49
83
11
374
218
20
35
94
153
5
1
37
166
181
225
474
69
538
14
225
258
248
144
373
16
392
20
24
2
208
260
6
104
58
375
428
27
106
358
64
227
53
584
41
81
291
636
599
173
127
50
634
131
12
94
92
326
653
109
296
123
455
99
18
43
216
72
153
1026
286
206
15
50
747
21
21
365
107
266
282
399
40
90
278
80
60
66
548
401
215
37
169
76
141
66
174
81
10
249
208
130
66
527
135
272
55
67
42
1
156
275
375
78
69
174
144
207
533
26
197
300
35
121
443
36
122
41
442
111
89
740
68
26
15
28
663
235
123
491
606
17
25
354
126
722
130
170
498
33
220
420
54
446
31
1128
84
539
244
896
26
490
5
173
271
340
46
302
211
83
161
2
23
225
18
486
172
230
463
193
397
482
5
201
67
108
279
22
274
464
39
221
20
18
518
185
146
326
259
138
112
334
455
37
175
265
86
4
387
36
41
184
124
81
150
164
1
100
188
227
32
233
290
69
85
15
111
258
82
216
208
2
440
16
86
179
155
160
311
62
245
638
109
952
10
37
223
499
85
245
316
48
331
59
82
5
29
370
86
48
30
74
573
26
86
552
50
16
83
282
59
394
56
129
38
387
38
143
507
15
859
20
396
323
48
474
248
27
117
50
985
529
19
4
167
268
359
12
72
1491
175
80
163
24
73
574
124
383
185
322
246
126
77
28
362
27
12
70
239
564
640
403
26
81
166
102
112
399
22
517
383
87
15
181
131
109
119
121
318
55
81
345
113
215
120
53
47
123
61
107
13
505
23
68
678
128
36
105
109
179
192
440
181
241
364
49
303
63
570
536
31
388
168
242
125
67
48
219
541
225
663
184
155
184
3
351
53
994
243
83
100
23
169
29
259
49
28
45
39
58
308
32
533
33
265
478
31
16
32
155
118
56
147
155
364
192
152
231
18
29
50
363
37
236
405
231
470
214
105
474
89
9
232
254
15
34
130
60
301
393
149
322
203
48
141
58
200
236
54
450
38
258
684
441
155
257
30
108
62
97
89
6
845
109
16
22
555
140
217
477
205
166
81
57
420
56
249
22
166
209
106
83
179
43
110
349
63
219
254
10
105
83
435
187
232
57
22
183
93
105
93
90
777
44
63
145
1
171
34
336
56
102
15
269
521
162
64
77
18
18
228
30
102
15
24
6
12
133
204
89
230
236
466
123
2
414
286
19
75
11
13
115
60
603
555
220
51
111
113
97
229
200
323
19
303
250
95
3
217
42
62
92
212
290
305
101
473
316
591
69
172
22
434
93
33
105
124
151
952
3
6
97
262
13
175
32
163
1100
55
207
8
142
69
124
152
198
274
241
351
59
235
70
9
287
70
91
117
647
329
177
50
25
105
6
401
48
56
106
46
57
131
81
228
229
268
77
7
427
278
58
441
209
168
24
109
206
39
139
194
464
386
553
89
28
31
88
235
6
257
331
218
95
19
364
14
10
87
124
86
251
733
63
41
122
420
183
424
667
202
48
31
190
47
148
79
8
4
290
303
153
227
27
87
465
69
61
204
7
178
58
28
486
335
77
290
59
202
123
16
153
1124
65
111
169
43
28
143
113
8
988
224
392
133
749
32
525
145
12
323
37
203
454
138
384
423
74
217
255
172
54
27
280
328
328
411
84
367
100
298
130
110
25
429
50
54
360
104
33
107
1
540
12
99
121
11
143
2
134
403
192
34
76
186
193
349
63
365
181
492
304
118
597
192
165
437
523
275
2
556
404
392
57
96
110
126
339
376
120
57
120
85
322
157
537
172
253
7
129
215
18
445
191
75
47
66
20
29
99
160
211
8
643
577
61
124
14
46
258
109
358
405
31
6
52
200
36
164
54
202
167
200
218
689
12
208
49
70
349
9
23
444
288
124
484
750
402
121
423
217
289
286
106
90
366
339
571
7
520
156
600
9
8
5
65
12
24
40
145
284
47
977
221
274
40
114
316
133
53
192
395
187
90
85
152
115
38
175
19
16
837
859
53
460
265
16
650
318
199
24
59
841
10
85
290
321
181
208
65
49
397
37
21
154
307
22
30
3
24
36
451
326
589
345
9
13
354
848
382
152
72
24
38
145
130
108
40
123
152
62
194
29
192
71
287
216
34
118
286
56
692
91
237
863
62
118
580
182
383
551
39
84
221
78
182
21
909
141
304
378
91
504
228
111
234
37
29
484
110
56
153
135
104
664
474
24
53
254
19
327
223
15
57
2
23
87
123
250
107
402
157
339
74
249
472
136
194
466
171
550
102
361
39
81
109
246
10
95
802
808
50
44
139
136
134
10
370
65
65
159
501
264
150
515
112
48
83
623
70
184
160
22
258
8
2
172
89
74
258
246
141
8
226
141
443
70
102
227
576
205
35
4
6
72
435
121
195
121
192
215
567
79
190
140
444
28
535
55
487
119
206
274
195
34
101
227
276
145
176
384
78
124
337
274
182
266
414
104
206
576
699
214
29
24
106
542
54
394
123
164
24
299
182
382
1
17
462
433
76
40
271
54
266
50
158
176
359
39
355
138
17
217
50
53
305
661
230
517
526
119
228
1106
83
493
130
22
36
4
76
144
39
64
213
47
302
401
57
185
68
258
44
38
91
11
312
420
33
380
63
253
1073
171
70
52
73
121
64
72
124
208
87
38
62
278
48
416
459
347
104
18
377
121
139
174
307
5
231
75
372
250
21
65
72
102
173
32
17
588
11
624
20
25
78
227
392
155
97
12
96
794
21
152
281
105
91
185
122
625
145
126
328
124
44
65
162
156
108
403
16
514
1113
74
23
9
27
18
171
150
56
69
89
240
2
222
176
180
145
359
86
245
129
138
80
706
223
26
74
21
66
257
7
419
91
74
100
142
59
208
94
175
602
361
321
321
104
118
61
943
283
176
63
179
90
300
9
19
270
517
630
199
53
62
13
64
147
199
227
14
326
378
167
152
294
223
150
174
31
3
12
161
1328
438
416
101
164
446
543
201
247
150
271
37
547
62
176
155
489
219
156
273
122
100
319
39
10
136
46
330
233
279
170
42
56
137
218
96
10
213
77
98
710
133
275
46
207
248
102
17
20
148
104
6
134
43
13
68
53
251
81
250
18
62
296
311
173
414
740
62
103
20
400
21
5
14
458
251
46
332
195
62
237
7
149
423
293
99
243
181
391
127
61
1310
784
93
605
47
43
49
1113
58
312
120
174
135
119
64
693
29
12
890
261
114
122
271
3
259
290
83
101
332
165
190
42
361
190
21
280
62
93
110
282
1060
714
44
343
60
513
329
170
90
55
447
152
444
47
498
347
125
154
192
37
186
14
249
32
396
335
246
36
281
133
27
27
201
73
4
66
12
52
23
37
298
95
98
43
494
401
157
274
125
262
3
99
196
44
12
4
42
2
221
142
115
1
218
346
287
266
330
1
144
51
76
13
49
236
161
47
278
119
79
110
162
182
158
295
131
396
216
149
98
48
226
126
9
136
23
105
121
331
239
93
51
409
73
99
1314
1
236
111
189
14
231
80
9
717
116
93
280
15
57
55
142
9
205
11
62
184
52
67
56
216
5
24
284
52
216
33
461
255
79
7
227
497
287
321
240
70
33
177
984
520
61
169
14
247
235
199
299
18
155
242
31
4
85
72
208
117
232
40
38
373
43
167
22
72
109
1167
291
176
84
36
253
194
405
298
9
2
39
462
47
305
58
276
193
48
118
87
100
280
105
32
150
749
58
461
2
189
54
561
610
127
472
42
107
118
613
602
433
81
217
494
37
202
73
90
194
34
75
5
125
138
169
174
34
73
224
59
130
80
140
132
116
35
583
20
154
305
26
9
148
223
548
14
51
223
89
78
166
88
37
109
74
23
200
366
247
192
395
44
169
6
57
79
406
125
310
214
144
23
231
362
83
189
1
19
513
4
307
58
78
521
118
881
