270
164
60
386
4
12
235
15
560
32
18
31
49
32
230
68
309
627
27
7
65
163
99
41
127
134
242
15
666
261
63
25
305
304
103
107
21
79
577
68
384
63
135
154
118
158
85
97
51
144
267
304
1271
65
42
20
75
325
178
358
200
32
390
133
62
208
267
6
27
115
205
64
35
24
9
165
167
422
90
663
184
15
370
162
28
77
91
378
233
68
212
2
53
60
459
470
84
111
46
198
11
67
387
161
8
419
434
148
114
84
437
69
427
141
162
293
38
534
486
47
17
58
252
426
218
25
755
96
298
188
18
25
505
127
143
24
64
812
147
230
891
383
547
20
190
511
79
332
254
19
225
102
163
50
577
243
497
138
147
95
471
463
2
90
417
80
92
108
52
14
304
67
64
9
87
173
566
202
624
7
122
128
83
24
314
581
375
238
17
446
317
355
226
53
577
46
33
473
7
100
405
836
380
150
110
60
354
108
185
41
177
282
36
138
114
143
9
99
65
10
80
145
509
32
196
273
46
119
16
699
633
114
283
335
59
178
213
173
472
272
531
76
244
65
253
67
80
52
37
267
113
504
564
70
388
45
415
325
120
408
14
1
116
107
9
370
389
191
71
314
652
38
377
2
30
382
19
227
56
90
191
99
380
116
66
421
103
81
34
945
228
50
205
48
191
216
128
178
418
251
287
104
50
297
419
121
14
250
82
56
54
133
111
714
109
243
330
203
46
88
297
24
55
46
106
146
125
769
98
303
402
703
162
207
280
21
28
14
1065
12
191
61
48
200
55
79
92
298
17
214
282
160
208
40
345
143
16
165
339
207
251
92
260
113
66
122
127
35
75
126
318
11
40
265
503
75
66
140
62
234
271
272
98
217
65
116
122
311
115
244
83
100
893
148
243
25
198
142
27
116
259
143
222
355
92
96
596
138
95
312
6
120
155
109
65
482
285
86
147
215
95
5
159
116
80
198
97
2
100
41
76
444
62
61
37
139
195
202
267
201
587
228
503
6
72
525
119
799
310
174
265
246
438
77
320
123
118
70
238
14
121
174
135
545
108
2
40
28
127
216
165
202
1
438
154
90
675
53
286
7
208
7
36
136
9
23
69
184
210
84
499
49
309
148
542
123
61
60
561
291
155
80
158
428
32
87
356
91
161
3
526
230
48
338
49
157
4
193
15
130
372
340
221
87
125
160
300
347
131
259
7
108
158
54
214
51
173
50
20
477
39
219
140
6
640
62
205
87
15
333
6
40
149
814
480
80
210
511
971
384
82
89
95
13
72
238
244
811
19
401
610
370
10
75
420
199
615
548
154
96
168
88
442
59
303
78
591
847
183
191
103
374
238
77
56
209
250
268
84
575
15
425
100
810
129
309
70
146
387
180
83
14
639
208
55
259
70
151
114
26
219
79
217
166
3
808
56
20
305
25
14
91
139
16
266
24
383
208
366
42
499
52
361
327
314
313
135
19
84
150
90
137
69
126
67
56
85
601
81
67
184
71
51
693
599
129
207
823
225
36
115
189
876
10
33
702
245
193
480
71
321
121
14
385
4
38
190
175
80
9
325
15
88
127
1036
610
179
79
28
77
150
82
392
51
142
130
280
459
115
226
185
306
27
216
54
461
130
70
370
280
46
68
73
66
80
157
106
765
40
21
158
330
19
404
255
521
143
36
124
460
330
53
148
118
97
260
433
74
101
105
3
101
327
569
341
242
451
31
84
39
17
128
178
23
29
44
131
21
198
701
112
57
274
63
123
207
50
119
100
257
180
321
1
193
162
132
226
21
148
187
143
33
53
87
72
380
149
125
117
173
17
791
35
42
62
137
12
50
431
354
125
280
820
130
153
1222
129
184
161
44
296
2
127
672
40
390
13
198
52
157
277
228
229
138
138
542
129
80
316
128
49
24
36
805
171
37
39
174
39
47
125
240
72
26
198
36
14
82
186
2
70
5
101
41
373
8
201
221
171
481
1157
39
209
265
427
640
126
78
85
420
402
113
295
62
394
120
53
273
191
83
1
149
411
46
48
82
171
84
22
156
399
22
363
169
47
94
92
46
386
21
69
416
85
194
40
155
69
49
94
43
33
208
219
227
46
24
416
384
126
93
298
225
265
133
79
91
145
491
249
45
6
97
25
5
2
84
267
25
153
87
864
117
181
60
88
572
198
134
479
519
248
71
418
34
220
88
78
270
309
125
84
104
93
303
288
57
372
97
362
172
192
147
383
491
123
99
40
283
170
318
226
47
20
145
700
9
56
260
150
84
352
85
7
56
89
188
4
531
114
275
49
123
218
20
180
134
369
128
174
152
163
49
99
343
1023
206
660
89
28
82
132
68
9
23
466
23
165
480
144
541
600
215
593
64
452
37
225
144
120
35
86
205
46
210
21
89
97
143
23
22
21
204
173
35
112
140
108
90
205
116
254
175
37
163
125
139
196
161
105
328
169
79
195
114
50
248
238
426
354
38
1941
55
1
328
10
2
169
147
96
82
88
227
634
226
118
23
151
177
59
307
580
216
20
13
420
52
106
267
525
507
135
444
173
237
318
261
681
91
213
89
578
80
164
344
100
129
269
41
59
598
68
24
68
351
138
222
549
72
224
308
94
129
26
36
27
94
150
4
59
49
123
115
185
188
43
304
5
251
186
446
20
739
77
142
64
154
388
232
663
480
1
198
126
3
15
239
63
32
83
1
224
4
88
99
43
107
72
43
243
181
40
158
374
4
6
213
178
130
365
385
128
65
132
286
128
127
64
108
763
379
123
260
356
243
72
17
444
599
2
106
27
312
47
226
212
102
46
660
289
341
245
31
75
177
69
100
141
57
63
125
168
70
50
657
40
221
399
170
53
100
160
140
347
115
5
10
1
107
254
164
38
42
75
261
227
1
243
121
151
51
42
47
239
59
9
43
3
301
43
37
16
424
55
60
41
31
156
195
257
76
156
68
6
231
23
5
25
213
18
181
84
270
279
52
91
128
117
193
127
92
6
95
205
151
136
42
111
820
68
184
896
84
263
245
100
425
30
206
143
202
461
41
180
188
65
80
504
220
6
37
152
56
252
532
132
109
341
147
193
143
95
99
77
232
119
22
38
335
7
113
18
3
241
74
294
23
220
151
10
146
139
130
5
223
42
302
138
184
338
45
225
263
143
195
168
146
560
130
23
864
5
118
108
338
29
294
47
865
114
14
308
224
215
477
192
102
711
20
545
20
40
441
87
29
1028
31
589
688
160
160
320
96
561
665
109
11
564
21
18
125
222
103
142
284
100
156
349
199
42
59
95
420
244
738
57
222
255
5
1
32
252
281
226
114
44
133
86
234
643
151
109
51
15
47
543
89
232
38
1
10
159
418
286
495
62
164
324
283
39
157
199
26
697
58
5
14
324
258
337
223
26
7
17
111
492
97
28
7
192
76
89
319
91
303
89
28
370
124
73
68
118
48
13
550
546
496
615
211
91
191
285
470
118
66
297
232
19
8
140
73
89
48
522
137
154
2
309
108
141
50
440
192
45
280
416
185
81
84
118
9
18
75
130
63
10
227
11
22
12
143
326
223
39
333
184
52
166
350
3
200
108
21
149
171
250
23
1444
21
688
373
72
166
278
41
183
187
32
84
75
55
442
86
28
182
110
309
25
157
151
250
83
189
362
15
7
122
374
114
241
94
281
122
39
1067
280
346
23
268
8
23
318
25
58
78
505
144
164
151
9
127
27
93
109
33
25
357
16
5
12
25
177
84
234
508
169
183
15
8
77
118
27
153
176
56
98
110
624
341
28
33
323
136
194
250
56
5
237
321
34
143
100
276
192
444
402
252
347
21
65
391
464
131
453
439
186
175
32
387
91
435
296
130
214
172
441
431
33
655
25
23
195
194
139
33
18
416
128
6
27
232
155
151
404
165
563
38
200
169
725
10
193
12
51
13
253
33
102
54
348
225
3
184
223
149
193
89
204
25
310
284
137
6
194
147
168
98
548
19
65
24
466
208
151
199
74
36
541
23
46
85
68
361
25
394
83
394
173
196
61
105
42
155
337
59
414
142
240
187
213
15
1319
174
165
145
60
437
611
294
21
335
625
1
482
19
54
38
141
267
327
111
66
142
31
250
320
665
58
104
73
385
676
64
22
344
38
264
72
16
38
178
382
23
469
52
104
9
68
157
452
263
77
120
93
32
48
84
1
52
69
79
289
258
354
164
264
31
161
186
142
103
15
8
225
68
435
56
351
67
68
242
16
437
262
190
162
5
11
48
364
176
29
189
333
306
71
145
425
79
24
211
14
12
381
61
450
29
82
141
173
88
80
20
124
256
57
8
42
324
107
341
159
8
143
348
145
166
148
119
95
194
381
188
144
41
339
26
228
419
66
226
103
303
187
431
73
49
223
17
734
26
31
97
51
14
270
271
69
168
272
96
468
271
93
116
253
474
87
42
9
54
83
211
97
10
108
628
245
349
102
73
682
175
38
372
326
188
274
90
458
63
71
12
770
421
396
76
475
76
577
292
373
97
261
152
625
185
29
491
188
126
107
136
163
287
152
392
14
18
7
453
118
22
189
554
689
231
23
200
206
124
38
415
306
683
60
206
453
427
55
16
321
151
71
213
130
45
87
325
199
93
250
305
93
133
48
46
17
67
135
2
357
95
242
56
104
23
79
151
78
64
72
133
478
415
52
3
334
104
377
295
665
344
132
224
128
312
250
282
92
63
745
63
261
12
73
79
20
97
529
613
237
30
792
453
106
351
744
2
790
390
82
172
96
59
201
116
426
90
351
47
261
240
30
128
520
123
361
71
19
383
216
454
345
333
9
311
197
41
464
72
281
2
48
277
7
608
11
38
16
147
89
464
459
23
28
435
91
148
58
10
123
8
241
164
384
177
81
89
249
47
656
294
56
63
864
157
497
227
50
40
424
158
46
440
126
136
247
1
80
31
181
42
28
514
349
89
67
268
317
147
227
199
247
146
457
6
58
516
417
213
47
943
123
236
89
582
387
77
50
148
116
43
2
10
395
744
105
535
593
138
128
474
93
215
68
389
148
206
232
176
181
173
234
88
77
40
470
166
83
150
188
95
225
144
259
223
61
26
107
30
7
16
137
410
134
633
113
79
60
113
17
526
185
188
508
53
77
46
5
619
7
146
105
249
85
471
16
353
305
284
102
10
12
207
19
133
164
223
130
228
178
232
73
18
64
96
286
335
211
494
870
11
447
37
273
441
23
33
131
1
253
278
146
635
450
85
173
154
711
105
86
443
85
222
79
443
342
909
213
137
390
119
36
138
258
341
84
137
659
937
120
102
46
114
144
96
282
70
93
154
585
55
166
33
242
188
48
498
73
2
210
467
348
451
3
220
38
66
146
79
61
31
184
559
52
189
259
10
44
169
759
247
161
251
55
411
39
244
25
117
201
130
95
420
302
79
20
207
260
362
40
104
233
68
200
62
189
163
19
476
26
51
1502
1
242
378
16
230
197
26
67
127
161
453
15
130
69
292
9
54
256
53
355
711
66
15
83
266
6
2
29
28
290
63
29
17
33
27
96
113
61
1038
14
252
212
57
162
785
66
52
191
643
82
233
169
132
105
26
191
113
818
40
726
22
258
240
36
80
137
136
9
42
198
113
450
194
93
684
57
431
1
226
204
14
177
436
19
191
318
5
117
32
371
272
80
112
521
126
734
376
41
94
161
53
192
139
73
84
829
741
34
467
14
12
10
145
84
855
225
61
142
82
461
103
327
382
141
546
209
137
158
123
138
216
957
16
126
57
494
279
193
211
438
716
107
64
391
849
75
188
45
157
608
174
35
112
489
26
105
220
141
229
571
242
169
245
8
115
283
227
120
119
54
372
207
57
82
46
44
421
10
378
31
307
424
59
133
41
12
200
151
433
125
431
81
360
95
84
621
60
106
299
255
272
211
415
49
20
127
240
62
74
567
62
168
156
98
349
55
83
692
560
635
15
353
549
702
361
265
392
189
243
236
134
199
221
145
151
879
23
314
169
93
25
55
439
29
175
487
256
406
68
51
14
97
522
58
202
47
103
73
6
124
33
50
263
40
737
80
14
573
20
196
185
495
386
5
50
20
456
55
85
517
29
56
141
16
92
257
279
137
573
180
16
162
45
560
99
126
29
113
47
213
18
201
160
99
321
49
51
70
238
136
14
10
248
68
49
480
153
176
5
90
183
601
245
155
219
34
77
223
80
2
34
69
79
352
29
94
566
182
83
40
103
32
51
694
167
125
195
86
302
145
33
119
50
169
19
209
176
143
84
17
128
18
165
189
67
166
8
162
1000
298
126
307
216
3
26
147
665
259
196
121
228
156
336
130
94
133
407
253
48
890
58
14
42
157
166
714
204
153
533
241
98
48
822
267
82
57
9
193
446
405
178
410
6
6
213
63
88
174
33
38
5
505
326
20
340
20
286
78
71
304
114
228
63
47
264
60
144
88
51
67
12
150
87
382
367
237
67
269
37
172
142
6
243
763
264
264
112
70
51
47
96
235
32
121
143
482
5
36
136
40
432
195
410
42
48
54
85
180
67
449
157
10
925
458
38
40
265
202
322
162
135
284
53
917
201
16
237
74
204
403
315
487
47
364
133
38
579
120
923
27
46
359
522
101
24
1032
161
439
129
160
114
26
166
247
104
279
112
238
28
55
349
92
34
18
83
52
283
212
314
151
119
7
164
282
132
435
385
25
44
329
179
79
160
18
509
97
228
99
7
162
362
95
72
63
153
171
103
40
62
206
124
19
186
104
368
586
20
191
222
211
222
828
232
442
18
95
143
239
12
220
501
853
165
56
58
281
24
183
133
40
73
1294
29
86
167
223
141
313
89
148
132
182
284
335
82
67
239
304
268
36
274
230
150
110
290
46
81
190
65
260
208
330
451
110
120
24
214
189
718
288
186
102
225
150
127
6
16
196
288
506
135
437
41
435
62
98
197
126
220
51
209
398
480
264
295
122
153
306
110
83
204
115
409
414
24
195
5
248
111
30
94
61
24
168
6
15
144
137
10
18
376
164
12
61
64
255
98
135
683
89
195
78
404
127
488
110
25
211
394
67
385
28
86
24
113
138
32
91
192
122
207
612
550
41
162
145
238
199
485
284
325
112
55
90
859
196
47
90
133
733
208
145
339
1
48
197
260
166
197
58
440
17
279
337
125
60
106
166
24
107
55
81
166
38
129
189
71
277
628
382
132
160
60
145
260
63
50
325
287
56
304
160
192
60
112
58
112
154
25
235
111
26
803
30
55
93
273
166
14
314
15
464
368
532
317
270
719
145
84
133
284
191
30
112
11
850
119
234
70
91
95
149
141
438
126
532
69
100
234
12
153
313
40
89
289
60
171
859
473
112
61
88
106
84
118
100
107
86
72
103
1
232
26
7
42
607
269
78
209
46
36
64
464
418
207
500
509
63
28
102
381
310
100
583
427
234
220
72
449
150
46
140
629
7
135
152
66
205
168
290
245
90
55
265
86
65
151
25
121
71
50
124
21
128
384
198
326
143
877
86
212
315
18
605
7
155
383
227
165
94
116
161
81
4
49
75
3
75
196
80
676
64
336
1
484
119
137
192
65
59
333
16
339
144
177
160
167
508
312
129
297
221
161
344
389
514
185
50
3
101
117
309
155
244
23
45
145
299
417
721
409
665
283
91
132
33
18
584
94
138
22
62
200
29
360
162
19
107
29
3
110
7
47
162
251
251
142
170
24
191
66
185
195
65
221
118
250
59
219
198
266
40
334
269
341
128
517
174
71
109
279
178
70
355
402
158
143
1
208
719
399
48
248
58
8
110
185
445
158
130
29
530
102
126
34
537
819
131
41
166
52
128
201
44
210
131
18
145
105
421
94
190
481
493
427
144
20
51
365
193
786
165
2
6
174
124
181
50
276
10
235
5
18
234
36
109
128
292
56
13
90
52
281
8
88
35
54
344
53
21
414
431
938
83
156
587
696
383
323
77
242
35
56
75
159
310
579
43
253
174
119
199
309
157
16
31
63
127
526
122
93
13
110
70
146
272
232
160
254
516
224
71
102
445
89
201
289
16
329
309
75
448
146
141
172
470
365
36
236
131
360
154
431
250
110
313
126
317
28
157
121
163
79
166
92
109
63
7
87
122
314
347
33
300
966
343
19
881
295
225
205
468
160
8
198
60
5
222
253
190
61
132
62
50
19
406
22
2
532
101
100
110
36
62
19
100
29
158
33
13
337
187
20
162
99
284
503
132
181
167
25
104
48
289
250
823
144
73
15
3
3
121
118
14
102
109
656
1
485
140
12
953
28
51
958
83
96
90
158
299
263
121
130
130
332
197
355
141
93
77
238
435
490
310
149
14
45
542
170
604
6
88
171
53
20
30
60
59
65
84
290
26
56
213
177
53
190
33
25
8
212
230
98
40
268
336
27
246
134
326
229
234
457
184
537
359
73
72
301
102
159
9
73
18
34
366
44
33
449
64
153
114
166
152
143
152
76
317
47
388
102
92
7
281
212
182
360
117
176
3
103
617
96
208
87
372
250
3
6
355
209
281
149
28
152
82
104
225
44
367
45
752
68
73
80
302
32
153
120
70
669
505
630
46
231
41
171
34
99
153
293
575
176
49
933
35
46
469
96
116
205
461
1
28
263
205
56
134
589
119
110
50
243
1
53
149
18
150
22
94
393
20
17
62
30
25
74
33
116
102
247
273
204
293
720
661
148
275
110
243
86
50
389
210
63
182
916
97
505
100
156
119
7
265
179
219
120
282
76
81
78
78
203
187
448
18
608
260
223
81
129
83
88
172
81
184
90
93
633
83
61
84
603
513
7
369
453
21
101
66
80
146
35
145
96
29
352
81
56
60
107
122
839
102
240
17
438
230
429
85
360
11
435
300
417
542
43
32
165
196
164
229
27
24
125
38
26
153
175
356
192
995
43
146
139
878
344
33
10
23
688
422
68
64
71
590
78
48
16
250
26
99
57
316
603
27
766
343
2
21
4
284
76
625
232
61
156
72
439
8
309
223
668
226
601
367
250
581
286
17
123
668
16
202
130
70
151
34
217
84
36
49
250
27
10
293
298
297
179
197
308
367
165
295
116
311
113
238
16
244
31
121
84
215
451
239
1
241
9
98
232
616
222
95
664
306
888
208
167
133
23
85
25
141
69
101
40
187
71
403
7
1
412
374
550
453
6
2
65
96
33
188
121
51
180
34
311
117
314
101
98
39
145
547
44
340
91
27
41
402
20
132
698
127
364
91
228
28
412
18
133
158
693
45
169
12
620
51
511
204
169
110
302
630
47
680
14
105
206
29
231
209
81
282
747
165
99
246
51
31
337
159
149
56
21
28
414
244
278
85
341
292
479
252
141
71
159
22
135
278
120
43
26
94
135
1
403
181
84
37
117
15
44
23
3
93
180
700
108
289
579
97
210
12
395
411
159
1
399
22
565
36
174
218
32
336
3
200
38
258
844
197
110
102
82
169
68
224
902
418
125
39
127
68
73
177
595
15
23
50
123
337
192
332
72
141
211
16
79
30
32
579
17
169
129
570
145
357
104
261
67
185
143
49
51
22
102
64
36
19
183
118
182
42
113
237
86
62
261
193
327
25
281
21
370
15
28
408
849
433
30
672
565
138
60
147
17
749
60
424
672
72
218
145
147
59
4
219
494
20
238
55
331
59
233
413
738
319
28
235
712
339
752
214
462
140
205
11
416
30
530
4
67
222
34
189
113
34
259
109
228
256
19
16
216
81
87
318
203
2
118
60
217
325
30
496
168
33
319
28
109
490
40
28
143
280
33
61
140
24
200
134
302
133
217
194
211
51
412
55
124
166
59
293
49
26
160
243
336
171
20
106
133
261
137
146
146
242
568
81
426
117
149
59
344
74
99
241
9
462
20
109
159
473
684
289
286
29
394
344
809
136
25
452
341
21
17
77
203
61
9
7
227
167
480
579
429
249
126
134
13
111
175
102
125
18
46
28
100
73
116
489
435
50
215
531
29
197
383
144
224
300
41
522
729
863
4
197
143
328
71
140
473
596
192
17
58
261
321
19
40
42
94
128
326
222
276
46
25
5
123
528
457
39
76
480
342
74
312
47
253
72
145
187
274
259
44
47
107
16
342
49
33
114
126
355
133
85
194
276
106
17
60
54
11
858
186
52
53
51
453
120
878
136
698
1
250
21
10
96
515
577
155
113
75
301
56
37
32
84
266
569
204
233
80
571
85
81
117
125
44
147
253
591
64
66
259
54
494
140
183
6
53
282
122
883
200
13
591
139
128
88
292
141
100
358
125
107
123
515
113
163
222
18
89
32
1009
33
15
46
111
128
3
113
57
147
68
136
11
48
156
240
194
219
190
139
52
180
42
370
153
16
101
298
174
439
203
81
9
41
142
31
66
198
37
250
86
369
651
448
133
59
243
127
49
33
98
83
222
30
264
66
43
229
97
270
340
2
20
203
293
12
287
199
137
236
211
366
100
507
204
131
328
72
358
91
86
68
109
293
49
266
11
190
144
56
213
108
56
184
890
7
2
8
298
178
10
129
305
195
239
160
233
431
392
168
11
302
174
31
61
436
79
272
336
169
12
377
235
23
235
525
71
84
11
874
245
69
431
427
179
250
10
25
240
19
124
88
42
621
565
93
234
29
114
190
108
264
365
40
43
126
632
83
253
50
220
92
552
84
518
492
351
190
240
182
132
106
102
14
328
750
532
52
232
69
561
448
677
145
88
146
16
133
336
67
218
40
18
52
14
239
11
219
647
216
96
169
14
147
109
42
39
294
145
165
124
133
49
51
70
41
165
263
132
139
1011
70
63
166
2
48
475
215
27
78
40
9
67
45
237
111
58
74
69
23
29
337
117
42
184
83
582
377
440
67
289
43
47
1
97
168
187
162
139
403
646
36
101
307
15
58
361
130
171
23
396
185
232
4
64
47
102
14
42
122
54
54
139
180
27
32
175
53
148
19
21
74
88
169
52
290
420
17
39
95
12
88
78
251
160
329
343
250
439
80
2
322
664
54
131
14
99
152
33
113
392
57
39
75
14
1
5
240
72
197
190
36
79
508
340
275
168
102
36
45
76
30
23
148
485
152
253
78
193
17
22
448
44
8
110
161
346
6
368
31
106
117
64
50
706
291
49
372
11
188
185
143
443
187
476
22
96
656
119
110
99
322
36
42
174
18
277
10
79
73
128
141
274
217
136
64
166
581
23
1204
300
379
218
366
321
553
161
410
32
663
25
288
58
310
298
256
149
176
69
34
55
172
106
7
75
3
362
103
202
186
319
9
1119
27
18
253
43
111
465
985
117
165
99
20
256
56
23
281
3
85
99
176
45
235
418
337
175
348
17
3
235
880
73
211
112
7
339
5
41
124
153
132
856
95
36
136
69
120
9
98
138
282
191
96
333
175
333
311
141
2
50
415
45
113
95
87
59
284
9
707
408
152
275
45
610
195
153
103
106
318
40
163
452
331
279
553
209
68
405
265
135
17
127
18
184
90
130
140
30
20
34
29
73
47
163
367
911
23
359
178
142
281
371
11
184
18
329
938
58
509
111
64
109
32
62
20
73
72
302
76
43
107
295
106
145
38
239
613
48
54
186
39
749
452
16
143
127
283
1
195
28
249
172
406
207
457
61
232
235
410
42
373
4
237
255
13
137
40
196
520
47
1
187
196
40
431
198
102
351
182
304
58
288
672
29
363
828
202
81
1
22
304
77
825
223
138
12
226
47
20
143
919
6
1022
348
270
117
130
809
8
128
676
325
210
184
20
200
80
259
56
164
147
390
359
143
129
231
839
10
44
178
405
56
51
43
102
122
226
15
150
82
177
221
347
592
519
13
178
77
84
197
45
61
13
55
526
338
458
12
484
41
469
153
159
116
156
238
920
505
514
80
751
184
12
32
253
76
153
149
11
37
255
482
175
641
311
138
12
2
232
60
195
38
112
501
65
110
248
1111
31
385
78
122
403
106
69
24
316
50
65
87
36
395
32
64
12
104
49
388
73
177
23
50
13
564
266
173
66
56
83
5
338
25
11
215
80
26
844
54
312
45
69
391
246
333
33
417
428
165
43
142
380
284
64
86
286
201
31
78
454
219
416
38
170
300
203
23
179
319
227
210
8
2
14
84
165
31
23
87
499
191
493
186
692
121
33
146
379
191
74
510
156
39
191
75
165
29
590
600
705
54
277
707
124
195
114
13
234
238
52
322
189
678
527
66
6
78
153
15
11
127
53
28
264
757
239
299
151
240
44
71
430
552
110
64
175
52
166
56
34
8
173
313
1
55
25
200
133
261
16
341
230
1007
60
211
17
1005
22
91
341
45
565
52
362
30
289
22
144
56
723
19
26
120
13
90
265
64
243
254
450
291
61
9
211
48
17
39
66
401
215
88
89
180
17
316
113
298
234
127
642
69
150
290
347
541
109
4
7
28
62
174
478
54
111
135
125
91
260
86
30
610
8
133
228
9
388
3
90
147
607
396
51
50
111
105
192
47
58
267
254
17
253
49
62
218
275
95
49
470
173
316
155
82
272
676
464
549
392
409
109
280
33
53
45
22
50
25
542
247
900
649
49
199
77
182
326
69
57
101
182
144
87
21
126
331
31
129
268
425
4
79
132
173
264
1087
93
51
326
689
74
182
487
186
152
135
222
220
120
18
314
237
450
17
25
345
1
445
114
35
138
242
190
71
152
339
770
10
350
18
106
1
90
274
31
10
64
181
256
81
53
251
19
457
864
260
65
134
77
341
216
203
18
117
60
232
201
2
5
271
54
105
195
54
336
278
210
31
204
21
288
127
61
178
233
22
85
303
174
179
225
156
248
931
946
91
499
87
617
105
367
478
413
30
90
204
130
515
55
46
110
93
112
528
278
346
874
404
8
315
28
181
114
266
77
298
75
600
455
26
278
1054
57
368
183
116
448
37
60
71
169
6
2
2
239
148
1
59
52
51
257
154
90
542
11
313
12
2
257
459
377
318
94
127
473
73
407
232
357
262
35
196
30
397
96
335
443
7
110
114
137
219
213
1444
13
2
14
341
86
42
142
28
289
32
64
55
78
153
267
131
29
50
62
93
67
115
23
339
225
50
136
206
249
37
229
99
86
42
27
208
122
64
153
304
792
474
759
118
375
52
371
202
19
133
297
261
43
582
90
62
13
318
328
405
212
35
56
29
241
331
658
344
134
231
62
47
41
308
28
538
222
164
113
42
87
87
636
184
447
11
463
196
101
122
8
348
534
160
94
416
524
41
104
189
99
79
290
819
100
122
119
65
356
37
79
102
457
191
44
192
61
430
18
173
98
393
662
568
2
250
243
131
43
175
93
1421
656
166
229
470
792
165
284
291
47
35
626
264
14
6
637
26
2
10
390
7
14
201
120
93
40
135
121
7
895
60
422
236
368
52
61
802
216
250
714
106
151
24
84
436
147
79
326
38
242
185
290
22
341
93
122
733
184
43
117
353
38
107
8
24
143
198
85
119
133
136
21
552
90
15
21
295
67
46
99
162
269
21
573
30
95
206
8
85
60
184
16
100
508
55
11
101
69
152
90
278
390
120
54
312
24
160
112
145
254
80
126
293
93
153
26
235
334
772
84
307
803
653
90
126
300
434
48
106
89
40
85
165
148
22
174
29
9
153
29
126
150
82
416
8
234
98
196
156
155
430
190
77
121
1085
454
1
190
128
495
261
258
68
481
290
166
562
110
388
58
130
187
43
285
356
162
70
198
184
93
233
76
352
41
234
44
438
409
39
210
18
207
212
57
5
65
127
107
107
31
162
225
70
364
131
327
98
155
45
687
178
406
85
57
58
133
90
168
70
15
99
121
302
727
44
195
10
57
1227
381
609
50
162
23
96
106
81
104
157
583
28
81
54
52
578
304
167
9
143
304
82
408
58
527
177
173
20
102
125
52
453
952
587
50
443
40
178
137
735
200
336
1513
39
41
431
31
31
246
31
126
8
442
187
57
182
80
140
51
325
669
398
49
520
71
286
334
79
91
58
403
377
495
225
3
33
359
90
479
334
35
82
129
165
312
37
290
129
58
133
289
136
161
71
317
14
174
256
277
82
745
35
432
190
5
172
98
178
116
593
107
9
193
122
405
108
50
161
176
35
200
128
35
12
55
70
34
148
809
29
432
25
40
173
142
33
13
544
195
271
1105
105
29
30
466
310
158
217
288
280
123
30
281
89
120
22
562
360
14
246
1
61
36
175
817
56
67
163
134
29
77
172
86
642
32
201
40
176
138
15
378
56
267
25
57
5
304
647
110
98
475
61
131
85
197
92
53
88
90
33
22
151
34
306
39
72
25
64
647
14
336
29
276
621
89
5
17
70
97
228
70
411
203
9
178
178
103
346
195
175
128
126
9
118
501
292
3
182
74
5
21
112
221
13
171
71
390
1363
167
851
178
5
1
237
340
26
396
37
253
5
233
14
616
61
323
38
132
214
52
129
172
14
308
344
83
313
68
30
91
108
91
413
337
131
370
251
182
314
36
50
451
280
334
108
262
142
46
686
334
69
9
8
92
329
168
95
43
669
234
351
185
381
130
241
173
58
624
64
258
169
248
403
86
149
49
246
77
101
111
14
720
55
144
379
260
404
80
44
230
615
112
38
432
23
57
40
134
60
78
37
155
42
12
41
175
167
712
133
361
83
782
218
26
304
158
617
69
19
70
82
94
372
925
120
27
47
92
1216
57
32
294
222
710
178
21
50
45
343
894
291
839
677
265
517
141
498
436
389
69
150
8
361
473
117
250
108
345
98
404
324
213
64
677
150
161
585
18
1066
456
612
5
7
15
27
438
873
126
92
28
152
158
125
130
239
6
63
296
66
16
22
27
48
182
252
111
576
103
209
185
138
125
86
225
54
784
430
988
622
119
168
246
111
130
101
409
441
169
170
42
267
174
8
397
342
13
65
141
184
53
71
176
228
301
24
98
315
47
150
565
464
746
227
461
118
20
7
343
88
125
74
352
547
191
17
31
40
26
127
104
207
87
258
72
127
342
12
117
183
360
165
681
405
227
171
355
763
2
77
64
1
263
36
102
140
13
85
94
339
615
150
38
235
219
683
94
284
214
261
764
3
153
245
211
400
63
376
126
412
106
102
147
249
136
151
121
150
101
38
73
52
345
105
234
349
221
69
292
105
122
98
670
385
172
477
501
410
167
336
192
119
21
209
44
79
620
152
99
171
226
22
8
422
18
304
238
184
120
39
309
58
128
1
51
111
349
79
7
361
127
141
544
135
122
215
67
215
111
1
118
224
168
489
1
45
44
8
289
8
235
79
17
18
12
66
106
134
267
83
189
224
830
222
503
60
125
54
21
138
72
138
245
78
79
180
917
178
240
70
76
200
224
211
206
228
214
197
8
65
90
159
185
64
45
304
486
130
239
106
73
181
15
70
21
134
313
85
27
110
55
93
188
83
62
71
335
295
331
40
119
136
84
291
74
133
74
5
21
84
78
112
502
222
79
96
100
187
106
185
416
7
158
342
282
177
526
192
64
14
32
314
367
73
505
7
93
29
177
74
142
144
22
282
69
108
272
128
46
176
49
2
12
262
120
471
246
65
259
41
9
55
102
7
58
88
517
185
299
3
106
60
3
26
100
16
25
135
20
1216
949
318
364
109
353
314
412
191
59
293
74
319
138
536
96
43
163
277
305
583
383
424
57
49
80
295
31
70
117
146
58
23
13
18
138
528
235
124
353
211
9
466
504
125
86
284
2
66
133
14
144
283
65
126
218
57
3
151
442
151
207
21
37
220
161
281
3
358
135
605
112
115
158
784
103
108
210
71
69
5
184
87
260
586
13
127
74
29
131
538
300
27
122
320
461
62
124
180
315
212
108
119
412
24
20
298
42
23
324
22
80
401
78
26
202
207
169
163
558
95
681
889
152
203
590
33
184
47
192
376
367
28
1227
21
124
156
388
149
73
45
160
233
76
730
454
87
7
45
142
90
100
44
169
38
130
374
154
212
142
146
241
54
280
49
25
5
174
71
375
568
93
176
797
156
156
53
113
140
78
39
516
135
190
150
51
113
153
276
793
306
639
552
53
562
257
20
936
74
252
229
510
46
186
93
150
26
98
56
397
135
132
90
48
145
196
7
247
38
47
165
98
773
97
529
171
194
153
33
41
4
119
247
306
636
336
422
662
377
81
79
802
244
22
288
22
753
162
17
208
66
190
251
44
210
72
224
562
102
167
3
187
39
118
25
731
78
102
213
105
26
569
147
109
2
87
184
228
99
195
294
139
23
116
401
46
38
82
15
96
402
312
140
143
296
129
88
432
419
88
124
79
70
433
176
209
254
1
77
92
52
31
491
177
127
833
431
156
450
43
267
311
18
296
225
134
299
101
183
274
228
64
65
146
243
498
1230
833
205
109
173
536
565
144
10
12
212
29
395
234
28
225
2
476
177
224
322
130
25
35
270
202
58
82
73
30
209
441
624
181
7
163
59
133
588
56
106
472
109
92
23
127
36
231
575
78
92
57
92
291
239
334
99
127
174
78
655
230
101
276
94
131
201
674
121
130
200
503
837
770
960
287
32
10
57
48
76
122
457
368
18
770
98
138
411
3
28
184
435
833
41
151
429
137
205
314
133
250
86
53
121
645
14
784
263
540
186
85
191
175
24
101
423
18
5
119
55
419
352
30
544
52
50
92
363
79
258
295
438
81
109
659
51
96
321
68
347
762
110
60
11
341
108
119
449
103
108
893
59
142
15
135
40
553
224
135
74
145
6
54
109
345
30
841
109
188
353
154
188
96
397
53
167
26
230
26
137
176
83
158
104
45
258
334
499
792
236
49
18
117
34
25
10
3
289
63
437
398
59
40
135
229
11
197
318
69
59
31
62
202
154
200
451
21
27
375
216
170
98
632
225
81
42
509
692
15
150
413
43
46
205
59
19
290
18
469
25
732
572
352
1
458
259
390
208
39
15
548
30
63
366
51
74
57
220
297
180
149
196
628
189
155
7
103
57
393
6
195
188
219
6
18
263
14
176
517
71
61
370
3
72
683
21
192
520
23
188
95
159
52
51
293
33
189
526
379
4
155
501
111
18
237
61
109
234
38
293
199
49
6
39
184
77
492
40
355
44
218
137
6
231
98
123
212
149
3
75
111
234
250
281
12
13
55
386
527
81
177
450
400
128
880
66
350
172
239
16
212
141
145
66
198
15
161
114
10
39
40
193
156
278
209
142
88
309
78
138
72
84
8
161
190
403
138
359
103
230
57
267
695
606
23
98
216
855
191
51
131
60
100
293
48
508
578
26
57
50
330
86
350
187
174
71
597
499
283
859
200
125
365
19
280
89
259
239
47
570
332
409
173
210
297
31
9
29
160
140
280
10
104
5
96
57
201
216
11
393
334
87
111
640
20
6
16
61
140
171
585
216
254
97
13
570
68
176
53
157
280
151
1059
214
219
195
114
179
568
29
40
208
160
4
64
114
687
108
22
515
105
373
32
17
62
271
267
121
275
110
171
146
43
10
40
39
839
242
11
43
185
39
237
594
244
153
62
93
298
17
19
78
62
326
220
92
250
448
145
47
326
115
121
210
368
410
192
116
186
70
465
343
12
52
10
35
381
519
19
126
36
348
97
33
264
49
687
455
227
282
101
667
626
439
379
278
6
309
241
1236
189
453
53
125
18
231
312
99
105
229
4
204
26
107
116
346
77
76
21
63
24
49
128
42
159
140
83
374
106
158
507
29
519
130
441
81
334
502
164
126
205
288
508
7
1017
177
309
130
92
322
245
73
76
26
525
15
287
127
19
41
1
409
404
355
79
129
77
381
250
63
19
561
214
182
63
993
123
10
14
647
17
373
6
7
529
73
10
144
198
122
391
52
35
120
50
328
109
312
160
219
183
9
46
16
104
17
24
22
157
128
1027
377
134
19
441
248
563
160
47
31
4
180
2
219
172
574
275
135
222
321
49
204
199
144
359
383
228
175
24
34
191
141
102
112
128
203
258
335
227
194
410
74
211
131
130
101
69
770
77
7
96
85
153
388
73
529
874
806
26
544
141
35
98
281
43
247
283
15
159
7
339
57
186
15
18
42
341
158
237
34
456
71
238
267
79
192
129
140
300
433
48
117
30
87
486
327
97
109
484
112
721
65
94
27
13
48
258
58
36
121
142
7
154
412
186
283
1722
117
78
108
104
242
65
416
117
39
181
46
14
1
86
53
47
227
246
512
1074
54
341
226
56
225
331
32
96
14
577
212
164
15
97
343
37
70
133
130
117
73
40
128
118
196
78
125
11
176
150
65
57
87
123
569
97
964
2
1332
226
462
99
31
184
123
153
360
121
55
379
622
287
195
278
20
326
37
531
170
463
166
419
310
279
143
172
944
139
103
411
14
283
26
124
107
76
307
1018
160
275
358
53
135
191
55
270
150
150
55
26
131
271
102
34
7
157
89
620
54
22
26
138
306
11
41
150
25
135
118
81
4
199
20
79
261
330
130
521
44
19
34
224
171
35
21
19
160
275
66
49
164
72
172
82
165
18
65
314
96
140
11
120
65
294
285
229
309
274
425
111
135
13
630
52
253
78
427
290
381
174
91
350
75
311
112
38
301
129
69
75
317
78
115
185
74
546
66
232
57
110
48
240
301
23
104
58
53
1
44
187
108
88
111
20
74
398
159
32
303
525
378
785
110
147
212
98
17
808
353
169
37
112
121
163
98
800
711
13
496
168
238
96
237
129
1196
40
368
106
5
267
426
59
68
155
315
59
706
267
150
402
71
107
14
586
327
32
191
156
390
349
7
706
62
43
21
118
80
15
219
475
37
287
92
85
217
170
468
65
423
564
160
200
71
28
544
281
231
648
263
260
739
158
77
288
1
141
4
387
100
192
2
113
141
99
134
44
273
141
51
549
18
195
4
110
34
134
54
51
261
368
738
174
641
16
708
19
51
24
327
101
409
139
164
209
305
28
127
453
7
190
234
39
146
281
292
126
508
20
444
76
316
676
161
53
36
21
218
231
125
35
306
369
39
59
133
341
683
359
137
194
262
1
245
149
77
210
188
21
89
101
73
180
628
396
201
481
213
36
153
431
131
28
57
16
113
56
108
322
56
242
263
207
298
207
32
25
385
674
77
267
620
235
84
46
143
102
91
539
51
205
43
190
56
386
120
12
132
234
121
9
3
63
72
81
334
81
87
224
245
245
203
451
489
25
82
455
673
308
393
251
97
287
249
99
580
142
197
390
441
212
36
176
462
112
72
32
48
251
29
143
225
48
67
42
34
214
19
3
12
174
44
288
89
180
205
79
1406
186
725
198
558
8
178
14
273
103
321
206
12
67
300
155
307
40
551
75
79
29
411
131
262
232
111
228
20
9
1027
29
7
2
215
193
199
179
53
250
185
286
351
126
35
92
6
60
63
202
58
14
302
51
113
352
34
84
167
35
59
409
59
23
457
516
339
38
228
466
15
88
282
111
99
90
8
33
21
295
179
632
367
84
183
113
710
40
257
31
185
943
51
225
94
31
215
458
160
261
151
106
159
105
241
211
121
36
552
210
229
290
111
407
71
27
174
26
39
57
8
2
136
12
22
455
296
261
184
349
547
340
82
100
171
426
33
9
660
322
342
263
529
150
218
114
41
134
55
135
42
84
503
52
36
82
254
351
83
587
52
561
3
13
715
718
154
97
9
160
351
71
91
22
126
546
111
12
4
186
338
176
195
90
109
105
140
446
186
180
114
129
63
345
313
41
8
25
66
23
150
124
509
294
697
77
98
124
8
135
71
273
60
69
168
327
317
146
95
451
5
38
425
173
215
101
58
952
364
201
28
385
756
106
20
113
282
298
58
38
13
357
134
61
55
85
172
286
151
397
191
184
598
95
758
27
166
527
84
101
106
40
402
1
828
94
35
174
164
247
18
260
59
147
4
189
34
77
222
487
79
20
4
89
17
413
135
167
90
7
749
99
142
58
278
155
89
228
465
194
542
47
100
96
191
83
70
83
24
202
83
155
20
45
86
192
355
37
208
617
209
215
10
16
180
42
142
7
27
888
16
9
34
44
30
776
86
107
228
19
556
162
158
142
781
149
87
484
81
187
34
549
56
23
102
200
394
40
81
214
151
75
101
113
49
120
286
671
422
48
147
177
41
42
250
67
83
276
262
417
117
98
40
275
41
5
395
85
48
59
429
37
9
1
165
126
349
173
36
94
385
161
25
221
25
132
273
527
269
447
35
55
258
157
91
50
257
100
51
177
66
66
71
506
85
284
51
507
108
9
256
355
30
180
277
59
250
54
1
20
790
81
65
338
129
616
341
303
82
156
58
353
103
780
38
404
84
193
4
217
30
32
65
165
335
357
217
88
233
18
79
4
16
296
243
148
240
86
25
119
248
32
219
200
207
482
172
160
34
685
152
211
393
7
30
96
40
26
14
18
123
143
2
161
59
65
3
92
27
69
72
359
286
51
38
211
312
130
10
22
26
154
83
568
36
238
19
239
285
204
33
207
36
365
358
27
656
55
285
121
45
43
445
32
192
29
112
203
83
519
182
60
326
100
677
230
90
672
95
146
69
525
12
81
222
56
8
284
416
105
123
719
18
75
408
42
197
175
17
114
142
86
237
84
781
630
507
25
128
148
255
116
263
395
486
153
161
265
80
17
418
406
183
49
220
276
232
86
88
192
257
747
55
231
68
63
208
857
224
171
55
433
73
210
60
216
325
268
23
37
432
72
16
11
202
166
159
117
62
192
179
200
551
71
42
246
307
159
4
176
218
136
27
110
307
550
62
437
308
148
88
58
89
53
313
268
981
136
10
41
903
173
82
90
60
149
260
9
15
69
151
44
71
99
75
83
67
227
92
121
438
162
6
147
392
64
170
9
14
171
47
184
257
105
340
437
46
408
624
35
138
43
360
192
640
431
238
233
101
375
103
187
22
186
173
92
748
109
40
111
48
128
306
38
312
408
129
200
57
211
232
90
426
158
327
758
929
232
454
92
40
2
106
581
102
151
41
6
287
61
182
237
293
572
59
47
874
81
690
90
360
64
120
328
143
54
151
283
246
184
58
25
37
79
223
105
242
67
261
169
268
839
5
1
7
365
342
417
174
278
40
43
99
53
137
136
31
276
77
301
101
150
337
146
89
158
222
65
493
485
355
509
452
91
411
366
63
22
99
40
71
225
47
169
70
27
318
61
1
33
243
47
73
122
90
1387
50
5
25
40
482
162
336
369
237
296
309
10
253
301
182
708
86
58
91
72
463
204
8
320
308
25
111
160
214
127
97
359
232
236
546
18
149
119
260
560
13
38
194
326
176
995
320
566
101
48
43
148
154
162
197
200
212
466
121
219
207
281
20
30
36
20
64
75
167
497
82
218
102
26
120
203
9
745
13
197
176
455
118
259
135
275
235
29
54
92
701
274
111
173
109
398
150
88
136
143
332
98
28
75
167
298
169
107
55
10
39
106
147
52
19
267
5
41
15
148
202
626
96
82
27
75
3
342
26
44
39
233
1
92
73
4
464
416
134
86
67
193
212
144
66
256
79
262
91
520
83
389
109
252
73
76
372
106
56
210
275
542
28
42
385
129
312
293
47
289
564
1001
59
45
254
1
106
137
165
51
249
29
290
9
199
66
176
492
208
114
43
371
238
131
92
243
11
104
51
99
285
94
416
59
46
99
77
319
520
59
111
17
54
11
89
349
292
425
66
246
165
6
223
267
248
83
28
61
56
641
679
158
70
53
124
93
33
433
26
208
74
71
291
138
13
6
359
320
335
84
219
188
183
549
45
141
3
185
421
56
11
6
21
282
5
124
18
542
18
129
139
33
143
147
211
7
73
137
201
101
47
17
55
421
258
960
5
38
67
689
68
91
13
180
108
94
195
297
88
412
608
9
168
282
614
106
92
171
8
883
483
457
398
22
256
26
426
27
22
182
229
254
58
238
355
264
115
185
56
130
20
125
232
166
31
274
150
11
109
89
69
28
157
112
36
5
9
65
758
90
25
137
354
263
428
205
437
193
100
134
138
129
85
79
39
23
286
59
177
25
151
657
18
205
27
597
637
8
88
206
444
339
126
108
344
131
146
603
260
146
56
488
129
62
93
108
68
361
230
58
648
420
205
76
102
81
710
65
168
551
6
382
127
240
64
283
49
7
246
258
334
311
213
191
258
540
214
11
377
2
440
163
584
44
487
229
39
23
24
13
300
23
216
430
149
76
91
282
10
9
50
102
171
430
5
37
64
36
458
412
215
780
16
357
74
150
259
223
82
695
71
321
372
152
12
12
371
13
73
139
329
294
10
282
108
86
122
945
186
54
4
421
134
43
210
177
65
516
228
56
289
3
1140
361
137
305
56
9
40
114
91
487
127
13
100
516
245
349
305
86
230
4
32
104
15
41
278
36
161
7
178
234
76
109
103
88
514
6
127
373
58
4
153
292
126
88
232
94
306
10
160
86
557
768
208
29
25
176
53
288
75
18
135
214
330
129
107
98
314
6
45
343
276
133
151
228
246
232
170
503
620
369
6
566
62
38
20
20
70
27
217
108
42
494
205
28
8
161
218
322
53
30
26
219
81
192
303
23
166
232
494
253
138
29
44
506
7
58
64
208
59
197
81
2
70
607
143
117
292
26
136
76
372
74
28
109
199
65
114
88
420
172
320
64
214
538
290
517
15
124
47
143
184
1421
58
60
47
48
315
61
257
271
673
136
240
18
88
126
55
111
89
166
645
38
148
111
208
87
33
115
231
207
26
268
511
59
31
267
693
74
102
188
185
15
400
265
81
181
29
155
256
26
31
260
180
433
187
92
207
180
139
306
210
53
126
263
289
134
122
388
21
120
123
373
16
395
234
69
276
173
6
243
191
141
19
228
5
253
313
202
330
614
222
29
46
58
489
54
208
454
88
412
170
114
78
224
294
612
216
57
112
87
332
96
109
349
52
21
691
62
7
22
59
347
55
138
12
79
86
82
12
296
258
432
375
215
160
32
71
67
251
159
75
365
132
79
187
108
69
140
192
257
143
861
15
232
141
268
98
219
417
126
118
137
37
361
370
23
547
209
53
435
143
673
336
159
61
208
193
244
278
60
194
412
192
388
76
26
134
161
370
17
346
102
56
157
1381
144
594
91
131
512
23
430
110
27
337
176
172
308
397
49
305
172
23
20
676
193
4
321
496
134
155
732
264
60
366
133
62
158
5
187
105
10
117
137
158
137
220
208
18
154
253
167
68
141
218
90
100
149
37
133
58
529
13
84
92
138
183
840
258
105
100
184
35
118
249
7
237
96
42
6
212
7
151
126
424
579
89
54
589
37
262
8
215
24
125
297
246
534
383
323
380
110
385
249
101
430
91
463
102
561
218
192
95
280
189
256
462
201
250
430
461
135
204
106
7
24
63
120
619
245
458
306
368
273
222
452
1251
129
341
185
481
38
385
444
166
147
58
53
104
34
265
12
270
299
317
210
840
372
125
34
150
77
2
419
190
97
171
243
14
223
122
262
45
484
812
520
272
138
238
807
36
550
433
21
39
209
14
456
371
16
144
58
13
184
106
26
317
42
293
65
487
64
202
690
602
380
273
99
216
44
38
14
222
58
22
600
29
17
70
98
213
108
84
245
107
270
77
211
272
381
516
89
16
111
226
22
172
145
72
155
66
127
407
215
30
47
316
33
282
97
68
118
42
76
86
17
217
61
473
234
151
481
40
65
75
188
414
1
44
66
68
54
311
145
581
7
139
299
355
354
106
49
338
136
514
13
102
148
20
6
76
163
558
273
32
624
180
213
133
205
217
90
322
517
178
410
150
165
103
276
162
245
226
175
199
10
15
323
351
304
52
60
215
221
133
174
450
503
24
270
270
17
152
339
105
210
72
111
250
239
47
300
302
21
90
351
116
255
158
144
116
44
315
141
3
151
100
133
742
66
65
96
366
128
19
161
33
10
291
104
168
1182
3
86
306
487
130
204
531
47
1059
5
140
239
268
223
115
274
187
93
103
269
254
114
587
15
82
76
154
86
10
96
27
24
193
319
76
214
63
11
278
75
301
1
289
338
53
1358
562
2
316
935
215
185
68
23
45
49
845
241
155
95
108
63
97
305
159
72
181
111
44
116
148
510
713
648
112
222
218
16
144
23
83
589
237
288
11
609
241
85
133
30
183
160
94
81
78
370
10
430
73
485
525
149
359
5
95
61
39
742
204
360
24
514
84
230
533
247
69
390
149
996
828
480
201
422
201
37
416
51
15
105
185
102
91
93
56
233
141
21
34
9
799
160
217
115
195
132
60
147
145
13
248
306
91
30
5
691
29
259
617
592
74
174
24
292
194
98
64
20
181
147
803
292
267
365
11
251
258
131
7
416
119
31
64
114
49
312
193
4
5
71
115
29
33
626
517
135
6
79
110
140
183
108
269
211
37
219
33
509
469
209
19
9
6
5
41
281
384
225
269
345
224
147
37
910
257
537
185
198
29
65
33
65
43
146
789
306
278
83
306
76
30
325
248
428
108
703
103
213
75
119
38
289
227
92
674
345
389
275
39
376
250
233
448
399
287
102
262
373
43
140
279
57
27
189
222
386
1131
183
360
29
82
186
38
351
374
36
189
6
24
132
31
102
282
82
11
339
110
131
130
25
104
34
348
36
65
170
44
2
91
395
93
67
102
134
126
175
46
169
391
21
284
15
127
28
126
86
1034
296
1271
5
40
124
151
202
269
183
261
9
1089
917
83
12
404
69
233
67
58
45
1278
185
112
195
312
66
181
132
64
45
13
126
9
31
63
87
514
195
45
43
81
47
54
8
605
349
31
115
24
5
41
116
239
190
3
65
505
259
110
135
343
239
163
258
337
304
207
370
35
31
426
217
216
23
163
746
124
34
970
21
70
171
103
215
802
71
62
358
173
402
79
306
719
1
287
127
73
267
220
177
7
165
112
361
1306
197
14
55
84
96
39
274
174
214
139
326
284
237
343
36
489
1
33
175
336
195
496
253
49
209
39
356
162
181
120
195
90
133
85
370
66
36
109
549
7
354
161
109
32
43
63
51
316
68
46
245
206
101
55
173
700
1105
127
107
624
72
152
7
127
58
113
103
43
153
111
80
115
138
20
205
134
145
41
15
328
244
62
166
801
144
471
58
247
23
78
293
233
16
50
37
297
83
373
26
47
372
387
222
69
476
29
45
83
268
19
379
59
19
178
34
169
141
15
8
69
34
748
513
109
218
7
49
115
1
168
321
222
325
87
330
333
34
31
108
132
65
136
329
37
25
435
18
91
59
391
78
71
32
31
138
8
34
124
130
84
83
11
359
33
123
144
226
561
37
15
48
484
442
404
65
66
76
86
154
156
746
87
181
6
558
1059
245
207
762
619
79
20
71
49
48
115
46
489
74
81
262
79
21
371
229
211
233
13
9
198
72
137
55
188
113
136
55
41
89
169
483
570
56
3
216
121
146
150
295
21
352
92
125
313
40
250
21
59
166
234
142
377
278
371
583
214
139
113
177
351
387
89
15
339
315
30
12
193
511
210
56
170
121
29
362
341
34
38
532
11
147
13
292
185
400
108
87
136
170
70
94
141
43
293
508
554
207
51
674
9
45
57
10
341
138
120
35
51
76
20
75
100
63
321
253
613
46
62
11
16
140
60
353
65
655
307
63
204
162
282
243
145
246
751
568
67
91
374
174
71
160
167
257
179
191
54
20
113
543
215
853
83
57
48
7
213
85
186
61
50
94
516
113
73
104
256
10
98
163
170
22
319
83
461
834
531
122
112
133
6
325
19
115
42
376
289
455
205
26
210
101
577
10
208
34
32
373
173
332
143
220
183
168
579
280
196
61
219
305
33
76
50
36
62
6
134
120
57
43
233
213
162
142
12
190
162
256
54
38
399
7
2
97
190
215
115
125
133
14
3
230
448
391
563
594
23
265
17
67
246
149
260
496
39
301
281
46
1538
353
57
25
25
396
47
132
5
473
115
261
120
58
38
82
412
52
180
242
292
402
294
229
482
85
34
125
178
265
50
10
12
3
78
4
18
301
101
370
613
230
170
105
240
2
69
3
4
96
11
159
187
18
82
13
84
577
364
119
19
56
179
125
144
210
14
323
278
189
362
114
58
46
585
582
203
431
141
17
721
26
217
47
47
99
147
559
47
125
24
191
41
147
814
399
416
684
162
805
72
154
283
76
129
152
28
99
439
287
478
1
24
21
53
1
93
28
8
518
111
437
298
73
189
25
129
284
94
7
82
226
32
15
88
206
482
168
35
93
69
405
167
81
147
318
9
361
26
863
170
256
205
8
23
119
77
558
26
275
616
287
111
179
501
16
321
221
163
13
155
26
470
300
143
253
1
161
367
49
234
1
296
27
48
177
368
172
128
52
529
150
66
468
72
5
125
283
51
266
30
187
57
127
2
104
275
460
17
157
375
55
156
159
60
6
50
10
43
329
124
169
452
429
267
13
507
410
383
216
264
66
18
202
258
349
21
2
57
251
1
313
275
181
86
85
195
106
123
299
367
388
443
453
722
242
111
227
242
195
92
228
103
358
163
112
437
47
438
43
581
20
259
35
237
170
2
123
108
87
119
723
526
7
178
133
19
629
37
8
154
88
145
11
63
4
113
22
25
49
76
462
284
12
536
89
76
10
203
70
38
5
109
231
16
55
182
613
28
255
139
65
301
276
4
88
85
164
72
202
61
11
152
113
164
257
5
564
240
134
166
188
95
237
81
322
90
682
39
62
659
34
232
91
60
15
340
145
189
61
133
353
206
143
479
106
44
72
24
72
106
684
83
136
140
255
382
10
85
75
333
258
109
146
241
26
63
41
16
319
3
8
2
83
10
727
8
348
132
21
8
228
130
31
267
99
749
162
95
2
10
608
45
802
71
36
55
46
172
159
38
336
128
422
194
219
262
111
260
904
46
144
87
36
101
63
273
16
45
272
3
21
623
37
61
7
91
151
252
28
108
47
244
146
406
435
320
32
109
115
2
171
25
7
83
224
31
43
169
231
159
527
178
174
7
354
28
49
89
36
63
54
133
338
135
48
13
57
258
707
74
39
26
177
539
58
791
842
31
87
204
231
87
370
213
167
248
103
37
47
843
236
273
254
627
185
168
152
405
54
74
37
12
105
154
96
87
363
1085
251
74
307
182
438
514
76
129
1
424
566
582
8
505
372
253
193
128
103
42
127
18
53
39
186
323
132
556
211
5
170
335
77
2
26
74
122
155
62
8
231
481
22
60
16
327
116
130
337
29
205
348
87
127
244
221
1
30
87
52
117
177
77
173
21
20
174
390
433
116
250
9
58
202
28
26
7
59
100
7
7
149
83
38
386
281
49
382
511
30
163
151
30
198
9
36
46
399
783
157
6
370
288
484
42
89
395
284
647
372
247
23
360
234
23
30
1014
201
108
142
291
84
55
40
126
253
312
34
195
23
263
437
14
529
193
313
336
383
265
197
62
28
135
33
204
30
34
389
28
301
14
30
305
278
26
273
138
99
252
388
42
16
361
198
155
380
173
155
73
89
296
99
235
196
543
80
240
392
65
224
696
342
1102
642
13
369
152
1042
209
31
13
70
174
129
444
258
77
260
7
263
222
176
183
560
78
341
80
148
24
72
416
34
164
91
34
488
157
165
99
535
228
121
35
47
77
139
19
87
198
208
124
222
294
249
111
96
179
37
11
82
350
98
542
19
70
830
167
212
1471
77
46
293
236
285
117
13
290
326
49
471
7
219
119
93
73
98
14
8
64
20
176
18
196
140
7
131
471
51
89
164
12
1538
17
567
29
127
113
7
29
143
209
1400
115
335
218
167
339
256
491
120
133
989
138
340
30
143
88
159
130
178
275
255
41
605
251
22
321
647
273
5
129
48
89
126
20
17
406
248
239
74
719
99
237
52
120
68
369
265
216
269
114
166
10
616
234
1022
104
27
340
174
20
212
230
701
491
89
183
114
523
762
39
43
354
353
244
27
46
708
11
705
77
250
154
179
218
313
259
108
8
21
221
208
65
59
139
76
129
586
448
327
312
61
81
461
220
713
219
884
189
14
547
133
66
86
467
20
21
132
69
713
19
80
39
115
45
436
143
56
315
254
60
20
141
36
17
110
61
55
15
18
190
135
136
2
22
274
844
120
560
1124
52
440
200
86
140
47
384
78
31
52
49
97
78
38
48
5
42
50
864
61
287
210
58
412
171
274
523
50
175
5
422
5
51
394
84
468
36
41
78
11
217
44
233
398
11
421
31
427
62
50
328
464
491
444
213
168
417
91
135
74
362
27
239
686
325
11
128
641
1
159
305
69
42
166
270
74
288
4
197
142
281
342
65
53
12
817
11
207
534
2
28
289
54
12
63
629
84
19
427
241
52
125
143
684
228
44
141
18
25
92
19
97
629
431
160
159
12
15
291
450
26
66
286
165
186
16
164
361
12
16
4
151
93
13
414
263
556
116
241
290
23
225
8
253
2
277
94
89
28
61
47
351
224
60
483
449
26
106
202
37
1
175
526
15
78
113
81
601
189
22
207
36
19
211
19
112
447
50
19
101
354
203
429
220
211
135
235
38
72
61
210
53
19
208
56
35
74
204
116
249
42
127
58
69
275
757
573
35
114
166
197
190
12
58
101
91
703
915
329
5
2
312
385
6
14
295
44
387
457
258
372
343
1471
68
4
99
25
74
101
63
73
150
144
39
11
26
117
173
98
55
165
70
117
30
179
67
147
546
189
117
3
231
69
322
52
294
9
494
168
61
83
364
3
76
410
128
106
52
329
238
137
43
373
13
34
104
71
113
438
174
468
107
476
137
188
450
444
188
4
160
351
110
282
218
511
189
108
24
12
154
95
343
271
63
33
183
8
220
141
197
120
195
19
133
42
20
265
14
388
624
54
41
630
88
258
61
53
163
121
485
64
662
27
294
107
89
162
109
81
657
366
275
79
117
291
179
322
98
232
963
356
115
165
538
92
175
108
403
787
296
433
510
221
105
27
18
205
338
268
56
188
73
4
99
134
436
31
430
8
60
175
16
92
31
130
28
328
183
21
114
14
84
48
104
48
261
153
6
102
128
672
3
318
224
383
396
269
66
1
267
151
159
202
113
398
203
10
79
93
405
27
202
48
338
146
364
48
283
192
169
141
195
22
438
36
4
58
45
268
104
267
269
60
16
33
456
163
583
528
69
140
347
611
396
1406
50
134
516
75
70
256
107
194
6
186
58
76
57
48
34
797
148
79
242
157
197
147
7
152
170
95
3
784
401
28
51
376
9
103
175
143
23
70
677
58
524
149
240
48
59
349
44
334
88
84
211
11
587
56
22
253
131
56
242
542
91
70
161
4
57
27
589
32
530
413
92
274
4
141
10
33
443
67
142
107
21
619
360
315
289
456
23
431
23
642
306
357
214
40
99
194
60
28
95
451
128
19
126
72
128
307
82
299
785
403
1
338
107
517
254
26
290
38
283
208
90
169
467
135
11
191
2
185
721
126
119
310
106
224
362
589
528
43
340
15
76
593
72
443
114
187
849
264
189
355
132
125
189
239
517
14
352
148
99
288
286
316
605
43
97
117
290
170
138
35
659
91
212
1184
280
88
285
603
156
221
525
275
113
203
243
168
535
13
52
496
54
267
121
88
462
339
1
74
61
450
279
241
126
81
260
172
108
296
123
139
141
75
75
422
128
76
583
1024
51
77
124
473
738
2
88
856
150
256
389
67
12
134
270
112
55
962
53
84
16
156
15
99
50
100
81
67
42
133
26
99
78
7
253
238
274
461
55
27
66
74
134
125
179
283
756
161
107
244
364
9
54
489
183
86
55
788
145
22
447
819
130
282
680
263
31
173
105
177
86
321
353
77
108
10
7
662
118
411
81
38
39
147
23
768
149
242
87
137
93
176
186
134
264
234
25
70
392
593
155
17
98
197
13
364
28
79
61
46
182
305
166
119
386
250
201
224
307
92
157
236
92
14
14
145
15
97
567
567
616
68
115
53
154
347
17
72
17
225
430
111
87
63
454
506
118
213
128
299
319
393
8
227
574
685
271
114
33
195
371
54
134
39
26
278
117
44
49
132
239
172
50
105
21
498
82
80
134
127
1191
478
117
66
61
454
144
344
333
121
20
308
115
19
131
67
79
40
51
33
2
139
93
182
74
309
238
460
21
276
137
94
73
155
15
80
417
31
119
55
38
195
136
371
159
275
540
94
139
464
125
228
51
340
126
104
478
8
128
867
202
187
581
228
47
752
138
71
275
158
21
549
118
369
105
91
54
331
328
75
346
34
49
94
365
55
76
279
138
128
51
157
185
222
68
318
54
95
3
16
689
178
300
250
651
378
93
141
289
48
7
9
41
3
1
108
12
504
48
137
64
60
48
148
424
10
552
50
205
267
96
30
377
19
294
127
305
52
96
5
197
56
145
194
42
101
337
176
70
86
111
172
32
103
37
130
168
45
66
158
100
453
338
167
491
50
80
44
228
105
463
61
151
149
26
40
38
14
24
57
42
91
44
7
279
275
72
160
773
499
223
124
40
157
4
5
490
131
226
785
32
214
414
37
102
6
234
630
40
201
344
93
182
33
262
1
118
921
65
132
213
86
114
274
106
46
32
291
335
264
1
1
101
20
242
63
96
15
6
66
748
159
84
146
180
53
45
245
70
221
55
184
85
756
389
65
47
59
364
215
316
38
125
152
88
223
60
242
363
74
494
170
10
22
155
356
129
128
276
126
19
36
310
361
6
201
46
4
109
481
42
32
61
81
42
555
225
45
432
41
88
270
20
85
184
114
275
14
276
19
134
238
83
239
2
244
445
136
243
8
186
53
293
64
366
23
65
229
258
77
101
6
263
251
65
48
162
151
295
161
33
205
139
469
64
83
116
77
86
14
161
135
10
26
191
222
91
255
313
77
178
148
14
33
886
505
32
414
160
48
426
53
197
5
361
235
357
1255
22
99
6
51
504
195
278
79
54
171
457
273
289
136
16
31
210
12
91
99
88
27
595
33
342
199
86
131
143
280
232
114
129
48
303
36
558
303
113
116
187
328
254
21
45
596
244
88
90
361
78
139
149
394
355
396
317
399
243
185
144
419
49
57
143
231
222
115
251
103
149
455
38
307
78
7
15
149
257
41
441
41
151
711
55
13
955
241
134
211
70
77
321
585
149
413
199
70
821
548
78
3
43
762
368
147
110
35
76
32
19
138
98
98
435
406
12
328
595
403
9
72
605
473
69
555
114
187
258
26
52
452
319
56
75
327
1290
193
629
111
369
362
134
1110
131
77
142
183
142
62
554
105
17
248
251
801
435
508
132
171
33
368
26
455
34
334
128
85
137
66
17
25
152
251
76
55
60
123
258
493
18
245
483
47
227
96
377
143
118
13
530
279
264
259
189
398
95
151
878
104
209
70
34
407
52
941
234
193
67
401
19
484
57
134
156
2
101
103
357
318
317
190
279
630
294
202
387
13
105
72
447
206
57
11
305
218
274
697
119
95
177
46
93
6
114
13
50
93
58
120
92
135
269
528
208
382
6
6
54
22
36
27
554
162
158
151
292
342
410
10
31
182
220
260
165
10
9
730
13
260
268
333
93
177
10
122
6
569
266
624
86
575
151
21
179
132
64
72
30
1
88
254
11
47
135
67
398
20
118
404
436
82
337
87
793
110
121
262
6
172
182
13
3
425
90
105
9
189
194
154
31
51
507
168
38
750
137
74
246
206
742
129
58
73
484
153
162
229
217
98
139
592
305
175
61
163
132
81
44
703
59
1103
56
363
60
65
46
148
176
371
269
141
585
196
107
177
515
110
220
98
87
33
4
20
537
86
87
628
231
58
227
114
72
8
27
155
5
190
177
72
29
145
343
366
200
55
91
712
50
218
24
469
36
365
400
453
34
314
282
107
260
196
361
251
90
186
238
92
374
119
126
193
824
158
7
32
65
80
329
22
199
142
459
605
247
93
12
17
5
519
37
182
83
5
262
95
143
56
15
247
78
269
249
193
119
276
230
65
20
2
36
123
124
312
61
175
169
278
76
47
178
91
137
150
50
21
32
346
67
20
182
69
4
158
481
69
73
155
68
106
63
131
170
92
133
583
211
45
71
17
19
237
90
77
411
167
8
184
173
72
229
418
354
42
127
3
91
128
325
493
176
19
591
8
456
1381
574
1
265
157
105
163
157
319
79
175
206
107
110
94
58
462
42
514
159
338
38
96
22
361
216
130
153
41
59
16
253
92
158
175
102
244
98
126
165
191
547
162
95
27
827
89
22
165
270
33
275
532
186
904
397
471
14
109
75
498
65
16
80
79
126
457
278
24
237
43
273
19
24
50
392
18
70
174
311
12
282
15
207
203
46
62
24
10
220
147
75
385
15
190
274
173
89
284
25
157
278
48
107
2
54
36
20
8
444
37
232
3
25
307
225
97
96
264
5
125
181
36
33
464
218
90
245
222
82
167
8
25
604
20
189
1
39
165
74
12
69
82
436
459
37
1021
135
638
143
2
141
49
116
77
215
75
11
19
218
870
777
76
65
69
215
140
19
159
59
40
552
168
682
102
47
5
263
973
655
139
559
324
37
44
62
161
438
228
43
212
313
289
86
182
339
418
46
44
82
640
63
97
208
83
93
287
39
153
21
219
41
132
828
503
88
31
181
6
24
578
6
2
766
16
655
180
388
5
428
5
154
103
131
28
76
131
506
521
10
115
4
136
123
262
529
60
24
204
114
136
336
99
119
44
363
369
335
18
337
51
684
544
189
417
196
667
9
119
1264
133
310
169
258
160
78
105
6
333
51
25
57
71
245
206
81
89
238
350
89
115
80
77
237
659
43
54
465
8
31
9
644
27
19
193
474
140
145
5
138
217
39
373
703
98
249
223
145
264
184
202
151
192
60
134
63
56
201
39
842
18
34
102
28
198
87
24
260
191
2
115
152
949
41
559
2
69
779
314
327
207
77
255
255
41
223
59
401
1
1
51
3
116
357
2
318
405
247
111
342
269
778
363
68
16
40
89
55
30
411
217
748
146
83
95
322
69
402
134
198
165
20
296
180
6
32
242
50
336
1
295
67
79
364
293
453
64
327
463
1
213
710
67
299
399
389
270
22
228
88
103
220
81
106
8
323
91
70
210
202
150
314
48
232
108
46
25
120
11
114
50
23
34
17
1
496
70
324
318
113
238
405
160
14
345
42
20
41
166
229
93
54
36
91
212
15
210
491
23
4
678
33
321
360
158
49
141
17
144
337
93
12
62
88
365
410
201
90
373
283
82
565
260
42
739
254
365
546
59
7
76
199
217
289
740
546
82
195
351
501
76
59
28
254
511
865
142
22
124
185
11
1
776
504
512
199
73
171
91
61
12
362
212
69
426
317
522
197
193
281
85
11
179
44
179
200
306
33
31
276
20
71
76
411
99
231
141
218
177
92
217
136
127
344
97
711
124
134
224
179
19
68
302
14
79
118
23
128
167
119
228
288
107
156
16
309
11
149
92
91
88
60
3
156
142
243
23
190
80
324
17
898
6
26
43
149
182
143
432
98
171
247
100
15
102
35
192
202
11
558
276
295
53
27
155
311
298
108
297
27
143
109
387
117
77
90
1031
586
171
200
666
953
251
734
452
168
25
234
16
300
13
213
51
452
560
161
47
18
128
24
223
96
26
270
161
9
112
86
550
356
150
286
54
93
131
143
35
24
264
100
111
8
87
191
254
253
68
396
350
277
100
37
115
53
92
428
168
86
111
201
25
205
331
170
113
17
648
315
132
153
141
56
131
250
307
750
139
41
41
18
11
169
501
37
10
136
165
229
31
101
705
801
669
330
420
121
27
30
369
149
147
204
305
565
466
169
340
27
40
49
196
686
97
324
7
517
344
575
21
236
88
229
77
98
64
265
66
147
269
8
102
197
61
42
3
455
46
363
140
211
249
235
245
827
35
38
75
126
113
84
127
43
30
38
76
12
37
310
211
182
154
271
140
53
11
518
264
57
259
50
132
95
101
127
191
78
167
417
506
8
426
104
61
37
61
72
102
106
25
74
262
53
195
224
193
241
168
161
172
371
219
437
1014
83
414
94
200
432
200
171
194
23
151
348
33
82
84
765
188
22
536
185
84
236
594
264
326
185
357
272
63
59
13
131
410
312
29
43
29
72
53
102
292
89
14
61
492
28
360
172
170
1017
298
596
106
665
75
67
249
268
50
31
201
298
312
23
155
46
138
233
177
495
17
591
75
235
156
84
109
234
9
548
144
37
32
179
601
277
86
36
177
25
115
91
174
105
173
83
4
64
210
179
161
314
268
70
313
53
81
216
195
440
25
93
56
509
446
271
15
128
156
225
63
670
157
842
25
431
1034
53
497
473
183
182
234
247
188
739
86
77
37
307
174
76
9
214
39
303
45
175
728
64
49
178
44
269
562
164
86
210
120
69
119
54
249
94
274
38
570
1096
246
143
26
57
117
64
212
10
76
131
187
63
629
3
157
32
98
23
93
184
125
403
45
140
105
189
235
164
167
101
353
358
45
177
189
161
120
307
198
60
60
798
826
491
106
63
154
13
126
613
504
183
283
110
85
78
43
181
177
279
18
78
46
112
266
157
100
38
552
181
135
129
43
123
162
190
341
84
11
141
211
98
5
2
188
493
348
218
310
745
310
152
83
186
372
44
356
181
170
156
82
36
184
88
477
74
431
109
284
56
309
28
275
263
121
59
137
221
113
506
301
285
7
114
118
195
95
5
179
40
181
16
37
225
38
4
304
31
421
89
462
249
70
11
35
151
80
264
873
256
312
604
83
37
103
723
198
126
62
57
250
585
58
32
10
5
58
13
306
320
311
113
3
45
615
383
419
158
24
323
276
359
96
18
55
206
76
198
45
618
344
241
135
294
227
23
234
354
269
156
132
78
48
180
619
427
1
178
137
286
190
315
154
132
145
23
365
373
158
373
165
192
44
217
332
268
87
63
455
113
95
921
8
851
19
304
226
209
147
303
44
94
750
2
45
395
90
70
21
214
45
9
49
242
100
446
33
36
20
492
169
424
273
105
46
66
240
453
52
23
109
109
285
326
242
249
234
436
505
94
168
38
266
186
285
40
58
192
178
169
15
72
238
610
64
61
79
483
222
330
274
179
125
661
161
234
195
31
9
43
9
159
100
249
595
438
416
271
120
150
311
247
316
207
91
31
52
134
85
328
732
88
126
32
62
85
155
431
509
143
97
29
111
134
73
333
824
48
85
314
150
312
3
157
25
30
280
216
262
135
322
24
516
85
253
153
64
631
66
126
27
815
593
297
184
81
207
51
79
412
10
122
381
7
26
60
52
561
30
115
266
31
339
42
40
160
505
57
304
222
522
259
21
247
12
477
598
235
81
510
327
28
568
174
204
89
163
59
228
40
425
26
10
310
25
193
268
256
179
134
523
337
51
40
13
320
25
10
240
205
436
22
181
46
21
260
604
82
91
35
87
599
119
17
75
55
4
47
597
169
82
39
237
44
145
162
165
81
203
106
492
258
111
37
48
73
224
40
236
1
41
328
127
77
98
103
4
296
113
738
139
300
396
603
478
19
261
325
141
89
51
605
143
635
209
283
147
181
486
545
188
401
55
60
189
78
88
440
140
30
387
35
112
1037
661
40
55
52
100
20
29
455
167
81
55
350
396
250
254
47
36
252
70
458
88
318
232
631
18
15
565
164
100
49
22
370
152
547
45
351
200
335
7
548
122
552
242
66
636
23
90
58
388
640
41
159
616
486
635
45
109
42
88
250
264
350
57
482
160
4
32
167
34
168
31
112
301
403
84
268
111
49
83
317
151
347
161
258
10
79
6
880
67
45
187
286
35
425
526
280
21
575
67
178
65
41
259
72
141
575
119
20
85
163
438
428
327
41
151
333
53
674
375
53
243
310
105
79
162
137
161
460
84
589
212
144
450
242
106
119
246
246
32
241
101
370
177
149
103
200
16
214
253
925
241
330
316
87
75
137
98
1
408
371
162
816
31
110
141
98
34
261
161
108
107
99
367
5
90
239
28
133
1
175
69
294
52
166
291
3
248
362
258
622
758
10
19
257
134
413
45
255
62
740
70
10
15
121
159
59
129
87
458
296
691
94
83
450
103
76
520
184
376
95
52
27
76
581
104
164
60
432
216
103
102
873
67
71
296
214
708
493
157
105
245
57
126
69
370
39
159
369
222
226
329
192
32
136
218
555
9
184
425
593
36
86
155
153
675
173
7
54
36
188
146
272
208
95
367
12
95
202
81
464
135
144
145
147
82
65
33
101
206
227
191
6
175
241
7
86
429
6
43
437
292
32
240
49
472
86
65
398
23
150
287
49
727
22
271
150
52
450
58
213
571
83
169
157
96
333
161
31
219
138
121
310
5
170
261
211
291
16
321
95
319
76
43
127
321
34
22
157
399
1178
294
5
293
373
237
102
190
60
28
177
8
163
372
170
284
29
180
364
184
39
67
260
323
228
78
79
269
22
13
555
408
119
412
304
9
42
306
627
550
355
29
79
348
137
58
87
103
73
194
155
426
1046
120
146
15
151
42
106
217
21
486
163
127
80
12
37
304
14
130
12
181
158
63
697
547
78
102
242
723
303
134
131
37
184
385
334
31
799
39
78
149
1
329
248
130
560
38
103
20
472
59
1026
112
202
185
22
96
290
381
220
18
128
47
90
25
296
464
33
34
96
4
196
98
105
265
40
73
325
104
217
39
376
118
160
407
158
152
63
60
63
5
288
568
141
32
380
129
3
367
157
370
67
303
382
101
191
150
48
622
214
68
22
82
278
50
635
582
582
317
1026
291
1
38
724
85
53
2
175
19
154
287
124
150
126
425
142
311
212
400
149
6
123
239
363
617
44
176
541
66
259
133
286
43
370
99
277
236
49
361
35
456
68
184
379
27
531
17
13
472
61
62
74
246
98
387
650
148
130
104
211
17
899
7
5
506
101
198
3
691
57
6
34
531
497
30
26
32
438
131
615
39
468
21
48
308
360
79
151
190
190
95
286
36
13
48
48
111
825
221
33
282
80
76
25
75
327
1023
35
242
299
151
181
26
285
168
90
204
108
4
169
457
83
10
95
522
135
31
251
65
207
31
5
53
230
305
158
60
10
203
75
133
57
4
90
89
260
262
86
55
678
40
16
32
24
324
18
92
7
67
450
31
30
150
618
35
279
381
523
18
120
95
102
313
37
17
184
183
112
131
54
33
153
105
2
49
21
417
546
16
223
119
18
296
560
30
273
481
45
69
246
44
162
92
247
141
203
44
198
209
43
162
162
155
100
207
72
12
42
85
121
53
188
303
175
5
57
30
213
115
461
47
73
20
185
186
1159
24
633
41
259
103
17
157
73
34
6
38
390
255
1
27
200
190
61
300
214
369
725
152
109
68
627
13
22
92
170
543
135
227
217
48
33
384
404
405
587
84
32
189
159
84
392
838
520
181
62
65
157
61
281
38
55
189
231
208
122
246
31
8
427
419
137
309
25
19
9
325
111
10
227
562
47
35
333
151
63
30
131
122
120
109
564
274
308
31
194
23
232
452
261
119
82
687
110
291
342
68
344
125
30
323
292
127
208
138
196
47
11
325
748
374
161
156
185
316
45
49
146
535
19
327
121
152
131
329
197
85
108
256
28
330
663
265
302
389
204
305
304
77
32
270
11
75
936
573
153
238
18
279
87
585
508
104
35
144
109
369
144
14
8
285
194
203
56
169
70
23
535
149
135
1044
431
239
50
15
423
9
55
227
149
65
75
80
107
282
106
118
255
25
244
332
300
394
216
184
311
195
25
165
54
82
221
51
15
3
47
223
71
86
584
328
12
457
333
179
290
4
135
55
110
62
8
329
240
174
82
41
423
326
61
482
55
504
651
352
739
193
674
4
71
122
185
964
244
79
130
182
31
114
102
202
6
148
173
199
366
167
120
258
62
192
733
42
176
15
261
131
84
9
219
89
445
14
411
992
578
393
36
161
226
87
387
53
147
247
182
43
45
165
152
102
35
35
247
295
456
228
10
235
96
105
236
65
16
675
30
105
263
100
528
1
130
48
71
123
82
56
181
284
281
102
344
52
59
25
31
96
291
264
252
341
290
111
212
241
318
8
141
228
133
108
14
376
191
155
432
183
99
30
68
520
116
2
66
16
242
306
38
16
275
73
58
14
208
105
94
480
821
60
312
20
20
2
16
76
29
648
135
298
14
1016
188
207
37
109
179
212
27
7
478
64
92
169
437
128
205
59
450
148
152
238
154
307
499
372
231
873
9
44
247
599
48
3
248
46
333
270
33
143
193
83
233
252
26
314
174
533
357
124
132
139
71
146
1471
256
306
44
359
312
76
12
386
554
33
962
667
56
50
42
16
10
272
290
12
141
127
81
1332
38
297
25
191
33
25
752
35
259
835
520
230
871
480
120
637
99
218
75
659
263
48
13
47
138
150
727
314
16
375
204
155
298
134
474
1002
27
311
112
249
123
68
135
189
43
267
94
297
329
3
616
145
1230
168
288
21
603
127
50
421
49
214
61
74
34
126
23
155
107
17
76
15
112
522
561
50
90
230
508
290
151
506
136
209
246
8
306
4
81
156
85
149
11
62
371
29
172
220
178
97
89
259
40
93
761
184
501
78
311
185
66
27
270
175
21
188
405
86
247
698
107
39
320
35
10
3
25
167
32
147
341
438
203
114
210
124
73
132
219
633
26
77
265
285
128
218
150
398
358
42
50
215
332
65
188
110
5
47
471
408
341
506
380
197
65
426
121
497
119
48
3
96
84
196
213
70
181
69
30
20
72
49
18
145
768
50
105
40
29
27
30
7
97
54
83
100
207
246
106
6
67
447
96
13
304
65
143
15
350
14
422
47
75
12
39
234
51
377
108
147
427
2
344
282
133
73
152
44
122
150
115
318
154
23
317
237
24
2
401
35
260
13
70
79
58
75
120
11
235
128
121
267
25
16
15
124
183
110
62
63
288
502
155
621
300
458
403
42
88
145
94
82
241
333
146
306
368
157
672
41
93
411
517
88
4
141
19
70
12
92
717
14
704
114
339
600
108
304
324
226
407
126
310
21
1038
78
66
32
36
67
404
101
21
71
362
24
28
119
38
24
5
95
230
58
344
179
126
581
247
269
103
141
89
137
592
225
242
15
473
42
197
8
102
246
157
125
308
678
78
5
246
136
145
36
4
250
103
414
299
348
282
51
13
56
411
46
316
1302
282
1
76
479
954
66
453
399
55
164
657
20
340
79
41
266
99
470
42
164
31
271
28
42
138
34
290
224
324
38
88
260
553
151
3
148
91
118
310
80
156
54
34
443
40
104
39
389
85
57
2
24
343
193
1
90
259
514
21
323
434
546
284
55
405
151
24
125
43
570
182
66
216
195
267
699
77
69
88
179
532
74
415
496
162
455
662
95
14
98
55
382
45
2
50
195
3
89
74
98
61
34
562
192
212
74
231
36
131
783
134
100
151
223
307
266
327
561
228
1
1058
411
592
62
39
400
11
238
233
356
449
35
246
110
151
636
106
88
166
150
62
114
115
114
95
99
80
160
96
16
472
246
356
39
182
245
169
634
218
897
9
55
282
417
3
14
37
205
226
69
152
79
190
176
32
186
160
850
235
164
114
187
137
236
266
164
30
10
139
243
160
281
16
82
94
373
1064
91
282
254
7
25
85
11
325
81
223
146
664
121
208
41
121
324
99
409
250
284
26
101
110
133
74
640
196
86
345
181
347
171
67
686
477
72
86
106
125
160
32
139
98
57
167
12
65
450
200
417
191
730
237
13
28
216
197
70
96
687
293
410
1
492
360
424
170
303
133
81
168
16
333
184
110
71
108
8
20
20
87
13
29
421
180
176
292
159
66
36
412
90
129
205
101
173
180
220
31
627
69
624
111
249
897
176
149
1
281
46
108
170
301
137
327
188
33
253
347
117
33
239
127
35
317
19
42
255
352
60
171
245
446
211
240
55
22
557
828
53
264
374
27
129
52
697
3
298
68
114
27
186
45
266
100
124
40
191
519
128
480
73
223
93
3
1640
98
104
222
400
574
75
21
130
112
486
26
984
731
121
152
522
375
61
137
369
239
360
222
370
136
526
71
39
17
286
687
325
358
499
71
68
97
11
42
350
425
672
615
315
290
42
889
187
141
190
43
72
69
78
469
191
26
34
157
613
70
35
221
17
263
124
232
373
28
256
545
374
97
231
83
76
70
1054
93
22
657
349
155
24
499
111
24
867
94
41
72
119
204
74
192
15
24
233
203
461
380
14
407
244
41
19
664
51
76
89
718
62
110
7
420
1011
39
26
25
55
39
4
74
40
72
114
484
53
87
49
8
152
13
68
24
311
399
36
195
461
114
52
237
35
115
84
210
98
136
385
82
409
305
201
102
100
70
49
56
55
38
203
414
154
26
15
94
245
89
399
44
120
18
6
4
15
445
348
97
118
33
155
304
180
319
677
142
10
135
335
454
960
202
141
51
113
51
166
671
66
572
25
214
238
165
205
7
140
6
148
242
10
65
161
12
84
37
519
213
353
179
376
278
184
34
85
59
120
110
95
312
162
54
337
17
39
922
113
106
41
111
118
79
307
355
277
91
64
41
99
633
29
34
107
66
102
128
215
55
159
183
183
84
315
44
342
198
32
86
51
108
11
2
171
15
720
198
119
138
278
131
46
198
16
171
15
158
561
236
465
151
102
135
305
248
130
30
646
164
176
121
75
504
62
8
385
360
207
77
114
364
94
8
42
686
138
20
375
48
939
58
144
175
99
222
593
174
73
243
9
50
42
672
126
94
48
28
46
196
159
104
672
92
590
39
25
95
603
311
57
151
157
533
438
575
202
163
179
52
43
440
349
13
94
100
489
356
133
55
144
151
34
51
293
218
140
164
279
86
250
181
53
86
326
391
103
59
649
108
219
149
67
8
11
195
64
18
89
546
464
220
197
270
210
651
8
441
67
45
334
126
298
66
55
23
45
141
98
57
498
88
185
544
539
344
112
151
267
52
716
513
139
11
94
154
575
210
113
332
280
119
837
106
376
123
40
373
94
231
34
278
293
79
72
145
249
64
197
145
83
404
100
198
152
95
159
69
217
35
18
301
185
1
538
606
90
179
110
42
43
162
826
232
139
25
27
505
109
283
69
101
92
425
262
129
128
761
468
129
32
47
183
272
262
478
66
648
127
769
332
88
269
192
25
15
340
94
478
101
13
880
8
18
355
965
164
132
3
150
39
209
125
88
9
58
60
158
197
102
7
293
212
37
76
253
288
2
31
171
628
301
413
5
115
180
122
294
519
62
13
8
12
126
100
1
605
113
151
205
154
76
208
598
265
7
115
10
24
248
191
10
9
140
73
61
10
5
236
197
85
6
281
421
50
231
115
104
82
4
22
63
156
397
188
89
72
629
375
29
74
126
20
643
104
183
5
118
98
165
241
339
322
170
115
275
70
31
335
209
219
83
280
372
32
67
584
220
15
153
140
392
129
222
36
80
279
231
502
219
558
141
92
116
272
70
224
238
440
298
124
220
438
74
131
28
345
477
103
103
52
633
174
117
242
326
26
2
62
740
20
87
35
54
69
116
20
40
59
25
171
192
8
56
108
115
138
51
2
38
116
517
114
3
130
118
9
119
722
239
180
66
419
66
130
51
319
184
56
330
40
272
448
313
498
1169
29
353
56
171
25
181
54
119
326
16
324
302
151
63
126
582
376
1387
332
167
67
10
511
163
10
90
225
215
88
146
44
102
98
42
92
741
147
316
236
4
548
26
100
237
33
8
10
30
192
28
213
226
548
91
112
304
360
184
41
67
117
23
233
282
1080
322
271
164
169
132
111
154
440
250
71
308
415
190
447
143
603
61
101
108
294
547
309
179
103
455
92
99
182
669
512
51
58
164
123
327
172
124
298
271
44
3
312
964
200
580
447
30
95
173
52
544
18
189
45
33
2
46
22
17
56
180
33
319
469
559
347
153
352
199
314
50
382
298
88
183
78
17
215
541
423
387
170
260
33
82
173
125
100
15
134
342
285
176
85
78
41
4
92
484
172
801
59
100
80
85
244
53
339
36
145
221
513
126
14
199
44
32
164
95
281
206
371
102
140
197
43
131
309
124
367
119
9
184
211
153
163
220
287
390
615
110
145
585
115
93
168
349
115
40
135
179
290
215
243
672
321
139
21
326
410
153
46
1079
107
221
45
287
581
64
224
317
156
42
109
50
335
29
33
364
9
217
119
202
166
119
344
1
549
17
42
218
15
18
205
280
380
122
348
7
92
69
326
242
88
430
254
305
508
465
23
155
35
483
49
447
284
560
38
84
39
81
74
65
133
169
163
61
132
81
40
32
37
119
266
172
31
5
190
297
21
111
598
30
452
83
74
179
111
210
583
34
276
77
5
243
230
6
171
103
105
281
197
281
33
11
63
293
190
49
6
39
31
8
107
42
82
123
594
315
24
237
163
631
379
46
188
375
243
20
152
104
232
66
60
85
186
5
111
664
120
36
184
332
79
228
117
183
149
401
18
107
356
301
200
191
209
52
15
122
11
1
135
371
88
163
422
57
64
390
118
44
73
217
238
87
101
413
48
188
133
60
97
47
14
45
4
81
66
268
28
26
244
172
259
200
108
79
3
207
94
214
305
373
321
186
99
76
162
271
22
326
46
111
51
299
294
392
312
212
374
38
50
66
23
53
268
7
367
110
455
163
182
23
25
198
147
731
131
11
134
1189
259
26
201
57
247
164
90
55
51
129
110
13
140
47
37
758
55
206
169
300
140
374
20
139
84
188
5
378
133
291
82
603
468
350
242
243
218
373
263
111
356
6
11
6
380
7
64
111
37
107
144
107
140
51
135
247
170
44
367
103
202
140
255
140
229
159
72
396
196
290
55
19
81
460
269
312
390
253
63
293
224
203
158
119
72
56
418
47
31
31
124
447
442
33
257
33
78
56
69
436
378
70
246
140
222
2
127
36
366
15
130
326
28
579
145
19
3
71
338
14
184
157
87
233
503
116
455
810
73
50
141
8
77
57
115
151
1
196
42
11
350
279
232
495
27
77
54
208
129
198
82
555
254
363
564
54
25
584
62
230
80
28
272
216
259
69
42
196
253
88
335
123
169
59
33
18
128
16
137
144
56
78
559
17
134
329
201
18
177
20
78
150
76
663
296
47
134
519
44
365
104
35
52
128
155
511
183
434
44
429
9
41
179
72
179
84
24
174
320
412
36
30
5
98
103
13
81
48
266
141
36
339
433
81
69
67
510
559
50
133
158
280
183
56
145
83
260
35
4
197
298
83
100
44
317
261
575
23
27
74
78
50
60
319
44
145
343
38
197
82
229
207
852
8
390
93
256
11
59
170
387
285
405
73
156
48
155
188
145
25
347
51
343
23
26
189
177
241
188
143
65
792
24
255
45
114
129
84
207
454
157
46
133
30
89
238
180
785
194
227
484
127
16
299
147
10
395
230
153
48
109
295
50
182
25
216
20
784
17
4
114
39
116
67
883
62
133
150
59
31
411
42
31
410
137
425
111
291
12
7
264
260
783
144
146
269
283
2
308
14
63
91
613
8
59
196
221
826
125
477
575
40
183
695
117
96
214
158
63
357
275
65
19
61
889
101
598
337
172
455
192
107
186
115
315
128
291
201
10
133
131
9
329
109
171
124
61
103
25
411
137
213
121
193
266
39
24
37
5
15
173
13
33
21
196
96
60
75
51
77
394
72
229
50
243
6
8
236
62
222
97
11
62
136
34
391
4
39
829
220
589
183
55
348
35
155
354
115
93
53
86
65
15
74
42
368
47
4
239
66
84
66
618
96
127
117
74
100
142
74
48
365
222
81
142
22
206
135
235
566
418
284
78
237
375
261
20
97
196
59
265
116
182
216
66
54
244
119
352
46
851
676
92
248
371
11
311
105
339
12
210
79
54
59
320
90
179
27
119
112
657
113
317
774
90
177
310
20
70
70
23
427
124
437
926
105
373
97
691
375
25
231
25
24
198
518
472
212
489
104
66
207
656
20
1027
72
38
40
404
150
65
192
1
182
34
33
181
32
293
310
102
25
43
37
125
502
610
351
54
158
210
343
177
321
16
199
501
104
314
454
429
44
107
433
369
26
142
40
214
56
112
173
447
143
494
202
9
122
354
388
374
185
377
679
80
278
130
65
194
413
46
160
37
395
39
110
110
337
41
272
197
22
88
479
273
487
96
170
37
149
180
278
63
839
305
307
117
121
12
22
195
448
189
68
3
94
291
97
1
202
13
596
502
50
321
300
246
329
449
318
26
6
72
21
142
119
559
163
347
600
109
7
493
56
112
184
239
226
21
303
78
29
54
59
507
44
263
5
2
62
841
129
34
613
259
77
5
81
6
475
85
98
466
355
634
69
70
81
120
332
323
124
174
122
6
123
851
249
365
82
83
635
103
25
135
99
90
235
280
177
714
332
377
952
160
22
228
1
13
215
132
475
53
25
119
83
735
241
116
161
151
56
398
32
23
170
78
146
108
79
22
272
505
172
30
21
28
71
131
562
333
23
676
43
123
67
14
25
353
127
168
179
527
24
49
228
67
9
328
186
348
41
597
530
54
403
839
27
26
249
50
58
358
160
10
897
64
85
8
245
166
180
203
317
425
37
135
3
84
15
15
5
54
14
200
407
139
229
31
176
266
132
55
228
205
44
355
246
41
149
118
202
93
57
412
52
594
125
61
42
451
153
48
53
3
195
657
422
145
91
78
20
444
181
82
169
671
183
104
390
108
439
356
3
216
587
129
10
108
481
168
364
312
220
70
309
58
83
51
404
72
188
45
85
53
412
309
382
283
218
339
8
499
87
48
160
14
162
188
139
66
58
486
44
18
8
87
81
274
160
35
83
21
118
115
32
25
837
81
12
41
200
18
593
88
220
15
157
113
65
107
533
62
16
64
19
11
166
98
191
6
114
873
99
90
58
208
96
194
119
40
72
201
20
44
94
23
115
88
440
350
215
876
300
327
348
19
523
44
141
94
126
83
2
102
251
295
273
108
7
159
191
2
72
249
750
22
44
65
22
136
16
154
180
105
169
13
297
66
260
52
125
58
341
205
32
158
180
50
967
74
41
106
233
682
91
57
164
267
101
235
590
92
40
14
77
252
543
465
10
51
20
18
98
516
236
189
160
11
477
347
103
377
1
118
251
222
101
65
123
840
8
429
23
84
431
30
107
508
178
530
188
295
51
500
167
65
47
212
297
2
