275
423
236
178
130
371
401
62
236
602
313
53
29
680
244
228
826
141
281
238
507
62
39
21
115
111
702
278
309
36
50
10
108
320
169
310
39
125
6
44
47
388
204
52
349
669
34
682
53
67
66
69
113
125
164
136
35
446
170
36
44
27
123
602
432
238
100
143
54
51
26
67
99
79
24
98
431
63
130
68
125
387
38
144
394
139
212
17
79
714
153
504
73
285
84
545
17
156
1393
910
240
263
15
138
20
156
109
377
216
170
83
96
49
92
282
31
191
469
195
27
453
146
9
46
80
40
65
152
31
211
44
162
82
115
65
101
100
6
263
359
52
107
417
172
56
72
78
13
342
10
21
130
13
257
60
67
44
85
29
408
116
230
286
197
199
201
187
28
174
212
44
219
93
38
241
324
147
136
29
52
77
32
39
178
49
29
74
152
164
13
60
224
161
203
115
254
310
124
100
117
39
199
502
282
186
14
440
171
54
24
108
248
226
61
113
140
904
199
69
104
304
709
123
60
67
393
552
117
262
468
116
226
461
145
854
190
34
39
863
2
322
223
92
218
39
71
457
385
50
117
62
123
611
167
4
151
212
9
583
139
21
307
4
291
248
48
118
364
651
103
2
331
375
9
35
83
337
1
18
415
670
31
65
84
421
40
232
1092
462
48
25
234
58
298
403
54
298
631
76
27
239
142
115
66
51
109
508
16
76
691
673
98
141
208
76
317
17
890
226
281
132
277
13
458
63
98
45
47
130
85
176
62
270
19
51
75
1015
90
287
76
24
199
841
333
82
48
90
213
327
3
226
137
17
94
94
25
600
755
239
102
112
73
46
31
44
178
312
100
119
278
279
177
92
62
12
34
38
118
87
381
3
27
371
140
174
34
191
106
333
277
140
24
119
24
23
260
433
71
5
188
19
355
541
146
616
1074
165
6
602
69
44
105
96
5
321
214
22
135
73
661
18
274
53
59
175
96
39
20
85
83
68
200
204
40
77
344
126
314
86
196
346
9
296
116
75
62
203
113
767
31
561
8
259
386
694
77
21
17
66
104
365
237
103
264
9
252
430
75
50
124
269
270
35
81
518
34
506
58
497
434
286
44
834
865
105
333
64
101
127
145
57
501
83
39
220
297
123
250
173
458
55
215
147
287
162
30
128
401
10
48
222
233
50
22
411
63
148
42
35
37
102
82
424
847
157
121
375
48
62
304
78
173
68
428
586
221
335
303
44
664
57
55
101
19
83
201
1
114
39
104
26
493
329
153
576
11
405
5
38
21
14
412
997
118
345
129
275
7
674
529
374
577
314
59
13
537
82
510
273
24
46
261
25
141
353
119
39
213
118
56
86
16
224
68
121
232
8
192
24
6
60
180
33
100
226
7
22
218
197
115
116
10
32
61
174
104
345
286
68
112
28
71
156
96
27
221
148
175
367
84
247
106
35
27
316
839
189
42
110
77
399
976
100
13
65
644
104
221
90
137
573
21
133
53
101
380
226
1
921
143
386
148
219
153
86
49
116
138
6
40
102
148
480
275
423
17
172
191
621
613
55
5
316
133
331
504
4
474
321
191
194
546
112
415
175
87
263
499
248
321
16
75
408
138
374
45
32
25
277
401
15
140
128
12
120
140
23
19
786
169
42
41
31
110
193
628
151
104
113
187
47
374
193
260
33
13
729
46
105
66
50
44
10
34
67
209
135
34
23
74
82
121
277
259
58
196
48
39
10
355
307
4
136
238
57
108
4
197
338
555
374
296
27
522
219
86
29
45
126
160
59
916
180
286
192
184
192
70
248
300
30
89
88
48
22
137
63
49
259
43
23
567
188
444
80
53
35
22
229
123
454
419
252
98
269
71
30
145
410
64
80
384
65
75
497
192
154
133
242
320
855
89
333
19
343
6
106
27
56
10
342
143
63
112
93
184
51
121
421
145
195
139
2
83
106
187
127
845
63
1
70
234
880
77
21
185
167
220
219
125
20
99
212
308
7
176
351
170
691
50
197
1060
116
2
105
4
610
285
52
110
269
131
141
58
98
379
92
10
470
97
24
582
90
561
142
13
195
346
103
19
90
39
97
235
406
492
453
140
306
412
197
95
89
115
145
238
73
83
54
79
397
380
132
26
34
22
519
121
111
250
29
308
62
140
95
229
108
118
171
63
59
207
77
202
138
135
51
15
81
279
150
238
114
360
54
92
14
408
222
111
326
503
309
29
1393
648
10
99
167
480
59
197
40
93
39
82
143
87
58
66
154
216
72
276
175
43
154
530
32
360
257
307
19
45
357
119
91
504
11
176
286
250
126
257
382
539
68
622
245
347
525
12
117
50
345
111
56
424
67
419
488
40
67
229
175
104
127
444
196
82
64
95
109
89
124
166
6
337
659
76
94
330
76
824
11
42
175
2
75
569
18
28
91
228
295
189
160
130
190
129
144
281
334
51
530
114
48
818
533
19
264
176
289
70
41
137
354
483
69
27
217
147
62
121
620
247
346
105
53
124
453
9
52
79
809
498
206
200
103
223
59
111
84
63
21
92
7
388
251
80
409
276
29
373
422
121
192
52
70
59
351
133
223
69
118
308
78
186
430
263
116
35
37
18
283
51
167
48
14
41
24
738
127
42
151
57
233
174
273
322
61
226
146
298
2
279
72
125
176
296
571
187
121
335
69
499
35
206
79
20
49
116
443
796
120
22
198
33
40
28
47
171
3
157
118
212
240
334
104
69
272
58
17
52
67
384
265
96
630
15
142
97
29
110
102
15
102
137
39
14
162
55
82
70
15
14
253
153
58
236
359
304
914
47
151
212
138
84
13
143
293
100
47
157
42
303
119
162
24
248
430
186
268
445
545
73
35
325
109
512
440
124
29
11
267
37
132
9
95
40
76
578
115
357
134
27
125
1
75
85
189
116
115
127
93
489
65
154
53
212
184
110
166
7
76
327
190
826
23
208
498
25
1079
495
4
669
98
302
290
110
274
598
30
250
132
123
336
725
23
146
121
394
66
260
552
35
401
85
126
407
157
327
370
269
18
57
311
245
463
56
193
50
665
124
32
477
207
124
32
176
197
91
49
3
116
197
100
117
267
166
91
92
445
627
179
135
5
88
58
76
2
89
62
106
213
171
76
275
143
123
36
23
147
321
26
9
8
1
7
78
85
602
179
94
52
201
77
207
255
59
26
101
208
11
221
401
701
169
156
69
203
152
96
268
541
27
1066
51
1
354
230
19
177
178
213
27
178
123
462
79
166
157
79
445
257
85
142
69
154
80
547
601
160
383
8
149
132
56
431
38
51
40
417
414
338
33
65
43
886
34
539
139
103
112
5
21
25
89
41
55
118
78
357
130
273
231
18
87
58
212
10
387
167
50
414
209
390
473
102
143
105
150
260
765
161
240
177
209
225
72
333
23
60
194
306
665
231
99
44
624
316
117
701
173
388
46
212
53
3
255
41
84
312
134
76
108
328
270
186
147
48
129
52
29
2
420
163
384
325
108
289
484
29
71
86
928
455
132
484
68
8
10
2
71
12
7
120
74
108
154
435
7
143
67
969
104
42
87
32
520
139
76
452
203
285
135
22
19
122
140
13
77
39
566
128
81
19
60
184
1060
24
215
124
390
79
48
95
372
291
436
280
74
32
259
110
102
200
447
93
46
63
323
55
224
26
9
100
272
272
86
609
220
17
64
170
1
95
381
93
52
41
523
331
129
17
97
441
72
40
722
142
5
10
3
70
159
10
180
329
39
370
178
108
86
969
32
234
338
88
422
235
37
84
141
630
54
186
24
167
70
72
310
19
169
122
397
319
771
180
110
688
191
40
86
191
496
740
197
137
1375
506
15
290
26
191
59
13
275
1
359
115
39
89
870
475
48
31
38
9
375
405
612
87
99
145
22
446
18
200
221
448
180
240
68
272
101
375
99
47
145
146
168
46
175
43
343
750
220
257
383
7
415
119
48
207
39
171
105
76
107
6
336
1
794
68
137
136
29
86
263
235
97
90
110
68
1163
21
27
150
829
298
491
139
200
95
325
288
882
13
506
218
74
243
44
38
446
58
276
184
79
456
234
8
157
253
182
361
274
386
81
3
168
376
122
436
151
38
561
359
42
202
100
115
3
218
160
600
102
27
43
93
326
274
63
820
149
266
99
244
1155
242
128
20
36
123
226
90
346
338
109
47
132
555
221
389
197
98
44
26
491
106
15
356
58
188
13
134
46
154
43
128
290
86
37
219
384
21
394
327
190
285
204
120
499
170
231
394
17
335
11
229
45
173
254
256
40
225
62
259
327
47
135
116
476
710
198
354
16
50
100
343
367
512
176
85
436
24
127
23
33
89
201
373
90
15
168
141
667
182
217
20
441
332
391
193
27
50
219
489
182
57
276
261
70
239
366
463
27
20
33
681
124
464
9
10
366
70
30
90
331
139
199
47
92
91
694
276
649
48
228
123
157
171
139
169
186
561
172
83
251
7
579
156
132
318
735
564
113
199
10
42
291
749
31
450
134
409
178
66
328
150
221
53
94
167
74
22
57
755
168
22
17
105
37
203
147
393
261
102
62
110
2
187
264
19
289
48
374
69
171
98
442
50
50
47
454
160
535
324
153
187
39
383
792
219
50
313
264
96
42
142
350
830
342
606
119
90
214
111
97
162
427
653
69
341
147
180
61
349
51
404
202
19
88
126
154
51
185
58
25
24
358
175
538
185
98
66
138
323
171
6
97
167
162
191
525
74
84
323
657
217
27
48
161
36
214
10
45
127
490
886
142
67
269
32
278
152
239
90
73
408
395
258
127
44
267
223
166
32
13
128
363
71
227
127
29
5
52
470
291
279
362
235
184
179
170
604
311
879
365
237
32
141
124
117
192
65
215
41
327
63
203
124
14
552
4
956
16
86
326
174
96
102
34
289
499
43
181
636
465
37
921
134
29
25
480
80
29
196
211
488
22
15
200
374
39
281
90
381
482
64
253
353
151
242
268
82
360
253
217
88
68
50
111
223
52
168
81
272
230
2
29
86
282
107
44
495
7
448
8
361
5
104
451
194
9
501
164
58
168
64
51
156
133
67
143
454
52
48
122
64
62
39
195
237
454
202
16
42
384
126
123
122
202
346
385
33
20
66
229
15
39
111
77
30
95
120
244
152
305
384
180
253
51
371
259
407
143
155
189
98
43
162
28
551
340
15
247
351
44
819
60
16
166
48
178
966
44
307
166
215
96
299
213
21
58
234
33
146
110
102
266
127
583
47
212
52
131
37
37
67
49
44
155
63
131
30
61
35
144
78
267
19
89
259
32
211
95
91
232
1538
73
600
727
184
91
117
258
880
95
178
149
90
88
12
403
93
145
41
35
492
55
13
672
84
443
510
35
363
775
136
53
100
219
105
120
37
7
57
29
187
24
70
229
30
36
217
229
340
23
310
243
285
206
783
18
217
1421
11
100
81
303
216
287
137
403
120
418
303
422
171
284
41
27
240
27
438
153
19
145
292
151
402
466
105
77
3
5
3
160
63
27
7
368
110
90
348
23
51
166
61
41
87
173
155
243
237
537
27
242
97
864
20
483
321
91
314
49
16
330
16
58
44
55
10
170
74
45
191
114
84
106
211
166
129
219
49
751
204
306
168
57
159
343
101
49
115
67
14
199
8
161
56
213
518
47
251
258
335
157
341
262
443
495
49
773
325
40
127
509
89
580
35
20
168
349
823
58
21
123
187
43
277
126
203
35
5
20
176
100
102
278
24
264
111
37
116
270
37
97
66
88
33
67
13
141
99
479
440
226
171
64
1182
419
6
388
21
1294
144
164
112
4
138
64
422
4
681
381
4
137
91
196
83
557
300
58
212
21
526
15
399
856
25
245
11
3
212
26
39
62
452
386
53
96
143
216
55
1941
2
56
403
55
37
86
14
40
128
463
152
350
15
104
95
148
122
81
318
61
96
278
32
421
31
357
46
188
331
159
3
592
140
47
28
74
76
20
179
110
561
421
146
844
223
20
192
128
305
78
130
201
533
81
1
191
231
533
295
38
262
225
282
685
436
50
35
98
141
136
293
404
86
109
206
50
162
112
134
396
285
114
166
132
1007
158
122
19
113
41
174
436
175
404
261
2
11
81
152
136
108
64
38
158
83
89
36
146
142
296
194
167
147
5
266
141
52
35
556
282
279
51
137
480
206
10
499
404
93
45
9
1
237
59
18
84
3
25
162
46
70
184
88
72
217
8
455
272
62
10
182
508
136
63
182
271
34
52
6
40
221
14
241
198
592
87
146
752
638
251
142
615
208
130
285
197
60
5
38
174
238
37
72
263
665
30
42
52
80
148
132
113
60
292
268
110
285
169
45
5
49
293
532
310
59
11
189
583
369
25
459
273
19
170
204
39
582
56
311
165
87
28
109
582
467
273
187
309
227
3
174
434
71
133
623
13
315
17
107
143
110
10
204
74
728
107
486
19
232
174
30
63
94
86
242
446
381
4
727
125
51
410
340
350
42
216
535
134
447
102
97
105
130
29
37
232
392
525
32
31
465
281
44
53
145
168
476
68
331
49
260
158
423
116
320
569
83
235
111
23
35
603
124
170
584
73
133
204
49
122
19
403
305
613
29
222
400
64
82
814
621
158
721
123
22
21
27
39
223
167
50
76
37
291
73
310
56
13
325
64
130
111
43
194
771
656
86
32
130
9
1294
231
556
341
8
804
78
78
25
76
172
402
79
378
122
698
68
225
59
144
164
6
13
89
206
192
193
35
123
169
96
159
202
548
413
115
124
53
520
229
337
947
482
292
635
309
154
302
140
241
78
89
104
240
83
415
84
467
69
147
70
43
170
161
240
27
85
101
2
223
66
369
754
227
1
8
168
161
437
141
292
38
64
442
48
110
216
230
462
96
13
187
465
186
2
494
90
132
105
68
216
23
247
165
18
236
206
9
331
491
639
164
190
57
99
1079
15
223
83
177
217
308
121
175
164
281
199
180
145
18
174
69
193
236
147
233
79
44
21
269
167
807
37
114
68
511
113
34
70
64
216
133
227
243
128
44
279
500
82
198
292
387
390
41
71
494
745
38
194
44
23
225
541
48
452
260
289
8
195
117
104
99
414
93
258
165
174
323
42
259
908
36
120
162
240
84
83
192
77
9
185
157
402
1046
53
103
139
27
260
67
214
148
34
153
46
81
70
199
253
82
316
32
115
113
188
311
7
257
182
763
276
118
196
524
10
116
1012
237
73
106
177
41
240
216
140
163
368
156
181
6
69
82
251
136
132
287
3
2
58
444
32
149
117
182
280
436
310
82
750
171
183
121
126
24
95
247
204
214
572
65
166
246
37
518
76
112
467
172
31
144
52
1113
67
27
158
343
306
324
241
191
34
412
207
52
48
68
318
26
669
93
203
471
373
130
236
357
39
584
118
98
47
115
70
307
146
899
37
151
50
456
389
315
251
288
222
314
98
290
148
535
22
178
5
434
330
762
228
93
22
102
340
329
27
286
58
181
174
227
99
53
70
56
329
808
15
288
415
73
64
122
180
307
444
154
35
298
156
244
105
121
24
129
245
154
155
76
94
90
111
19
62
152
594
274
166
446
387
264
111
3
404
22
145
475
100
307
18
49
374
879
197
173
118
46
288
94
331
289
104
188
49
126
327
25
379
37
188
345
490
420
121
62
450
71
62
27
427
58
322
634
58
2
160
376
164
658
186
47
3
197
159
124
83
102
1
306
96
22
452
219
76
275
15
136
313
131
68
384
390
43
66
357
1029
305
405
600
28
129
346
5
613
60
134
200
105
338
332
106
206
1045
373
485
84
53
84
52
250
510
137
23
8
49
124
293
9
40
265
38
11
326
721
462
31
390
92
113
56
1012
34
733
123
29
85
206
139
168
76
21
155
279
62
133
86
63
59
313
16
469
296
100
116
88
175
2
336
128
329
282
434
161
523
158
91
209
283
152
144
82
1090
344
391
547
122
44
609
202
153
4
133
144
16
17
197
431
32
189
514
889
437
23
185
121
942
69
197
144
468
379
79
124
92
47
896
66
95
5
49
631
33
212
102
103
46
74
37
133
27
15
32
31
36
170
414
1
40
124
48
158
18
124
20
47
95
36
647
118
349
89
264
48
503
2
209
329
42
261
348
180
619
364
404
140
215
359
102
380
68
107
351
106
13
342
46
42
562
236
149
511
11
40
74
251
195
132
313
339
150
183
180
1128
8
124
46
137
395
38
21
947
18
179
423
188
14
749
57
89
571
430
33
12
306
13
729
30
3
165
21
88
42
292
228
343
267
174
765
96
264
121
22
288
74
152
141
136
325
173
10
3
55
519
6
7
49
38
738
135
333
360
168
44
187
225
144
153
101
525
272
62
242
32
301
375
220
408
163
59
118
395
201
324
212
21
13
425
2
64
301
27
246
792
474
603
234
88
263
608
79
82
288
23
219
74
236
63
355
81
185
537
197
215
62
244
733
303
416
128
70
255
14
267
91
298
159
18
332
115
46
54
316
254
5
234
870
178
206
100
119
266
550
104
123
100
107
11
673
115
341
148
225
124
272
92
104
17
204
443
332
31
4
423
11
21
52
216
141
54
204
556
27
1066
167
102
145
18
297
147
88
199
602
181
50
8
533
104
112
393
10
149
1
68
125
266
74
175
319
138
148
19
493
634
119
26
49
131
376
87
59
27
368
4
12
19
125
178
695
169
1211
37
90
695
36
67
15
907
278
93
417
150
331
176
503
384
648
48
81
13
670
100
799
51
19
85
202
60
108
372
109
567
210
34
438
13
158
30
170
39
151
289
78
502
187
272
78
92
42
125
18
102
384
3
75
151
267
124
474
43
160
28
12
539
432
12
209
132
401
116
530
38
285
33
252
233
198
43
2
178
190
36
87
179
661
187
326
18
98
72
331
346
335
88
423
73
39
48
98
274
74
97
77
44
153
4
88
234
10
30
18
584
235
240
268
174
49
36
58
66
190
456
1294
540
191
8
22
34
648
12
166
50
152
281
29
337
480
549
58
197
144
102
418
50
377
156
167
34
1
60
210
391
627
94
383
32
363
68
36
559
211
22
90
25
213
539
908
543
485
175
32
9
31
93
526
148
130
61
408
587
39
16
53
451
527
585
125
511
357
316
249
117
196
729
226
133
65
441
254
329
154
257
136
78
147
11
1
78
570
149
107
112
15
95
114
337
2
532
209
173
108
386
193
322
51
96
28
50
120
43
94
6
273
49
123
244
240
6
17
109
170
18
224
498
128
151
504
98
206
263
541
63
427
89
759
136
293
27
12
14
250
1161
51
154
127
3
558
61
45
133
90
709
219
322
371
172
213
135
168
252
57
376
171
853
790
302
21
83
156
23
144
185
13
13
282
192
191
35
157
492
4
46
61
126
135
189
367
106
86
330
129
61
48
414
154
172
566
44
140
141
316
77
64
61
646
264
228
447
11
321
184
111
187
159
110
275
68
163
71
64
279
198
651
349
437
138
144
257
122
64
582
141
276
372
350
74
86
594
515
83
189
36
35
103
458
134
241
910
60
294
167
378
155
233
165
157
183
138
474
617
233
65
99
42
180
399
99
396
201
57
200
62
23
175
812
70
69
173
37
256
175
130
253
229
378
78
6
472
202
280
373
207
63
12
4
277
135
211
441
426
230
283
37
81
75
130
164
103
210
733
26
336
102
1242
156
33
69
120
83
270
60
52
38
3
72
14
53
265
167
170
761
37
372
45
24
156
724
90
20
385
74
109
14
129
342
276
159
130
549
181
230
51
241
865
121
24
86
85
214
5
497
19
5
92
523
442
63
54
327
374
140
205
15
59
271
62
524
53
657
265
82
411
128
404
34
41
676
382
122
153
29
378
187
282
23
702
48
270
215
23
134
201
113
176
47
107
20
17
296
12
264
355
141
825
82
155
312
16
251
776
27
389
253
303
223
50
8
75
118
59
147
43
223
147
56
88
125
110
70
37
93
477
148
148
510
54
26
116
271
1011
109
18
81
31
235
265
24
51
85
167
377
149
74
391
781
101
2
127
10
103
260
25
248
175
251
106
157
145
451
25
25
97
144
187
147
328
160
694
467
184
61
283
23
58
243
358
1358
57
153
66
201
14
1
382
275
641
107
542
309
76
584
126
801
300
35
343
186
394
2
19
792
67
283
277
93
247
183
40
68
33
81
898
94
258
562
213
105
4
115
97
157
252
301
256
97
316
52
379
675
484
1436
9
60
70
142
58
63
307
24
72
93
64
202
206
425
66
177
31
174
347
80
438
38
101
24
125
81
34
77
217
122
34
228
25
187
278
493
338
447
582
168
626
270
437
103
28
56
51
46
65
28
157
84
110
137
193
450
192
329
224
271
14
99
99
109
595
423
397
21
364
326
61
149
54
402
86
72
40
2
211
65
91
441
115
123
328
334
59
67
119
280
59
151
253
164
1019
331
146
437
542
436
164
7
99
279
175
39
24
261
92
47
56
139
12
214
378
94
240
436
279
215
167
19
457
114
25
50
616
215
31
108
91
371
13
16
176
54
299
16
256
313
26
79
66
316
85
45
53
141
187
610
37
192
524
243
239
513
182
20
370
1007
136
50
206
55
65
465
237
42
574
525
343
76
236
77
196
71
168
59
25
770
423
249
31
766
356
118
366
42
87
96
350
14
171
4
89
15
693
591
35
7
163
16
30
386
44
196
276
91
105
151
31
212
248
82
500
301
505
31
187
28
104
269
220
82
271
138
42
9
284
26
3
107
113
353
142
223
175
29
247
169
441
238
7
21
30
123
79
63
40
174
93
95
201
72
256
135
236
79
479
179
22
310
438
44
255
123
379
279
206
48
34
248
97
102
189
184
8
44
308
526
557
149
186
65
278
222
549
113
126
26
97
399
73
319
1
125
530
48
39
321
4
240
82
318
183
58
309
38
30
25
78
118
411
243
402
443
77
488
386
66
120
134
171
261
143
123
39
147
467
73
184
54
43
450
19
13
181
359
168
155
2
64
159
261
1096
337
337
1
270
168
191
96
93
842
154
296
246
161
341
422
356
490
78
46
134
170
381
594
294
238
13
32
12
40
220
487
224
149
44
23
62
205
581
69
72
33
108
72
264
79
532
68
57
44
205
167
16
708
207
29
406
88
121
36
155
337
132
84
187
127
392
112
804
187
38
309
212
134
122
82
61
138
24
237
5
62
575
454
700
325
20
140
773
71
8
126
163
201
99
177
374
59
268
470
353
106
47
403
43
125
985
195
341
59
161
67
98
49
253
137
6
57
106
35
152
766
44
218
11
162
94
114
306
119
398
43
176
126
170
274
4
147
122
195
289
59
8
119
450
23
155
95
589
583
105
114
73
350
104
16
337
703
4
426
34
182
90
220
407
212
90
392
172
15
92
145
75
190
579
322
124
620
17
66
65
5
132
397
106
53
54
267
128
267
137
35
9
47
119
110
33
78
67
392
216
133
85
45
142
529
58
39
82
288
22
214
104
11
200
48
77
163
87
106
138
40
173
245
399
290
116
64
271
70
195
192
104
25
21
70
59
61
145
195
24
136
129
227
164
21
119
125
356
29
142
171
48
21
199
41
100
250
268
279
316
388
63
51
68
65
115
30
69
31
467
107
263
16
31
54
342
227
24
341
22
61
164
110
298
281
186
129
267
127
373
23
73
289
245
945
28
58
58
306
44
169
37
8
129
106
33
572
23
305
102
236
193
47
119
408
43
428
12
223
87
108
88
74
26
56
1
118
21
69
154
1
103
3
212
46
716
94
206
27
40
411
230
257
52
47
49
161
77
230
27
21
8
488
612
10
498
869
354
81
240
192
96
71
40
103
73
359
43
319
386
356
209
415
529
293
22
128
939
341
365
351
161
67
534
66
110
258
53
35
119
192
312
110
633
405
205
32
212
16
119
136
24
352
656
42
237
466
294
38
1
271
70
121
221
857
149
332
202
128
114
100
248
133
168
400
159
211
276
26
354
71
102
54
363
183
109
227
28
109
22
121
170
24
14
38
102
40
208
288
166
29
271
309
15
83
169
15
144
71
72
220
163
16
10
292
158
86
34
228
826
356
75
110
24
115
95
13
62
12
127
92
62
62
48
481
167
325
231
30
76
38
596
180
33
48
267
328
372
1
33
1103
181
406
598
37
28
568
70
217
95
5
143
346
462
35
282
322
360
252
30
29
142
89
40
41
147
264
34
7
116
44
54
460
451
132
509
263
51
172
265
917
117
252
199
70
253
332
24
666
24
30
140
19
271
221
80
41
37
410
84
21
27
71
17
29
107
368
127
30
20
1
119
152
286
776
8
503
12
558
424
95
48
84
236
1
284
195
169
339
44
19
220
193
315
95
43
461
63
81
40
93
150
188
8
54
52
426
64
322
90
817
135
133
166
357
699
385
100
126
521
287
68
12
383
42
112
55
537
433
39
165
879
98
104
136
564
148
82
245
54
3
35
22
51
44
37
78
552
173
169
35
62
39
267
227
667
91
23
101
140
54
119
88
36
24
245
129
120
67
35
647
36
181
16
37
46
457
204
271
156
19
78
96
69
232
108
13
106
222
1282
17
576
165
767
282
81
114
138
21
238
420
94
92
198
164
348
300
100
115
38
58
15
60
284
152
165
97
322
155
564
184
94
59
33
615
63
5
119
51
578
194
211
28
59
406
164
431
51
56
187
29
163
48
37
540
20
261
127
350
619
219
211
194
177
176
376
661
106
208
348
73
73
4
29
82
216
196
51
147
40
182
138
298
41
52
321
538
199
333
59
10
156
47
807
36
20
125
191
190
18
77
23
131
533
830
328
60
11
4
52
96
233
179
165
192
7
21
70
8
292
81
1
158
331
35
252
197
117
1
414
100
166
630
70
145
62
559
38
29
128
205
153
87
373
237
31
98
226
387
77
1
1119
167
204
68
188
258
773
97
63
6
432
62
258
244
256
33
378
3
176
219
171
76
115
69
364
20
110
65
67
274
424
159
469
142
550
248
97
81
56
295
75
19
283
212
6
494
15
20
76
13
54
4
179
16
172
4
586
238
115
609
191
53
81
91
38
400
143
253
36
196
77
21
100
121
116
123
154
36
90
3
98
211
35
362
88
40
567
79
159
28
11
157
5
1
94
24
167
15
339
231
174
126
92
203
116
22
260
10
461
57
712
162
430
16
54
52
70
21
396
716
23
266
823
210
125
641
9
108
634
65
35
121
388
570
444
203
125
273
61
58
91
38
188
81
258
83
44
289
110
147
3
235
42
173
320
83
129
51
257
412
75
85
233
82
329
87
265
75
173
321
147
94
293
38
81
512
488
38
184
138
89
89
105
39
119
117
453
34
43
29
32
10
225
404
99
24
369
50
18
367
808
105
355
43
158
238
154
424
161
5
403
554
74
275
105
21
201
350
150
21
86
59
97
131
45
32
20
6
670
65
130
95
734
114
91
571
258
108
702
255
362
11
57
15
14
7
257
19
179
593
302
207
63
89
379
218
28
47
134
323
298
134
309
8
579
120
29
82
517
49
255
534
12
31
369
86
8
299
101
284
60
277
179
271
402
118
73
16
316
315
18
195
124
6
54
492
95
286
1044
161
90
46
50
684
178
458
181
234
45
294
347
223
217
431
270
322
213
262
381
34
198
91
58
31
331
69
98
14
379
95
210
54
370
245
55
59
498
206
69
133
30
4
269
95
537
262
380
242
271
208
553
75
34
22
44
135
44
441
33
144
7
8
207
141
295
62
461
42
187
107
166
180
7
270
51
96
67
96
98
319
346
378
87
510
883
476
739
59
183
216
298
59
237
44
91
575
31
205
220
27
79
689
432
83
208
97
241
36
7
210
217
470
43
47
53
81
368
101
132
137
174
211
390
59
235
5
9
186
157
340
84
102
351
308
171
147
85
185
551
38
173
15
351
76
267
337
12
391
146
469
122
273
72
30
83
117
754
105
283
3
36
1011
17
74
664
13
314
102
18
67
9
350
112
438
426
302
547
761
206
306
491
135
132
2080
144
184
138
255
183
671
111
34
296
178
93
27
229
248
158
249
109
148
130
143
38
17
220
150
397
52
35
90
6
513
863
263
166
281
664
638
239
5
334
137
275
55
12
18
4
92
229
215
134
202
7
172
136
80
405
58
42
74
25
334
546
242
56
413
102
148
247
1165
141
198
148
632
10
326
75
98
24
96
454
480
7
35
386
87
40
9
3
25
38
41
92
80
347
7
91
355
159
11
9
206
87
158
3
571
55
88
221
49
39
349
259
186
97
377
113
27
22
86
131
278
219
10
24
14
662
379
74
130
31
245
198
222
214
61
168
76
125
42
938
245
157
135
160
87
125
225
178
34
53
19
130
60
27
69
426
34
257
323
424
35
468
14
125
348
552
793
82
106
130
335
137
749
195
429
180
52
320
358
139
224
199
353
15
46
176
156
169
233
165
59
258
228
33
553
455
343
324
197
70
7
189
657
266
23
508
53
516
303
137
264
233
423
120
380
36
198
234
205
103
265
7
71
81
80
310
82
192
83
613
363
63
119
326
177
190
31
9
132
122
5
62
1
2
555
580
34
140
8
219
208
586
80
309
265
8
373
78
140
212
7
42
732
538
105
174
387
93
22
227
71
561
114
104
137
221
832
122
123
228
105
82
361
27
127
167
19
3
121
383
453
98
148
102
25
317
24
14
34
182
779
193
14
770
712
330
64
49
27
110
45
28
41
26
245
44
28
46
186
69
364
15
43
153
100
168
14
49
57
673
19
51
258
276
429
4
12
683
194
158
113
94
156
29
64
7
735
285
59
199
56
257
34
59
67
36
46
295
80
101
609
182
134
149
62
9
171
83
170
653
10
440
569
551
88
334
13
222
171
289
273
405
232
6
5
69
69
228
133
41
33
95
380
389
99
26
135
168
228
15
425
127
65
353
224
351
54
29
103
55
215
140
132
8
81
278
156
208
155
363
257
14
131
11
5
56
13
705
62
136
123
44
332
281
57
69
184
391
136
469
188
151
183
187
76
85
71
70
63
99
176
261
99
307
888
32
5
375
790
98
109
15
430
151
212
230
26
154
224
552
36
305
128
522
864
12
11
21
109
447
53
40
44
317
484
309
15
56
418
86
380
3
279
216
213
263
39
250
66
40
330
13
1124
62
58
107
200
38
133
236
59
202
547
64
90
342
236
194
361
285
15
6
178
375
7
240
41
74
190
449
77
39
441
80
124
237
217
166
164
194
91
195
16
118
84
145
69
523
22
523
24
636
167
278
81
51
1567
260
188
188
218
407
12
350
297
505
276
59
477
157
4
106
105
128
422
21
444
86
106
179
130
116
119
589
312
871
114
354
89
96
302
350
139
421
151
293
67
26
287
707
209
24
129
457
74
506
93
46
134
326
91
194
28
845
23
226
205
316
129
231
302
96
62
1271
285
279
974
930
47
73
28
257
4
200
189
301
258
272
865
51
140
144
4
40
81
134
16
570
134
346
57
35
480
161
89
2
161
494
500
346
74
570
43
51
188
10
81
19
67
327
413
124
303
240
120
291
80
649
13
96
35
77
286
690
90
330
14
170
122
99
1242
555
77
180
4
7
139
453
283
50
176
14
456
13
200
39
677
52
81
145
133
130
656
27
57
37
250
34
25
62
144
308
32
88
527
488
97
164
51
79
53
454
42
176
209
3
363
88
19
278
151
87
133
162
222
221
35
33
145
236
624
138
56
75
133
113
334
212
315
9
309
12
74
43
201
141
112
33
207
55
160
408
15
293
511
306
148
799
36
223
68
193
276
149
195
292
93
416
184
214
126
175
220
108
296
147
109
15
62
34
297
112
75
125
15
34
95
39
52
231
32
334
146
50
95
118
23
159
92
265
462
393
84
23
327
79
192
206
4
192
460
157
105
24
161
276
197
1106
33
181
672
900
49
1
215
424
118
46
193
205
61
103
67
70
16
103
192
70
12
216
405
170
316
228
46
15
217
70
310
408
58
265
97
245
239
5
29
16
64
177
157
197
12
189
70
19
9
19
808
111
150
5
97
125
28
301
68
235
60
1
175
119
109
31
182
55
29
892
84
95
461
51
272
230
742
118
116
121
82
198
59
108
228
147
548
465
323
434
57
559
39
28
2
136
23
46
43
173
68
91
205
118
19
179
156
173
125
79
44
246
296
82
57
167
99
68
417
185
113
465
32
97
124
62
6
405
134
35
50
77
30
609
91
9
74
1
266
226
39
4
5
59
429
91
59
282
274
321
146
93
89
167
145
41
98
88
170
149
121
16
46
205
435
476
330
4
287
197
178
537
1436
204
79
180
498
250
6
126
12
427
31
22
199
124
87
21
117
229
157
142
189
419
30
79
611
256
56
75
90
125
363
456
6
203
136
77
374
50
315
299
381
241
2
308
6
4
26
126
82
405
332
639
70
79
129
268
733
53
472
707
271
91
228
253
173
339
424
25
88
171
57
86
417
287
82
144
9
139
290
53
939
435
48
25
158
6
33
374
329
195
1
27
59
5
310
28
42
76
333
296
387
73
161
118
21
509
74
124
429
6
231
538
163
11
163
71
30
116
162
47
149
107
246
1159
705
742
72
124
190
195
172
34
127
303
83
511
239
95
19
465
132
166
282
237
101
5
193
544
159
378
164
741
110
131
36
484
228
185
350
208
348
168
115
54
9
50
247
53
18
220
332
46
135
464
77
56
19
317
32
155
849
102
138
451
3
6
132
66
443
28
117
44
3
78
193
16
30
231
52
105
410
227
166
353
65
237
42
439
117
256
378
253
94
14
38
73
5
194
274
189
356
195
238
53
181
104
79
359
8
17
556
21
473
203
107
80
505
112
204
158
127
134
106
39
86
230
387
31
106
34
1
141
119
1020
182
120
44
225
255
283
273
32
85
148
57
25
101
87
54
116
111
253
108
28
133
249
65
496
69
523
82
411
64
214
103
1
201
35
218
84
559
42
734
133
109
144
38
7
143
207
269
469
287
140
265
4
233
49
53
66
229
309
43
91
156
389
17
56
281
59
14
591
19
168
37
150
189
132
38
207
265
8
227
372
82
178
23
422
189
219
3
28
250
114
176
164
290
855
176
35
96
49
235
99
54
111
131
160
356
118
710
163
1
123
3
27
72
61
110
298
332
32
30
221
151
39
82
265
407
5
266
9
104
29
9
468
112
97
312
226
124
1
139
250
52
552
112
121
66
103
320
24
334
349
369
560
275
487
136
142
274
7
16
4
40
226
365
14
225
36
233
417
86
89
484
105
67
177
77
97
93
131
168
208
24
706
16
357
120
32
76
370
60
42
387
13
153
26
6
328
620
172
135
627
341
72
173
64
4
193
323
75
28
166
67
127
38
564
145
17
43
643
67
10
54
266
13
1036
291
78
296
98
49
151
52
171
212
51
19
68
58
82
251
129
178
75
248
4
111
42
161
59
1147
9
22
290
130
7
97
130
204
271
119
109
94
4
210
51
24
21
59
297
285
30
191
649
57
774
370
18
64
60
70
300
88
220
231
1140
280
150
56
3
98
113
211
390
76
31
52
58
505
140
22
101
71
146
298
238
14
107
434
309
18
316
168
489
51
245
38
17
322
279
290
602
245
7
46
1
452
18
33
363
64
186
427
37
179
13
42
120
136
11
63
183
45
150
522
294
7
196
507
234
78
84
330
134
298
304
30
138
549
28
79
3
351
36
12
116
80
118
167
368
111
542
200
82
516
68
201
71
229
131
140
389
1159
5
566
215
52
144
248
80
52
210
94
211
256
156
74
474
36
117
83
79
55
232
372
33
154
1073
225
68
153
513
251
593
126
193
121
84
39
212
101
344
153
24
207
127
161
227
157
190
262
511
214
46
299
152
850
161
66
220
280
97
111
46
168
227
84
8
88
62
43
50
427
211
174
17
45
6
100
26
429
569
195
374
98
197
86
68
89
96
92
106
69
14
215
35
69
22
46
69
94
1116
79
352
18
364
15
48
344
259
298
2
221
195
104
62
25
174
265
89
133
352
820
113
114
215
1
50
83
193
185
131
605
583
19
229
28
270
218
60
2
340
247
14
122
258
190
81
32
463
41
282
22
111
66
5
8
81
246
108
95
714
12
318
60
93
127
175
92
14
1381
12
808
99
222
194
6
219
276
67
143
62
108
15
36
11
93
171
227
22
129
93
70
58
12
152
38
92
485
517
91
391
230
159
229
97
184
178
95
46
67
124
568
44
191
139
385
514
87
171
216
347
134
70
43
439
10
14
72
427
84
239
475
145
68
288
287
170
495
132
257
118
214
68
477
11
115
348
166
188
64
183
1067
45
99
1201
104
215
126
424
658
241
32
131
1552
293
86
350
183
174
137
105
138
359
65
69
178
11
1
110
476
3
37
77
110
294
71
428
126
226
241
156
45
121
42
120
402
242
98
629
69
416
236
13
88
36
149
19
424
55
483
63
254
100
6
139
99
526
319
574
32
106
24
250
290
191
311
95
588
265
411
126
207
291
78
270
36
166
273
98
104
146
49
528
10
82
339
1
16
470
569
295
110
218
7
34
31
140
274
195
471
203
60
288
44
106
225
80
4
146
58
1029
137
194
121
165
37
309
126
302
92
299
59
160
137
176
284
251
148
66
79
31
193
147
641
84
44
322
142
72
52
373
81
330
47
29
194
510
166
6
422
415
423
123
258
11
307
223
166
83
347
603
60
136
42
363
91
324
189
304
9
271
77
250
53
341
77
134
40
89
579
231
514
113
551
256
334
214
519
286
229
15
227
92
273
333
523
99
345
350
29
8
749
75
8
199
40
24
77
600
16
329
55
260
116
229
178
37
119
78
300
7
77
8
116
50
123
364
94
76
215
44
37
21
128
64
86
120
91
407
109
204
247
330
179
128
54
617
183
58
5
187
106
3
211
125
39
9
156
474
67
22
37
312
367
83
35
132
117
92
573
90
161
143
608
134
91
171
18
223
122
61
106
219
27
168
343
225
228
51
181
565
198
175
186
170
1089
692
31
99
252
525
9
634
92
92
33
169
31
8
262
86
91
84
568
56
112
490
557
18
124
807
242
124
184
528
46
188
44
12
855
8
315
3
288
26
53
388
24
92
257
47
443
180
56
128
110
227
11
186
19
44
271
99
104
174
189
214
35
11
259
139
262
12
145
379
37
101
52
127
26
317
29
295
57
24
265
130
26
470
587
157
76
191
128
87
254
1
69
198
205
34
176
11
426
230
561
3
68
117
38
154
516
88
186
289
120
237
45
7
302
120
67
716
206
7
76
200
27
7
133
10
305
59
135
71
107
270
85
108
28
995
171
55
269
31
185
165
26
55
254
207
188
115
119
131
12
56
214
346
174
166
62
126
233
319
428
227
297
208
53
77
218
442
234
180
58
376
320
432
369
257
18
225
68
172
10
1001
142
26
182
93
140
17
489
297
113
74
499
127
410
106
75
80
353
13
128
127
192
285
19
319
40
53
344
78
655
40
462
315
520
210
624
166
302
221
549
46
12
108
128
319
19
204
146
98
154
150
187
171
123
281
177
246
212
525
34
201
58
32
13
137
46
455
65
152
295
1
12
84
168
360
31
197
66
152
2
308
217
105
135
123
406
73
197
91
286
18
10
137
54
726
306
14
45
6
337
57
73
86
49
24
593
96
54
290
285
423
32
36
11
487
55
148
106
131
285
407
674
12
37
204
127
279
161
327
278
70
160
150
225
172
172
297
32
618
311
409
77
15
152
136
148
85
238
1
24
544
282
214
241
71
470
206
739
36
15
92
212
12
39
8
208
30
146
572
17
165
161
116
47
18
706
21
391
23
106
789
129
518
185
144
91
88
94
517
57
133
58
275
224
279
23
67
121
17
203
172
200
70
997
336
35
137
135
209
334
232
214
99
125
71
143
164
80
408
102
277
55
178
53
66
160
512
132
189
317
12
279
692
214
82
72
39
91
127
83
33
22
222
113
1242
145
138
470
64
542
171
151
51
98
553
94
210
915
45
32
49
372
71
459
290
765
719
98
165
134
294
772
613
110
268
118
110
153
162
113
124
133
71
7
71
174
179
57
421
220
76
226
29
55
205
81
601
99
172
407
362
215
279
21
286
113
218
27
26
452
21
607
68
60
655
451
290
42
45
210
82
51
17
90
57
19
142
149
387
209
192
21
255
130
91
183
189
279
75
196
99
117
88
161
58
137
175
340
63
10
3
179
267
64
108
46
66
718
499
38
34
133
213
29
297
3
33
184
438
848
208
331
98
133
30
152
45
108
62
51
67
124
405
72
30
101
79
557
319
537
133
39
393
182
86
283
102
330
56
119
78
239
254
62
20
324
384
106
77
45
49
59
31
44
44
54
539
31
485
2
48
132
108
226
83
212
118
128
374
397
95
238
791
109
228
72
85
207
144
533
31
1421
264
295
3
140
6
12
412
6
93
172
306
188
144
4
69
68
311
138
46
213
416
27
67
213
294
554
343
261
245
10
160
538
46
87
477
17
833
214
9
157
889
151
187
287
37
290
295
22
77
294
107
28
213
264
935
415
79
503
9
56
199
549
286
19
24
70
231
25
66
30
413
31
33
127
198
394
92
246
37
225
14
590
57
239
52
264
46
147
299
246
93
364
14
1019
83
149
8
191
9
58
253
351
31
58
81
251
200
71
240
377
49
157
33
105
80
56
238
165
92
1453
206
132
4
205
101
361
42
62
211
10
151
186
244
63
667
60
22
74
58
527
81
106
1041
50
317
55
28
24
288
405
66
235
158
32
8
57
179
69
168
75
253
10
152
286
54
51
328
151
27
1
627
17
8
362
537
41
75
61
611
28
254
151
14
563
43
75
79
247
49
108
15
193
21
310
67
295
463
225
128
102
36
67
15
161
41
310
315
430
23
2
638
173
120
201
48
13
99
77
192
166
112
130
199
27
272
35
387
36
431
345
24
35
12
85
279
186
255
31
233
265
226
255
31
50
116
134
153
84
8
50
139
331
877
658
154
261
242
295
38
504
645
17
51
18
288
21
2
708
45
1
16
27
193
94
86
64
285
196
45
7
26
315
104
485
55
176
107
72
24
611
1145
142
140
20
204
105
76
39
232
387
293
228
275
103
193
215
60
116
16
311
257
88
264
151
181
330
26
62
53
229
47
280
548
381
129
249
156
82
370
542
132
523
36
250
379
452
122
764
102
415
213
577
605
138
10
205
43
465
38
34
73
225
78
550
116
87
114
3
123
10
172
117
533
79
252
390
408
452
2
123
33
49
85
65
18
195
85
12
33
15
147
189
69
13
405
893
324
407
152
70
59
227
362
136
107
216
87
18
203
218
56
586
257
164
184
43
218
384
815
112
65
211
436
50
43
173
92
25
36
273
146
13
32
85
7
178
34
1
179
179
78
111
51
1
40
130
125
74
169
69
112
26
48
124
178
308
88
585
112
54
141
300
260
10
235
28
227
657
51
478
158
305
119
97
22
485
111
2
169
125
8
1119
54
51
120
298
153
79
126
374
279
981
212
55
21
46
307
17
93
164
151
97
508
69
407
241
29
223
47
211
32
258
200
2
11
156
79
85
53
16
166
526
30
276
65
417
34
239
224
49
328
9
353
492
5
657
317
144
214
1
25
100
5
91
64
79
191
182
3
98
294
138
4
335
127
173
444
446
3
502
573
147
296
315
256
121
268
405
295
525
24
85
176
221
190
426
50
500
291
201
154
177
376
63
161
19
270
67
381
697
102
128
151
600
34
501
211
109
165
69
236
4
6
383
455
101
530
918
16
263
114
191
284
22
275
67
53
75
5
95
89
59
190
41
242
114
517
55
471
242
169
267
316
341
7
104
39
606
173
197
306
222
204
50
98
162
86
212
125
2
134
20
123
90
163
20
18
396
35
69
190
215
117
525
214
86
365
179
96
43
283
567
204
191
139
375
758
8
26
251
1245
225
104
100
8
94
263
127
202
21
3
82
275
26
118
330
45
174
62
261
80
114
60
74
65
106
52
191
518
24
29
4
540
299
28
562
356
381
50
312
219
695
279
86
28
95
118
154
239
126
49
377
224
124
128
77
224
412
28
90
127
330
10
80
245
270
25
29
107
333
249
280
344
66
257
6
109
45
451
136
282
514
233
242
483
154
94
302
33
307
182
204
237
196
24
206
22
710
484
16
46
274
131
66
21
316
94
308
27
337
377
66
81
361
300
282
97
97
155
254
94
460
27
258
150
150
39
36
56
366
34
184
126
190
102
142
358
59
55
285
179
524
591
246
255
12
222
46
64
43
30
98
88
559
72
189
269
623
230
78
186
229
175
60
74
372
528
315
247
89
631
320
3
247
114
338
169
106
210
581
191
200
523
57
117
180
325
2
582
335
219
284
1294
329
4
74
226
82
29
247
277
310
58
129
113
320
29
392
395
233
19
190
65
353
62
780
83
147
104
86
186
128
279
83
176
135
99
269
94
121
214
11
79
41
561
16
256
72
130
75
524
210
122
159
754
98
22
137
18
86
718
301
5
301
37
32
395
745
245
59
7
6
279
356
32
35
559
191
189
321
131
396
117
6
75
335
65
93
771
482
13
226
126
37
83
9
259
132
226
131
17
65
29
93
60
66
63
69
59
337
219
82
284
111
109
145
76
43
173
79
7
168
1040
14
575
22
158
8
364
405
50
41
250
596
2
57
185
378
21
29
939
27
71
110
146
28
51
304
49
41
28
58
965
6
657
11
160
441
131
5
142
9
5
54
467
28
349
465
343
46
94
45
84
246
290
10
164
78
163
125
388
2
6
195
41
14
96
30
150
161
341
249
81
632
658
284
9
102
181
9
150
54
41
806
180
119
37
213
65
170
127
36
39
187
44
99
148
227
1
315
48
358
17
68
139
319
61
366
188
11
39
381
558
10
631
546
28
583
117
39
213
217
88
121
45
200
111
649
148
18
551
124
7
43
199
106
322
616
131
155
41
23
63
703
399
687
129
132
113
150
97
936
67
184
584
420
12
124
81
50
68
251
198
159
145
337
228
45
188
9
150
421
117
71
109
147
244
154
382
4
13
52
192
661
80
188
79
581
678
43
98
146
145
51
407
114
64
181
66
57
461
449
214
388
31
17
4
17
122
147
161
463
232
326
193
109
168
28
497
30
55
199
451
221
139
134
315
124
4
34
79
194
55
165
125
114
33
195
69
247
248
450
96
126
14
269
245
33
90
347
133
457
67
76
3
673
28
178
421
600
164
349
163
372
308
76
432
159
108
345
77
519
209
399
135
3
11
51
9
112
217
169
32
209
181
136
271
36
425
369
585
41
309
221
165
501
70
206
46
20
854
68
4
257
10
374
94
328
175
40
200
788
5
127
86
294
293
30
502
134
355
298
36
106
239
121
287
75
24
59
11
572
1
84
34
164
65
130
401
18
244
53
79
3
180
361
445
194
137
538
53
200
208
29
9
386
94
226
113
637
39
15
101
550
237
9
82
91
73
191
33
12
159
269
336
42
23
47
511
148
160
68
47
285
178
425
112
246
1
159
232
62
6
57
159
423
101
32
3
153
232
82
280
445
82
294
202
214
443
82
516
289
335
79
50
139
144
46
150
27
375
1113
133
23
316
30
37
160
148
31
129
549
172
524
157
268
100
24
38
4
421
45
260
188
58
452
132
634
403
142
412
55
66
225
197
346
44
81
60
235
181
55
405
467
254
477
263
244
28
66
207
88
176
835
141
68
510
164
13
241
238
107
88
31
287
589
287
52
160
197
36
4
50
87
38
55
122
2
415
415
12
137
27
47
27
23
298
1006
881
181
390
288
201
283
44
466
374
468
95
182
289
10
172
47
22
27
48
50
253
39
413
70
297
244
148
181
46
44
101
456
239
2
194
213
489
184
739
161
40
86
331
230
85
348
149
505
8
500
213
174
7
173
714
851
733
172
181
1216
27
20
172
29
99
145
555
87
89
51
186
20
142
326
53
243
99
111
98
294
486
333
4
153
148
187
284
543
120
135
561
93
301
416
399
328
142
162
58
70
97
27
84
139
218
145
223
85
178
147
429
85
252
184
215
285
457
403
36
20
17
161
1
28
213
346
33
882
173
68
355
102
1
3
316
247
173
117
897
284
52
2
17
47
149
326
299
103
128
41
124
100
374
173
14
37
361
117
222
256
53
175
328
10
342
351
471
200
64
63
450
170
40
1
97
419
142
213
107
17
32
182
63
256
335
25
61
369
1116
121
2
4
40
8
31
19
8
254
686
32
401
99
562
418
524
356
157
384
547
23
125
415
108
94
163
574
32
107
168
772
105
325
17
382
54
698
210
365
117
13
192
20
168
519
148
54
151
11
215
183
36
363
213
84
92
960
196
439
22
123
321
417
528
210
35
39
74
105
805
19
111
118
351
71
229
249
426
224
209
114
37
157
207
53
167
141
234
34
27
89
8
558
193
70
4
94
386
473
102
21
203
21
667
227
517
154
187
73
22
237
154
652
382
20
521
103
190
382
213
301
10
25
100
64
152
128
262
171
27
525
181
146
628
178
202
312
171
166
362
765
23
61
9
377
366
190
210
39
13
85
30
1
266
471
244
182
437
23
244
14
61
20
19
379
27
280
187
6
306
22
615
259
224
340
187
146
184
118
159
23
5
106
183
40
404
112
189
284
423
92
40
434
482
53
35
1
39
60
203
383
476
367
205
60
107
61
62
191
594
447
119
121
116
591
21
437
127
89
358
81
158
461
927
69
13
27
41
185
720
53
18
613
206
116
221
1
308
698
208
2
9
55
64
46
24
78
69
505
484
84
44
185
288
331
164
277
8
156
198
1035
55
65
449
53
7
149
471
25
20
307
706
295
97
255
8
14
226
92
109
69
467
940
188
176
61
222
475
636
145
47
11
55
154
124
190
334
122
236
75
124
132
4
12
49
341
163
382
122
192
98
78
51
140
431
18
1
185
152
208
351
145
343
26
27
62
78
94
7
207
143
562
197
576
119
75
384
153
522
500
146
60
34
115
40
24
170
253
72
46
470
810
133
100
10
170
31
223
405
481
120
222
143
566
492
75
78
272
112
14
821
153
24
292
483
311
342
128
170
246
209
76
299
254
66
389
150
60
147
382
171
157
373
589
44
163
87
60
91
582
457
68
376
18
340
36
91
1128
7
223
94
85
516
9
181
57
303
621
393
24
43
269
97
43
49
55
8
26
229
75
281
24
116
110
186
13
535
71
237
65
523
31
113
2
265
79
67
164
295
17
194
37
336
24
246
93
300
207
130
14
91
359
33
5
118
7
76
9
127
418
159
116
349
215
37
39
102
603
53
53
60
674
86
159
290
180
113
40
649
190
510
480
174
7
225
13
151
6
1
235
37
117
9
429
64
83
754
107
619
160
70
117
124
237
164
128
30
211
465
77
111
546
278
65
53
656
510
45
150
215
220
302
132
96
284
186
7
209
51
100
36
182
323
650
351
234
260
58
274
180
565
18
8
273
75
406
536
147
604
1
134
147
62
36
174
526
280
44
17
99
54
403
140
106
159
33
3
252
72
70
26
172
360
89
436
147
490
138
4
117
70
201
230
161
264
321
89
35
159
364
196
253
76
233
37
33
320
692
466
436
241
21
145
182
84
196
68
18
376
12
161
76
590
367
184
8
700
263
111
957
29
74
16
26
261
321
15
347
68
666
179
214
74
59
454
138
230
617
290
184
90
157
72
166
96
719
601
186
377
21
23
43
694
760
17
117
250
56
380
66
48
67
101
348
130
122
613
646
164
4
14
175
229
8
285
125
151
719
215
51
46
30
121
91
828
334
133
392
129
32
386
48
57
217
385
152
154
130
20
146
27
16
35
424
982
257
30
27
322
94
404
46
377
40
52
655
172
92
93
458
42
271
34
35
152
113
254
62
295
45
117
157
4
784
51
235
123
409
93
143
13
74
575
47
162
203
510
66
189
321
6
113
1290
85
158
138
223
147
668
386
118
178
370
58
83
41
221
163
45
377
23
110
218
137
127
55
14
7
266
121
109
379
726
218
3
94
151
121
275
118
306
129
309
245
394
240
213
262
24
90
78
25
248
140
107
58
57
203
21
721
179
126
334
394
546
35
77
81
82
21
72
78
177
204
1014
246
299
318
1
59
99
81
433
52
63
57
178
133
70
21
82
36
28
32
12
289
398
335
651
346
487
82
87
383
1
48
54
372
179
68
441
802
169
9
515
357
179
838
571
242
384
208
111
101
249
36
447
19
522
410
640
156
510
530
95
84
424
101
206
123
5
291
70
273
521
106
117
223
44
453
235
1381
96
220
928
166
108
6
153
617
144
510
72
64
276
130
81
230
68
272
79
895
144
221
212
617
626
235
105
175
81
1
147
15
160
417
193
210
9
21
214
16
52
452
563
473
137
109
202
91
142
31
86
671
49
63
436
197
95
135
289
136
628
36
176
44
61
83
402
265
23
170
105
287
456
14
325
107
796
9
40
126
11
358
288
3
2
237
94
91
26
279
109
112
280
20
142
59
197
125
61
870
365
139
104
489
167
12
306
401
276
131
77
220
201
100
171
380
133
481
661
92
83
295
58
139
26
85
98
257
758
1552
70
225
45
293
263
6
136
350
271
111
12
245
431
53
46
273
287
69
638
259
749
111
105
40
23
520
38
76
298
219
404
10
114
34
388
24
562
43
36
229
143
88
419
154
37
6
499
35
64
54
124
319
45
533
491
628
321
2
277
54
246
270
14
9
24
426
46
21
12
20
64
64
435
1248
484
202
553
143
35
56
6
235
273
194
444
392
222
111
25
30
105
45
230
46
165
290
259
103
87
34
167
2
272
182
205
328
170
142
110
260
148
604
479
275
65
155
299
309
242
57
327
341
109
29
220
461
165
86
210
87
27
156
114
324
248
855
143
76
1028
140
80
79
352
177
295
179
57
265
10
423
60
116
179
198
299
323
21
64
136
60
50
128
17
92
18
579
152
27
45
35
6
336
347
158
24
311
116
141
164
55
91
460
324
85
36
58
43
348
424
89
1
75
272
176
128
175
109
137
305
9
97
13
57
130
159
48
196
157
242
397
369
518
402
46
4
222
41
121
21
216
98
303
604
219
138
192
70
783
321
22
59
21
244
375
563
94
189
285
371
41
78
29
117
143
33
268
335
121
64
23
206
189
124
289
111
342
260
174
57
45
13
3
658
3
300
111
25
52
177
45
123
95
6
421
108
160
67
10
73
16
8
39
236
346
107
28
258
195
208
176
282
260
144
14
30
363
40
328
139
187
148
33
97
32
145
281
162
122
325
63
360
62
7
246
359
68
5
65
92
61
115
357
635
430
505
240
52
742
125
19
155
517
540
336
274
381
122
144
87
127
255
28
660
22
317
385
94
358
157
50
21
63
57
195
253
367
150
544
461
38
32
128
102
115
323
1038
448
44
131
989
6
230
142
628
127
939
355
388
83
31
232
160
405
149
45
84
189
189
9
101
10
143
252
56
657
55
173
18
101
52
44
30
148
8
23
220
85
240
188
11
126
268
205
124
391
57
97
130
545
11
207
70
296
111
197
303
358
65
42
16
7
84
39
707
137
73
551
295
333
80
169
401
50
783
13
268
124
1161
389
186
246
399
803
117
102
235
72
167
81
83
3
158
341
64
645
196
76
24
414
94
72
78
27
349
306
17
15
283
70
234
207
102
219
180
38
55
129
111
30
37
137
11
502
222
694
21
13
75
18
507
63
39
125
129
208
158
11
19
62
136
42
169
269
195
60
198
315
229
285
20
138
57
18
449
52
50
529
57
621
86
188
10
581
127
39
507
133
269
208
473
243
143
43
55
23
29
217
44
469
89
54
138
246
166
173
41
268
164
89
132
20
30
112
207
42
31
150
30
614
47
459
63
489
703
174
200
229
442
292
96
6
122
21
316
15
708
38
16
250
205
30
498
442
41
307
246
278
222
349
583
83
381
409
286
455
197
365
7
90
543
41
21
33
276
299
128
383
107
299
176
432
4
92
1
264
16
213
17
396
29
183
145
444
217
81
331
26
349
227
15
4
105
56
24
267
187
454
92
70
519
6
162
122
363
90
158
729
138
257
119
49
43
181
86
358
258
300
233
148
142
5
248
134
157
848
6
249
1184
78
221
182
207
66
229
21
357
214
228
556
55
102
82
738
25
302
74
88
50
108
142
140
48
4
64
174
222
41
70
129
130
27
448
556
317
186
139
603
83
2
449
495
38
327
27
295
279
82
175
191
108
41
53
562
13
6
106
15
48
78
49
443
45
183
495
124
239
310
100
194
65
98
4
37
61
310
5
243
162
221
252
270
233
258
216
39
306
204
28
244
227
186
504
70
476
60
584
65
289
84
174
42
38
859
52
517
170
483
20
84
168
102
180
353
135
105
116
4
235
208
295
44
231
606
101
135
574
354
156
126
140
135
30
43
29
50
9
97
61
122
55
258
110
91
118
577
96
78
13
279
237
16
6
52
532
2
126
277
55
63
184
17
146
40
684
211
402
251
76
248
172
110
48
89
88
199
363
26
2
63
386
26
71
36
536
118
48
28
323
335
79
271
93
29
140
17
358
11
226
78
59
9
395
152
185
49
41
127
235
91
23
299
1
86
183
91
391
129
110
101
493
442
76
202
115
193
56
168
81
83
122
22
106
131
162
50
370
274
80
97
62
205
149
18
148
25
69
90
151
469
157
187
36
216
535
163
261
134
198
277
467
550
234
86
225
21
41
208
49
389
326
17
35
450
40
34
67
174
212
10
2
69
213
66
278
64
130
81
149
219
198
118
365
266
125
166
67
572
96
231
365
539
48
140
79
7
22
224
895
91
169
152
245
34
519
208
254
83
390
1
118
10
76
44
62
20
121
127
339
4
389
532
230
347
277
322
10
542
105
7
44
166
143
34
92
1513
195
217
620
577
168
354
119
135
383
59
36
359
515
2
44
74
112
239
164
376
49
85
688
118
74
87
71
266
156
124
21
67
23
1342
44
208
238
71
367
356
139
187
85
60
272
83
236
285
1227
4
25
315
906
259
13
95
22
128
154
486
78
52
79
117
351
11
3
125
519
23
65
403
186
577
128
27
91
375
492
68
169
203
392
498
12
280
210
147
43
573
988
180
24
116
367
415
81
513
349
437
154
39
274
91
192
229
11
222
366
27
340
302
53
7
27
579
898
122
102
195
15
9
183
271
276
72
293
599
62
120
460
422
101
203
177
14
15
611
115
182
336
1052
241
19
39
99
21
15
619
17
77
105
79
287
26
321
228
57
173
2
88
39
84
402
698
382
133
222
186
189
339
16
149
135
46
8
230
190
333
623
252
20
285
166
199
336
40
221
556
498
18
89
114
91
23
274
77
101
124
389
556
52
52
270
324
399
76
108
27
80
29
265
197
39
110
280
286
198
52
257
34
39
119
64
109
2
785
431
19
12
431
63
450
19
161
245
16
179
91
894
721
432
306
1
202
54
86
184
176
87
169
329
159
23
37
1268
81
327
188
25
153
385
127
145
99
47
145
159
89
91
6
133
310
84
78
361
68
99
503
243
13
389
88
52
556
3
19
277
65
40
127
273
135
3
63
39
111
74
229
74
63
20
77
183
51
132
33
291
252
792
399
198
57
261
169
295
264
107
102
246
122
64
446
157
99
917
234
329
23
363
126
141
2
482
182
1381
8
328
148
326
212
169
59
472
68
63
11
229
550
10
202
5
37
579
10
278
60
119
127
510
200
646
27
26
98
35
170
78
13
153
148
110
110
538
143
9
112
143
128
227
32
404
223
339
328
299
561
17
255
65
240
2
67
165
279
187
312
107
69
38
56
185
19
167
572
14
97
141
1
42
89
585
161
12
263
39
380
13
115
243
881
175
330
148
120
56
71
432
47
121
31
26
188
223
1
209
258
42
825
268
116
288
15
31
567
2
94
36
424
341
53
65
410
235
170
440
184
79
157
84
51
67
402
248
67
25
427
160
412
262
282
33
61
110
344
99
235
83
144
319
167
306
417
474
296
31
24
140
75
374
27
365
3
28
157
120
133
6
44
194
19
85
135
25
19
13
217
66
298
419
101
16
225
105
281
41
231
244
437
256
57
168
143
241
85
115
180
346
151
50
60
230
215
480
78
825
199
70
134
414
283
226
193
668
14
403
21
36
45
88
246
423
35
662
5
257
174
392
310
64
340
52
49
5
130
142
261
15
234
125
8
243
320
2
27
101
235
11
839
91
140
70
254
65
464
54
345
38
227
66
54
50
382
72
16
100
4
121
153
214
37
197
460
291
212
89
42
62
182
168
82
299
92
561
109
40
110
69
491
302
42
321
99
10
52
106
222
5
90
64
461
1106
11
160
138
152
221
114
118
120
513
277
481
395
36
536
207
348
282
292
33
275
60
262
11
24
197
55
234
187
37
251
84
75
113
263
22
538
307
37
396
306
472
206
77
159
395
27
172
109
8
4
50
274
193
190
91
262
361
45
216
74
245
271
246
315
133
96
359
95
155
240
279
16
410
3
2
53
3
181
269
30
136
24
216
495
187
44
332
45
259
108
634
281
350
155
44
182
133
113
208
267
12
100
298
22
56
86
66
303
300
201
1
27
117
368
386
400
33
124
50
304
63
263
320
11
767
143
86
386
321
150
84
88
13
361
536
188
153
376
62
150
447
282
173
135
72
249
6
222
286
181
296
242
149
247
55
288
47
66
11
216
437
9
168
10
410
349
168
73
88
115
611
65
244
236
5
76
170
608
56
416
163
2
765
35
209
201
43
530
32
230
151
17
73
12
339
18
101
97
94
423
105
283
36
72
31
100
55
209
394
143
108
138
57
81
242
79
444
140
100
12
6
305
88
32
242
97
109
50
29
276
96
765
135
37
169
83
267
5
127
143
394
10
73
4
27
107
32
79
182
8
117
27
226
387
119
397
338
155
161
225
42
95
660
51
136
276
231
186
186
729
71
436
90
584
140
99
19
78
399
64
46
225
297
169
142
102
13
45
133
295
55
29
58
596
375
46
101
70
399
296
125
382
217
265
57
76
122
7
199
85
272
55
55
170
219
74
153
28
325
22
204
9
85
275
185
89
20
129
67
79
75
952
195
131
357
754
134
687
121
362
350
783
5
61
81
187
55
258
90
773
194
128
72
6
172
31
27
252
24
167
78
16
14
420
780
467
113
142
35
120
195
35
87
627
65
88
44
94
124
219
42
22
323
43
177
29
134
107
68
89
210
691
303
138
5
145
7
97
108
43
111
4
554
353
131
49
115
137
210
41
32
120
327
412
792
23
247
127
129
25
35
361
330
33
4
62
481
123
417
103
21
385
156
209
50
30
15
496
290
202
181
14
575
406
184
420
31
7
699
423
301
68
101
500
5
154
132
293
73
261
41
215
27
71
393
8
27
387
176
116
417
232
7
302
88
39
163
526
183
277
293
494
131
110
60
181
17
154
258
26
198
339
56
15
136
69
348
184
37
48
14
97
255
154
11
310
252
21
57
11
5
3
182
383
142
134
177
16
22
145
98
32
31
230
496
303
155
170
743
128
234
479
37
168
184
9
376
66
50
351
358
137
110
159
9
230
202
506
349
304
165
334
44
100
599
281
223
30
569
371
582
140
437
25
25
5
34
5
238
36
437
6
18
259
32
9
304
26
130
197
2
90
64
266
882
28
2
534
168
257
262
305
124
62
319
130
281
2
94
63
720
14
182
359
87
111
461
33
178
179
134
780
293
229
100
165
229
84
24
172
60
79
63
7
83
10
72
21
140
1005
177
158
32
80
14
369
176
138
254
140
81
57
727
346
78
344
111
153
69
265
452
150
825
652
65
45
138
390
26
161
96
225
125
174
304
3
378
26
80
14
886
240
693
633
17
125
135
18
49
403
515
259
371
18
178
393
325
416
569
111
346
442
1
640
5
15
151
477
88
48
252
127
115
72
163
74
320
233
227
850
595
272
310
123
67
5
141
128
59
184
298
44
348
196
170
774
199
230
31
143
354
26
131
63
30
370
56
185
641
270
447
64
36
75
39
318
96
174
285
125
92
457
42
81
95
267
446
18
819
11
126
8
91
78
568
55
140
352
64
401
56
84
263
452
264
239
131
76
33
127
718
258
54
59
129
256
176
229
89
361
30
308
114
114
455
282
5
96
70
261
732
368
38
224
97
8
421
819
41
75
120
406
90
90
69
26
3
654
97
95
625
5
131
121
17
86
46
368
53
472
192
817
306
927
22
100
202
19
36
53
397
324
803
111
262
240
73
525
68
95
168
49
63
212
275
183
150
36
480
123
224
58
491
1
50
137
59
197
401
218
138
125
43
149
69
58
132
66
102
14
388
2
288
11
128
585
5
262
981
689
131
617
11
15
776
36
468
58
225
654
10
182
29
226
553
533
287
546
192
403
7
455
100
188
118
49
82
85
260
80
314
174
51
33
211
54
587
333
157
423
61
125
272
561
217
361
620
44
199
151
255
117
3
280
210
216
536
140
50
144
198
370
80
151
71
83
91
357
70
61
572
252
279
218
25
653
6
409
45
46
699
163
744
46
137
540
131
89
98
39
17
79
365
233
23
15
239
62
222
39
372
322
1
338
264
163
504
34
142
231
253
171
243
2
36
170
684
244
351
191
334
689
129
430
334
58
250
36
62
37
206
313
287
227
249
608
199
189
139
50
265
32
209
200
179
84
210
41
63
74
264
14
13
18
156
141
85
428
365
141
232
263
593
111
163
25
35
194
251
288
323
19
225
20
52
110
55
135
103
450
175
572
80
14
347
42
5
256
176
481
62
139
135
26
380
10
18
74
148
6
22
109
88
477
207
82
305
252
22
373
773
304
114
311
365
229
204
111
56
70
3
195
401
65
11
704
46
359
154
105
16
24
280
121
69
8
72
209
265
1032
130
65
152
30
233
882
176
244
434
104
30
43
124
67
188
223
175
96
122
44
123
158
40
145
126
47
81
13
208
298
182
125
137
25
329
128
165
212
803
207
313
44
49
186
22
26
164
60
32
492
210
278
264
341
73
188
443
135
315
306
6
113
819
10
31
38
31
147
187
397
154
259
109
88
183
598
121
80
407
74
208
192
110
84
178
69
1
131
145
177
176
50
28
71
181
96
56
247
129
53
261
221
378
456
232
437
899
384
95
16
314
354
354
926
2
6
182
1089
499
534
225
55
48
191
879
6
52
355
128
129
79
295
37
19
192
347
85
66
234
36
17
140
221
156
69
3
50
18
226
555
317
134
158
224
294
110
779
54
293
128
82
225
345
151
144
23
196
434
1014
133
180
590
23
246
550
419
124
27
134
2
18
19
127
101
32
168
606
77
349
146
47
23
44
954
225
24
237
230
285
42
17
512
42
136
86
290
28
1204
194
56
339
146
110
97
408
189
86
18
9
45
178
111
194
57
58
169
43
85
899
270
1037
161
434
132
161
72
10
254
403
302
450
276
335
159
205
269
5
342
389
365
499
40
226
135
40
28
158
6
66
64
3
38
103
146
158
148
92
21
299
173
411
336
57
135
226
57
6
6
8
108
51
532
11
180
370
45
32
246
704
118
113
34
266
369
32
83
7
405
466
352
125
78
622
108
135
309
45
984
50
21
29
148
374
499
144
892
41
6
432
212
60
95
265
128
122
173
131
1421
36
339
4
209
95
456
5
192
65
111
290
93
43
287
188
722
658
356
638
30
29
101
373
90
780
381
413
522
350
40
285
43
183
29
38
553
27
51
16
37
22
220
89
44
64
329
402
79
216
38
206
7
130
249
172
552
165
87
28
115
369
109
112
81
378
10
106
71
217
41
47
156
76
53
161
135
26
826
101
377
397
463
107
414
85
84
251
48
61
370
91
31
365
6
6
161
61
62
97
157
68
201
184
503
20
77
145
140
277
4
304
156
84
124
249
20
46
198
1216
265
42
278
11
100
139
253
41
245
6
630
80
248
208
101
157
48
127
176
1
241
143
180
244
24
252
282
170
82
409
419
59
293
70
723
57
293
378
35
198
91
41
286
16
12
256
61
104
10
77
37
96
291
22
93
555
941
117
34
195
125
139
91
103
72
94
418
184
13
59
1078
40
338
191
306
10
11
371
949
213
292
87
217
177
185
167
798
86
80
344
142
19
165
182
81
123
8
14
70
90
68
114
368
280
15
9
185
63
99
233
76
390
114
29
31
38
82
67
4
456
1033
1538
26
304
531
1
1167
153
101
377
152
92
223
115
65
88
386
7
62
86
769
63
534
221
358
13
31
63
72
819
11
204
170
695
299
25
19
485
156
352
147
11
89
11
221
219
375
18
191
1
68
138
610
594
141
361
124
101
221
187
12
270
187
256
92
166
255
19
301
384
25
205
63
373
4
116
579
402
16
31
145
46
209
145
215
114
223
46
156
49
45
144
98
694
43
98
105
123
223
74
613
245
368
90
51
55
50
34
99
27
119
334
117
265
323
314
217
294
8
247
2
124
227
468
67
112
65
692
114
39
341
620
316
233
326
129
230
21
31
106
23
413
110
130
973
156
220
77
277
87
39
97
148
490
146
69
675
51
73
459
468
17
336
343
237
91
13
162
215
24
113
3
110
434
108
192
136
106
202
227
523
493
196
88
123
43
182
301
401
319
229
241
1
97
305
66
62
208
207
66
439
360
46
93
427
67
356
319
765
699
166
10
108
155
457
360
477
292
63
14
203
575
308
910
199
29
76
74
85
305
156
105
350
210
9
130
57
150
5
231
48
239
303
42
217
209
129
31
233
580
88
118
33
319
658
130
103
52
129
127
806
92
255
326
207
314
1
496
137
110
80
8
220
479
17
128
78
2
323
226
80
427
30
327
138
361
151
687
211
106
315
516
119
84
24
109
54
82
188
420
354
26
9
243
156
292
259
379
65
262
70
572
18
171
94
196
877
424
294
90
117
60
62
112
52
892
192
71
46
45
377
30
222
25
114
199
278
66
121
416
195
63
84
153
495
402
70
753
33
21
546
207
156
46
90
79
8
545
23
175
435
33
41
13
211
57
269
388
524
69
124
236
229
112
70
29
147
116
177
152
261
1157
57
477
118
147
3
163
315
33
108
142
79
316
155
195
200
235
37
145
111
138
111
8
862
84
131
151
72
350
109
159
235
114
454
81
91
76
201
217
208
595
89
103
69
174
76
93
231
750
444
355
75
115
131
56
70
140
41
178
97
102
109
428
50
183
9
41
53
162
19
290
648
914
245
230
62
326
96
126
23
720
11
27
96
133
54
55
171
267
224
67
189
93
234
818
256
9
335
360
235
8
260
179
77
64
46
409
121
185
13
209
104
444
292
334
30
412
295
154
5
50
38
227
160
328
322
450
338
204
72
274
25
105
89
121
148
32
168
170
299
653
38
60
76
69
24
102
333
218
198
59
10
126
427
517
132
187
308
58
84
195
173
127
177
35
60
62
178
71
130
135
419
244
731
53
308
14
30
133
86
296
346
21
66
84
685
65
104
148
34
68
90
167
223
214
494
196
40
151
286
285
177
110
25
140
49
20
848
125
401
292
106
607
365
92
167
10
167
15
9
31
430
342
33
96
178
10
196
792
83
84
136
478
144
59
170
403
22
679
72
16
66
7
98
326
197
634
751
29
302
280
352
466
108
64
47
80
72
129
613
58
111
100
126
126
372
764
9
34
77
166
84
350
82
38
94
294
188
89
318
135
229
379
508
18
217
211
58
4
273
410
404
71
178
706
169
137
31
220
9
169
2
43
529
1066
624
32
44
30
224
208
151
89
76
848
45
328
1
168
47
98
355
61
10
356
122
608
513
105
521
136
327
34
304
284
23
45
8
9
100
8
40
139
455
75
235
425
59
8
71
50
54
261
116
285
437
104
26
332
388
592
239
256
69
322
262
280
31
104
118
2
51
117
608
43
373
65
308
85
102
178
385
101
245
229
106
173
143
106
30
189
508
50
498
250
37
54
105
63
143
487
1
76
217
38
69
173
152
148
160
68
219
25
126
132
47
50
168
4
279
20
158
3
438
213
4
500
349
8
356
892
486
95
145
74
105
442
616
26
83
215
460
245
329
24
99
125
162
222
234
133
37
152
366
63
275
9
103
432
95
196
138
42
63
312
275
113
412
21
40
406
398
204
255
237
69
501
86
491
293
237
151
125
6
216
848
53
244
140
114
59
212
61
90
271
253
135
116
51
43
33
222
126
510
288
401
116
74
259
155
1236
22
72
332
156
81
56
110
83
42
143
123
284
45
12
386
24
190
34
70
77
50
54
180
33
161
224
35
51
286
164
195
131
4
376
50
102
311
462
11
196
366
426
305
52
66
644
413
88
152
340
856
118
149
99
177
283
2
88
100
109
66
70
262
248
45
6
109
331
351
19
59
253
150
294
227
174
430
291
306
27
62
367
36
109
101
138
289
246
287
30
79
138
46
206
125
206
160
432
8
204
182
24
399
369
81
228
101
361
249
24
109
220
352
556
113
34
371
67
241
5
141
240
234
4
185
38
444
341
44
323
220
378
679
24
44
335
163
122
31
22
42
133
18
345
120
37
94
218
181
75
116
76
34
11
40
205
59
65
161
94
128
141
415
136
148
18
7
9
256
68
23
173
121
46
162
5
175
525
157
9
20
1145
137
312
355
163
126
24
217
49
120
8
558
15
44
255
170
392
193
150
166
245
114
167
92
117
14
70
448
661
122
136
143
181
383
58
438
505
40
65
9
15
13
30
95
484
29
296
30
25
225
412
9
179
58
121
143
48
80
61
63
90
181
70
256
46
665
20
447
43
530
15
81
305
82
178
304
310
34
830
636
94
97
62
81
35
203
257
40
94
148
30
342
162
110
362
82
290
277
71
199
288
68
149
44
28
226
465
92
325
242
309
140
1
104
137
354
774
215
624
99
196
70
261
400
77
89
180
220
15
183
121
23
93
313
289
1
264
703
41
170
104
42
242
588
46
391
546
33
626
83
346
418
143
287
116
603
292
319
29
286
274
92
265
156
20
618
2
374
13
168
29
9
97
827
86
43
7
83
164
27
84
222
19
20
109
142
61
368
93
22
27
94
63
98
477
96
88
60
170
157
110
68
9
215
411
117
114
387
99
474
549
327
265
193
189
49
176
176
313
145
527
185
77
823
618
119
83
67
511
32
389
197
719
108
321
141
87
415
289
64
2
20
51
124
15
25
85
29
17
146
47
38
181
184
170
309
684
342
807
28
478
9
91
85
247
250
426
446
205
167
55
140
131
448
39
176
200
13
83
123
355
71
68
54
397
90
353
239
75
53
99
4
291
78
233
220
128
103
91
86
477
293
378
76
51
302
30
423
10
80
260
145
180
96
103
83
169
27
27
86
365
436
246
62
70
85
145
66
596
39
496
195
218
244
228
46
146
231
12
65
68
281
276
87
762
239
146
82
455
20
182
20
55
123
222
105
203
115
197
182
221
44
320
227
283
166
482
97
128
4
123
492
220
32
262
269
115
207
43
73
93
118
127
1
11
17
189
44
66
432
453
268
1
21
400
241
99
141
338
306
10
208
131
36
367
66
20
35
61
19
172
156
390
78
13
399
212
91
122
190
11
604
70
159
37
818
167
19
21
213
286
11
10
500
367
186
336
458
87
337
180
92
108
162
170
358
309
43
64
99
257
369
27
402
425
180
51
108
571
128
293
24
47
162
25
206
387
8
530
254
26
199
107
66
11
17
15
14
34
46
750
239
150
71
4
349
337
34
16
116
201
231
200
565
247
96
274
21
115
133
421
110
20
57
159
21
109
13
59
13
291
389
226
73
171
188
179
1184
84
52
127
161
405
311
60
39
493
82
63
8
18
41
236
216
16
5
218
167
9
221
90
372
76
332
28
235
36
196
11
146
333
156
1
268
127
13
165
340
168
575
395
226
464
181
277
11
603
9
66
443
8
69
862
103
179
119
535
336
43
106
589
135
213
150
22
115
389
1
323
364
139
119
159
241
172
100
293
41
246
21
276
280
28
155
12
231
130
409
151
19
31
59
38
856
104
84
11
165
9
78
176
40
207
331
42
62
99
128
338
193
110
245
64
71
194
52
381
195
591
464
47
106
22
215
621
11
234
401
726
137
197
635
386
277
5
246
138
951
52
581
71
419
62
22
454
31
107
106
839
23
16
17
21
29
275
86
430
235
51
234
360
18
335
14
470
111
280
157
6
748
163
33
673
123
141
56
143
94
1
85
110
1219
5
219
38
17
84
62
421
439
343
28
118
213
100
2
92
11
10
114
37
302
119
201
495
345
139
323
370
156
132
144
127
28
10
201
59
163
280
170
47
179
98
48
123
890
280
98
51
120
46
49
36
113
163
37
178
104
241
36
128
221
152
191
299
72
139
229
1444
78
115
207
131
251
504
236
93
85
413
1
315
102
196
119
21
112
30
271
289
185
212
117
342
57
113
168
82
65
350
51
499
187
117
18
212
32
145
9
151
119
80
442
271
211
324
101
461
270
9
166
170
312
1
127
32
54
10
143
134
320
167
100
89
25
107
245
5
266
90
117
24
136
67
69
17
532
78
13
83
325
244
12
131
73
130
309
163
14
374
322
488
169
86
9
143
5
180
159
54
75
268
329
34
31
141
225
35
518
400
33
6
148
37
412
73
120
481
219
2
200
437
2
202
62
471
273
107
640
328
399
65
217
4
284
149
150
85
257
228
70
45
21
113
63
11
408
45
142
50
19
69
71
347
544
6
151
11
308
601
9
132
27
127
160
224
206
566
58
278
83
228
221
45
11
372
440
177
29
225
255
110
286
9
466
459
177
316
718
244
39
370
366
205
6
137
242
62
147
665
94
63
208
157
205
344
415
109
236
176
663
169
72
198
22
277
276
616
44
1319
39
408
207
215
104
447
131
92
341
119
39
1211
118
7
827
1
300
26
35
31
123
122
428
16
113
8
60
266
187
110
49
9
235
210
202
333
57
119
190
120
167
703
24
69
125
296
486
27
189
55
47
378
116
46
198
255
62
593
19
37
253
80
74
216
7
55
76
162
88
22
297
118
172
228
156
537
477
337
47
80
208
113
10
49
85
112
35
98
504
279
37
14
315
71
92
595
237
516
166
910
38
59
151
103
123
144
105
392
256
16
408
93
88
5
110
292
93
77
209
70
133
538
319
66
2
157
138
82
27
20
837
13
198
444
219
249
307
138
91
380
77
14
24
89
39
118
309
399
37
216
137
1
4
14
949
145
4
407
5
183
277
49
465
159
23
181
42
24
20
285
314
151
172
448
92
267
146
51
80
253
386
354
75
112
158
350
134
76
526
230
134
383
668
403
88
19
126
155
78
231
460
147
304
90
377
59
70
71
285
747
567
95
7
324
536
339
13
748
267
15
80
755
212
166
29
247
21
35
8
136
140
378
228
19
32
214
616
117
284
38
57
106
57
273
283
31
105
289
151
95
491
2
64
85
140
153
174
139
190
15
191
345
102
95
428
411
110
169
40
85
384
367
70
81
175
162
165
3
2
47
428
793
480
47
67
663
54
503
189
19
20
852
123
132
436
94
514
93
384
21
67
117
439
27
42
204
1358
100
117
36
50
115
5
361
82
179
87
192
62
48
136
111
121
493
73
5
14
72
43
39
107
18
136
327
100
43
40
79
65
232
406
566
280
15
339
17
145
495
542
223
55
56
124
157
80
244
89
178
58
601
8
770
313
49
137
22
24
161
134
128
463
246
299
69
154
19
23
586
140
316
649
20
2
46
255
172
15
10
67
499
772
127
305
163
100
4
123
184
2
12
73
61
19
170
169
274
249
317
239
292
13
224
355
116
206
190
120
280
279
133
51
84
2
84
257
310
84
395
3
33
63
463
315
690
296
54
27
115
208
384
91
647
225
380
105
401
118
84
311
100
35
99
311
311
73
103
26
203
133
683
61
45
72
199
16
630
181
140
302
17
503
62
388
9
160
125
6
25
508
185
380
479
326
957
11
298
14
337
44
37
97
101
291
316
254
27
58
234
528
4
86
1189
82
94
432
197
187
137
137
149
328
607
252
331
484
89
165
107
243
22
35
154
78
10
170
168
93
191
96
255
392
65
24
21
485
410
29
105
135
293
17
7
10
69
114
237
112
103
80
107
370
28
37
1023
72
224
41
280
74
224
140
239
43
186
340
430
441
311
57
42
163
628
148
36
339
392
5
60
4
413
365
15
82
20
89
428
8
400
171
38
338
49
194
90
120
41
230
121
259
140
385
387
435
170
7
8
138
58
129
70
15
95
9
68
57
160
365
204
719
12
43
57
98
138
243
159
420
8
101
138
21
265
155
101
65
705
70
94
241
99
267
228
226
88
91
158
401
98
228
318
61
149
573
795
267
28
235
42
115
5
24
72
461
159
392
436
57
88
120
129
57
163
269
101
221
20
235
521
237
368
514
746
303
102
49
859
324
11
136
74
328
392
119
272
57
87
84
139
6
293
25
57
40
93
94
142
173
259
95
23
122
136
174
459
27
203
389
124
265
162
881
4
98
20
141
70
128
451
132
139
170
22
94
41
290
313
140
40
222
50
60
90
20
62
199
95
186
12
42
44
471
66
5
152
70
26
367
5
27
65
270
57
164
18
306
94
132
27
628
225
498
103
193
157
290
112
5
77
59
74
999
172
473
45
105
34
92
40
133
178
742
542
161
43
94
69
91
140
7
6
154
83
4
524
53
25
386
178
221
253
350
441
153
176
158
205
542
68
36
89
552
57
4
210
77
426
28
32
187
376
81
132
2
194
98
73
80
28
639
244
123
223
310
32
152
317
384
62
86
107
595
176
36
366
120
161
105
635
214
476
127
66
148
364
24
12
34
428
188
52
451
16
57
92
79
60
40
94
16
17
95
27
258
197
186
335
247
24
36
34
138
233
97
60
613
293
159
65
39
386
57
209
240
83
381
18
87
59
32
18
225
119
245
22
45
21
35
45
114
30
429
72
512
115
57
379
46
73
1066
3
5
60
419
50
196
132
15
45
133
3
163
66
83
12
1093
25
326
125
47
198
136
318
380
77
496
577
109
242
15
332
21
18
853
707
189
94
32
365
217
41
16
57
4
484
702
592
416
7
233
5
176
78
656
175
74
50
41
385
272
13
165
1421
126
103
15
255
6
27
619
17
87
180
41
145
179
147
235
144
560
337
253
499
188
21
33
85
128
24
31
208
146
290
477
532
228
714
1
16
37
19
657
51
373
19
181
51
343
56
366
128
281
145
131
31
12
90
171
64
148
46
557
209
145
58
165
1
69
461
54
118
158
127
71
199
325
107
327
195
248
332
755
466
383
67
67
152
39
27
709
454
188
313
113
6
761
157
43
630
338
96
525
18
33
15
75
1
397
109
8
321
266
158
427
50
269
89
32
287
233
736
73
21
386
61
45
321
191
61
230
434
271
241
663
20
112
67
168
101
198
8
52
235
368
91
160
40
428
17
341
87
299
24
272
19
85
22
155
342
186
196
31
49
150
56
587
109
72
22
385
44
223
73
7
16
116
307
44
439
259
418
283
223
21
76
234
117
31
433
126
311
181
116
456
261
180
133
45
374
35
21
39
31
155
83
356
174
107
472
60
315
225
63
31
516
295
670
280
13
62
68
255
59
242
23
135
154
82
1105
283
1
397
123
280
75
265
91
252
219
24
112
98
231
24
419
418
37
101
8
293
46
252
16
279
184
143
194
230
23
24
117
97
91
266
573
7
28
270
233
139
208
88
208
120
238
95
106
171
69
6
19
309
122
122
22
265
14
15
171
122
56
60
172
160
58
171
505
222
91
2
255
251
223
112
118
158
73
314
223
171
9
45
69
17
287
107
79
163
253
477
33
3
20
16
58
123
347
206
85
160
27
584
643
189
273
19
73
750
82
202
165
536
1332
484
99
29
104
137
314
358
132
3
27
290
34
347
108
5
18
225
292
292
408
588
1491
35
244
167
71
65
611
36
15
109
180
198
266
214
2
168
205
440
26
374
403
89
63
275
23
409
441
411
82
205
100
91
150
10
54
159
20
42
220
182
68
153
20
68
63
172
160
127
23
298
55
82
85
206
188
10
121
90
524
472
303
246
366
146
78
231
407
46
625
227
80
27
98
132
191
70
149
8
82
3
144
59
69
415
25
239
245
470
231
166
266
492
116
254
237
242
61
43
747
35
267
536
30
474
206
44
25
147
199
105
6
668
68
337
169
82
81
336
112
123
26
62
237
142
54
211
310
39
76
108
298
146
435
87
202
15
111
79
103
74
75
62
198
17
575
215
49
10
268
141
815
341
40
759
6
286
235
238
70
37
155
511
78
378
119
164
244
249
44
55
25
129
424
106
132
14
19
246
47
340
225
140
540
15
89
523
330
50
495
61
260
422
20
920
150
42
12
101
171
453
140
5
276
70
58
403
65
185
113
186
94
496
16
281
39
60
63
13
567
457
193
790
612
129
53
194
29
10
566
503
336
215
1275
132
201
146
509
413
10
86
285
249
96
18
125
113
622
105
184
8
42
67
21
242
39
19
69
153
266
100
529
106
84
1
111
31
600
90
1033
435
37
507
696
22
274
154
682
507
393
138
31
58
31
78
58
135
559
351
247
37
290
226
115
90
109
448
193
56
254
144
35
176
90
475
9
174
348
573
70
353
344
135
303
317
58
115
165
200
31
287
4
228
141
330
129
136
207
66
141
276
325
27
242
392
236
400
13
215
341
122
284
771
24
74
134
137
323
145
25
200
3
549
376
575
16
37
210
267
688
14
24
83
488
348
138
352
167
78
43
170
295
235
60
108
88
371
82
437
510
505
176
49
31
89
481
163
118
189
35
57
229
28
162
107
184
243
5
346
267
293
242
64
170
264
69
104
142
638
134
54
178
129
56
78
117
3
4
355
110
121
320
100
108
76
9
19
61
78
84
101
71
224
599
116
608
29
571
109
426
133
45
143
193
130
598
24
42
365
18
319
218
132
602
292
34
118
425
46
30
247
25
76
236
126
99
123
135
496
464
37
27
51
350
107
224
234
36
696
844
285
21
47
218
612
183
40
48
70
127
75
75
91
180
169
240
159
168
117
184
170
117
167
53
561
332
89
61
85
544
135
316
216
36
152
291
181
76
215
61
195
71
233
249
60
198
92
118
69
27
49
161
13
116
276
154
93
235
130
260
32
473
134
480
100
123
634
34
183
62
119
74
33
603
79
23
348
216
30
104
7
315
81
120
332
87
16
259
52
22
195
63
62
77
1
738
304
63
100
394
199
49
4
246
166
24
543
25
685
256
150
98
17
103
11
56
253
55
26
344
39
292
92
500
83
1481
69
753
192
693
124
282
342
147
10
34
149
161
585
43
13
117
100
161
246
414
92
262
33
283
224
43
404
143
1171
165
130
96
343
57
217
6
142
162
290
27
117
236
215
30
144
205
601
10
345
103
36
51
748
158
564
32
280
162
479
56
149
498
59
129
68
121
206
2
182
344
155
171
79
244
167
353
137
189
576
86
25
306
215
163
73
39
101
59
177
647
430
705
226
164
256
456
183
192
61
165
143
625
227
2
8
499
330
230
134
19
346
285
315
429
95
18
135
568
67
141
197
335
84
320
455
449
99
389
440
21
40
117
276
47
42
33
29
105
507
373
314
479
361
66
181
54
126
20
102
4
374
538
155
385
320
503
87
40
55
34
141
185
8
136
152
223
158
80
102
176
105
164
114
277
241
144
130
253
11
776
185
107
317
34
49
38
272
195
521
147
259
40
3
40
115
210
318
66
237
123
345
48
267
35
33
29
184
206
193
159
50
52
104
882
74
98
282
45
199
69
50
379
293
517
44
50
593
577
45
332
10
12
196
100
87
17
107
110
44
124
107
70
6
107
339
117
7
115
135
247
435
103
162
649
284
702
14
123
26
140
26
436
132
50
55
171
216
361
101
349
187
84
129
393
140
47
173
78
18
244
641
344
467
148
704
133
161
136
367
754
122
156
209
752
89
213
77
158
8
10
1099
101
112
60
202
139
202
96
31
3
10
43
527
1204
9
77
52
443
130
60
658
45
116
94
183
99
133
211
265
118
360
113
363
7
254
301
586
331
101
310
226
277
726
132
95
10
204
159
321
140
80
201
20
445
146
104
141
66
34
21
172
273
91
305
59
128
2
13
229
259
247
96
17
187
99
287
141
25
850
13
432
131
93
171
25
37
23
29
192
208
27
127
35
63
483
1
72
71
72
390
79
153
132
47
619
140
67
330
263
243
88
326
102
350
83
199
27
130
180
34
469
80
194
371
1
42
259
19
278
566
12
147
178
391
175
106
203
46
25
927
236
206
834
337
720
100
113
579
115
195
81
35
12
3
82
438
390
2
7
26
21
222
49
844
101
224
377
50
38
77
335
65
57
25
17
51
649
415
78
60
178
274
205
511
129
52
112
400
235
173
4
66
164
184
41
314
450
69
19
691
78
69
299
50
127
209
334
61
114
328
33
463
82
81
340
78
69
86
154
198
232
22
375
366
12
234
361
14
119
91
17
16
172
110
404
743
210
24
80
57
41
168
147
322
211
48
26
79
86
177
285
197
57
25
205
37
56
272
143
152
203
468
166
11
30
376
111
69
73
250
268
180
250
98
144
128
261
164
301
1012
47
2
218
467
929
143
139
255
134
104
4
140
62
58
59
145
534
160
57
140
36
3
27
329
59
79
224
7
739
439
888
133
34
144
68
20
288
141
134
12
414
36
207
443
87
20
366
36
181
89
190
157
40
486
153
135
278
72
3
42
5
14
504
11
42
379
31
114
195
228
204
346
47
89
29
45
30
126
666
313
135
547
60
576
145
211
902
83
407
15
4
55
256
69
245
6
6
189
44
268
374
580
626
287
4
35
246
150
16
273
58
69
237
323
101
346
165
344
129
30
966
51
205
16
30
25
121
395
24
53
450
113
531
166
106
247
157
181
10
165
377
211
69
210
2
74
241
450
516
87
581
300
51
49
72
43
161
113
53
17
181
937
34
148
179
30
571
180
275
149
75
179
86
57
201
573
574
217
78
127
113
146
80
52
96
79
435
221
129
129
19
72
88
3
88
192
289
190
124
116
74
216
26
136
234
575
334
84
269
470
418
118
26
553
145
164
2
233
283
39
199
347
6
59
871
61
86
489
184
66
371
90
197
162
169
270
46
135
77
24
86
515
119
78
60
172
92
556
89
64
269
932
622
104
6
274
326
158
120
46
128
300
549
171
342
184
50
102
118
816
193
191
118
121
179
42
79
267
252
194
108
467
28
707
191
132
10
230
364
149
120
422
708
17
162
95
258
9
22
28
40
396
31
71
108
15
79
261
5
15
90
635
409
55
235
172
883
221
923
14
364
237
187
492
473
143
132
38
454
638
251
41
