278
223
617
52
281
146
169
304
85
201
191
67
132
216
25
76
466
115
542
237
142
235
10
119
339
177
81
90
228
112
314
45
1149
105
224
48
195
275
130
557
50
2
80
9
59
4
206
25
365
32
186
44
236
95
96
541
405
584
166
35
152
488
343
356
123
149
42
1332
139
238
2
441
260
122
624
230
129
243
32
18
815
28
294
68
457
189
52
109
74
809
61
14
159
124
2
610
147
189
130
105
232
45
102
219
149
270
558
207
182
24
47
54
4
18
16
293
131
19
58
223
177
16
8
1066
260
340
386
346
36
130
397
49
176
339
268
290
399
384
12
79
38
86
55
14
51
531
147
105
422
51
595
513
286
348
372
358
36
122
242
37
630
33
3
41
230
340
601
34
181
1
117
20
355
57
143
154
126
328
116
578
203
33
227
415
128
10
819
114
10
166
266
40
16
424
534
6
169
44
330
64
35
192
165
70
76
87
27
15
48
14
144
18
97
256
199
239
627
298
21
193
212
10
802
148
66
28
746
116
513
219
519
5
177
83
52
52
120
535
8
167
148
68
291
137
378
142
367
7
11
62
37
40
90
151
77
79
505
175
372
17
146
212
287
302
144
7
183
38
35
696
8
100
10
61
169
353
380
321
43
800
39
1013
151
428
203
90
122
43
596
31
171
170
49
75
193
97
34
302
40
94
123
38
290
96
6
1758
202
237
72
185
104
28
87
211
385
120
10
183
636
43
481
538
161
145
833
142
206
32
81
431
337
9
121
624
245
363
75
268
5
222
48
210
11
146
44
32
35
175
55
7
53
397
553
69
142
129
416
351
349
381
121
401
236
92
86
127
41
153
80
510
27
74
229
96
155
217
479
189
327
590
712
34
146
47
287
304
143
835
8
172
1264
273
148
125
85
137
116
168
92
248
23
51
235
28
472
672
28
158
70
100
138
40
18
42
487
244
247
39
729
159
246
301
367
157
30
201
211
158
26
359
63
16
62
150
330
190
38
67
494
193
276
13
67
430
145
15
87
71
237
130
218
201
52
39
411
114
134
162
354
188
408
165
277
333
4
562
474
51
403
566
373
326
59
101
164
200
70
123
189
102
53
456
227
230
6
54
123
16
90
194
118
270
63
294
142
165
39
310
287
96
124
60
243
135
102
105
12
677
158
264
76
442
110
411
126
23
196
28
331
175
29
118
105
683
953
43
19
118
30
191
136
130
151
63
26
154
88
77
387
102
135
791
537
26
684
11
342
66
205
288
738
163
299
398
667
68
322
67
425
9
467
40
166
418
265
270
170
62
443
168
97
104
116
5
294
489
36
76
408
161
307
279
385
12
391
516
251
214
161
49
25
106
13
127
301
482
357
32
95
130
93
342
104
115
319
96
821
161
441
273
21
54
395
114
41
189
155
459
182
3
46
427
408
15
314
229
68
420
225
227
236
115
281
606
6
479
14
76
170
317
200
212
79
192
293
396
161
50
170
65
446
61
323
440
13
4
417
53
177
10
47
60
151
413
177
14
251
47
364
314
94
403
124
168
253
584
139
336
97
86
73
290
53
61
132
168
123
242
229
287
144
213
127
146
266
940
4
128
60
232
323
138
16
125
10
55
306
118
30
302
591
544
227
69
173
396
133
679
218
13
39
27
57
473
180
328
1
124
303
251
325
222
266
369
47
273
212
197
95
74
400
708
91
97
52
1310
59
399
29
380
28
133
494
102
75
756
326
44
404
110
47
157
360
119
146
597
31
85
28
501
238
232
608
78
177
169
17
59
486
10
382
244
33
375
11
412
174
3
110
131
250
132
52
534
41
66
24
219
21
90
522
146
66
251
293
130
110
361
634
203
163
33
34
265
397
130
82
13
61
26
397
36
287
253
89
15
5
103
177
160
28
92
19
10
3
133
297
327
145
938
40
602
152
451
211
393
59
40
21
241
496
97
201
128
17
225
249
95
405
1
20
440
32
102
58
84
27
14
147
101
88
77
213
49
150
639
9
258
31
52
66
265
117
379
81
88
177
92
1114
129
175
59
430
229
443
638
208
126
42
134
216
11
64
165
435
223
171
1041
28
232
46
89
105
81
17
156
215
130
6
67
144
49
93
69
72
208
641
6
20
240
25
283
538
71
121
574
708
298
11
195
320
351
609
310
181
431
111
117
102
50
3
92
33
217
305
49
303
51
309
10
4
153
37
369
39
95
485
33
184
45
229
112
7
568
271
43
167
1026
103
143
115
234
737
9
104
22
246
23
386
168
210
538
110
233
602
231
76
58
145
81
13
377
149
719
496
159
297
250
194
134
68
220
276
243
47
45
87
10
97
1428
33
163
224
13
499
20
105
43
95
184
710
25
52
352
911
303
192
426
20
731
220
106
243
331
103
323
366
44
223
48
99
476
97
308
347
68
242
479
358
57
129
349
360
180
173
129
354
85
102
449
177
12
45
5
188
318
166
56
372
392
199
155
209
332
91
167
480
527
167
139
391
233
349
9
139
80
39
83
30
29
194
61
929
145
73
326
75
124
135
2
9
133
20
44
113
213
1
525
177
296
457
124
125
82
261
19
47
86
226
43
89
172
269
93
421
93
223
123
124
184
152
308
20
361
144
162
84
89
72
197
87
16
227
184
697
721
176
146
8
33
84
5
63
16
71
82
221
25
170
461
11
837
30
1106
140
32
572
49
85
326
85
28
158
166
131
579
9
87
428
186
519
246
3
7
1062
1144
555
814
197
246
424
64
110
87
365
297
194
26
6
1
262
380
80
194
89
113
128
272
236
44
48
85
203
120
29
216
3
231
101
396
392
172
12
517
59
104
65
681
205
513
2
569
32
77
150
3
334
83
107
123
64
43
58
120
310
68
268
157
29
117
136
55
77
194
37
115
169
345
38
33
183
45
247
70
171
1204
77
535
306
109
218
301
131
1
293
85
362
180
122
158
145
159
35
21
316
46
386
184
269
56
85
189
95
12
164
152
85
212
38
254
882
65
37
185
88
58
203
42
19
46
143
279
216
57
104
31
531
35
93
113
130
67
248
89
240
14
174
85
30
2
210
116
871
725
127
12
66
154
339
362
230
116
250
125
107
277
83
316
47
318
162
34
363
147
65
26
28
66
97
208
651
292
104
412
41
11
244
130
871
111
89
432
193
16
131
45
660
56
37
44
594
428
365
51
50
140
32
85
19
48
39
167
41
181
43
148
352
146
186
111
159
119
108
202
257
90
332
241
372
413
41
48
80
216
58
75
94
281
144
43
346
370
283
120
141
27
378
187
2
375
137
229
94
24
51
24
226
3
73
510
539
289
302
107
88
364
106
71
96
284
217
159
115
196
148
402
751
644
77
14
217
800
69
55
53
427
27
13
1342
49
33
9
119
1
116
22
444
181
152
69
223
707
793
3
412
131
123
185
922
227
197
161
167
82
140
76
49
46
158
562
12
200
29
123
623
208
270
70
201
174
111
193
6
340
579
489
496
318
33
217
67
340
460
118
85
314
55
84
305
133
2
535
12
95
202
303
91
256
88
259
28
475
136
345
166
235
27
67
45
113
292
63
533
441
89
365
126
241
45
734
252
22
28
542
12
10
198
370
511
51
10
376
290
36
260
219
270
609
40
433
44
251
18
397
90
94
76
158
55
419
223
18
34
104
194
167
571
244
225
240
52
25
227
360
297
101
256
28
92
544
410
44
51
116
125
23
84
254
38
21
338
190
158
289
170
244
68
36
125
418
553
191
50
80
45
173
53
29
215
107
182
547
11
105
119
411
396
427
767
83
113
275
44
218
72
78
317
68
6
304
45
166
37
18
41
291
215
233
12
92
76
548
500
51
217
115
403
273
352
67
263
196
232
124
50
59
3
67
863
103
359
44
174
54
253
333
269
71
44
136
4
161
13
82
38
8
273
504
82
60
142
200
102
513
196
531
172
17
85
101
215
65
312
454
414
345
149
258
397
285
9
8
250
194
393
126
154
174
113
47
158
18
203
123
26
166
6
164
313
73
167
198
217
21
16
21
44
265
27
688
403
649
152
20
184
690
64
105
155
6
589
92
8
91
160
148
97
358
292
129
54
162
148
35
43
5
669
263
143
371
207
475
106
227
17
31
715
124
120
119
10
150
191
44
41
242
38
317
4
1065
338
148
29
545
222
102
318
40
348
117
190
136
330
27
136
214
46
99
684
114
31
22
65
41
372
44
49
39
4
127
44
66
53
61
154
3
10
668
88
221
25
185
33
137
536
109
124
187
146
284
168
235
228
22
305
17
32
183
44
82
47
613
116
426
39
784
87
352
70
240
20
161
100
71
193
27
520
337
1
49
252
439
184
140
1
101
125
63
26
86
9
43
118
425
186
694
449
225
80
434
205
215
178
398
72
80
85
30
70
159
34
28
184
31
264
190
204
34
166
293
125
23
142
52
7
21
457
227
263
14
12
36
476
27
280
187
176
51
143
275
29
16
69
711
13
180
131
52
245
288
223
166
651
62
43
101
390
223
406
24
27
180
737
21
145
179
378
280
17
52
29
205
29
17
28
80
18
9
45
6
500
353
253
188
139
499
154
25
108
438
105
85
186
106
89
189
128
298
130
56
253
72
18
721
174
120
270
287
270
2
19
35
176
39
763
356
11
441
354
65
308
59
280
109
318
101
81
17
98
189
177
825
147
26
14
92
88
72
150
314
47
259
45
56
189
381
15
27
236
255
46
55
206
134
132
85
109
31
393
89
123
58
127
387
183
19
202
501
517
690
56
497
278
32
107
88
134
25
646
86
175
221
198
355
60
154
147
21
67
664
282
284
130
15
281
243
38
78
41
41
90
1
817
183
259
562
125
12
74
119
605
82
752
248
516
85
136
164
29
199
71
448
222
16
355
212
111
84
156
216
624
45
78
38
42
64
178
140
531
91
279
159
237
429
53
157
281
157
325
549
550
389
123
229
22
165
139
337
323
162
22
212
7
122
12
126
203
83
432
578
52
295
21
83
41
288
311
174
196
219
56
62
423
219
394
318
101
568
12
174
160
21
88
174
85
526
109
20
124
36
59
20
196
55
50
611
282
248
42
625
425
105
120
90
61
472
236
111
265
107
222
44
228
233
414
113
215
10
379
132
28
19
113
137
51
43
174
278
20
113
13
149
254
578
222
62
262
104
54
131
32
203
22
28
157
4
85
504
180
257
96
65
121
110
57
108
769
152
55
73
50
183
30
383
39
489
263
52
62
610
395
174
141
275
247
14
366
276
157
129
186
79
205
83
180
115
191
374
230
195
369
106
142
391
54
54
29
110
13
257
45
75
9
16
150
83
115
472
187
141
80
57
1189
240
384
280
11
97
164
133
738
71
206
16
220
345
62
225
75
11
224
117
46
47
83
5
296
134
355
296
53
428
221
22
498
34
360
343
224
127
41
281
83
397
129
155
279
15
55
468
66
365
42
72
72
84
104
48
208
258
5
1
117
119
191
198
88
127
1042
13
208
422
237
320
21
19
300
57
37
33
60
92
121
74
329
110
377
96
1010
31
101
13
279
36
75
267
76
28
31
452
83
49
141
289
97
129
110
49
170
398
212
175
144
52
18
114
82
35
160
622
588
6
24
708
82
6
58
57
3
201
621
33
123
55
27
57
209
91
79
629
132
67
72
385
71
93
65
225
35
17
123
226
46
329
261
102
234
179
5
122
9
425
77
109
160
75
261
106
674
291
218
134
258
188
155
110
971
102
688
595
65
658
642
24
314
31
6
283
81
15
264
323
360
81
182
89
102
347
421
77
501
236
31
122
22
36
31
246
16
200
591
208
62
343
317
329
365
105
200
522
90
465
347
234
483
37
1352
19
96
100
132
920
39
425
72
758
5
138
53
23
24
24
375
195
71
412
9
64
165
237
2
60
132
268
19
140
439
69
172
47
127
381
315
111
141
307
152
203
131
92
63
779
294
179
30
47
32
166
28
800
64
342
124
170
815
120
217
175
131
76
51
295
53
58
104
177
288
172
13
135
13
281
13
216
329
162
31
44
38
160
337
99
96
76
33
34
280
28
5
57
134
173
231
75
349
393
60
105
470
32
726
12
608
396
281
118
16
44
4
383
82
252
49
480
96
112
16
289
64
17
898
304
332
29
156
354
2
37
201
309
738
23
41
79
531
23
378
185
144
111
296
481
41
35
309
525
405
28
16
196
191
364
263
115
116
287
50
312
26
434
35
181
25
310
121
287
91
27
40
93
37
429
59
169
396
43
79
320
152
24
356
113
118
32
283
114
125
599
963
28
24
551
331
223
165
53
100
69
50
299
520
622
37
500
35
140
23
89
726
372
33
297
421
85
6
699
503
650
12
485
730
59
143
126
445
346
203
47
121
74
12
29
192
152
268
184
5
379
59
105
50
89
185
57
177
1124
50
137
108
41
139
173
27
8
119
367
15
349
291
46
522
231
6
134
25
56
46
258
51
49
52
76
441
183
382
95
38
135
126
27
310
51
33
181
57
344
209
204
83
111
125
110
612
278
415
89
206
45
716
315
851
230
158
63
35
318
660
257
240
100
334
130
499
40
131
82
796
108
110
220
11
81
84
304
145
75
560
127
275
132
163
8
96
313
78
231
159
33
20
169
14
271
445
101
8
25
7
427
349
22
232
566
446
54
21
521
115
204
34
297
82
31
162
103
77
164
61
43
489
347
135
497
5
10
555
566
250
14
124
9
24
201
564
243
454
301
152
49
100
129
11
117
207
44
218
160
163
126
219
202
124
619
138
133
36
65
297
99
402
7
143
83
3
50
67
106
116
176
153
263
438
6
271
389
62
201
222
405
235
126
113
18
271
209
161
247
504
427
338
55
281
935
2
4
161
162
104
267
56
57
19
63
68
729
594
199
29
106
123
122
37
802
9
350
208
739
42
277
170
297
16
46
778
420
448
7
182
308
178
174
92
76
64
85
310
126
758
175
146
119
2
30
64
461
175
91
106
770
6
131
57
81
35
49
135
184
41
16
386
156
253
12
52
77
60
43
115
25
262
285
9
204
96
120
29
174
261
109
190
222
310
138
466
105
63
115
173
9
1066
155
421
489
61
136
169
278
75
292
26
2
243
110
218
380
274
213
261
375
277
557
40
6
67
24
89
78
43
52
416
9
156
155
13
125
68
118
135
17
313
272
169
242
835
12
236
481
90
259
416
1211
142
17
95
1064
110
89
61
391
76
42
90
110
27
497
210
50
121
229
113
264
32
143
91
48
61
88
301
193
172
90
54
320
123
51
340
137
45
832
24
65
195
26
89
661
32
52
256
230
3
43
38
25
533
39
504
7
327
56
491
271
364
731
76
131
213
673
121
107
247
125
59
73
231
12
152
109
20
270
46
342
342
41
364
180
303
171
140
27
135
382
116
4
230
241
123
272
269
27
176
184
31
777
405
28
223
56
442
142
164
121
414
14
74
18
470
142
112
58
50
492
304
157
7
34
274
99
402
286
600
271
382
425
300
117
860
109
85
32
311
512
49
16
84
80
144
155
41
36
244
127
5
72
267
440
257
351
278
192
170
38
26
14
56
10
881
130
132
73
12
118
514
78
363
8
14
764
14
106
359
368
152
50
243
209
2
231
417
225
147
220
122
18
225
168
19
391
57
112
15
98
285
11
82
82
70
136
87
394
42
306
88
305
511
45
463
314
366
565
46
75
676
161
56
16
201
583
13
10
24
89
75
263
1022
17
106
162
157
72
85
68
239
630
181
45
870
364
21
8
16
441
292
77
21
1140
139
43
187
23
40
73
55
11
190
423
456
413
412
160
206
12
7
7
1
121
271
66
530
64
196
33
31
794
656
57
3
120
204
583
326
41
323
72
96
2
49
362
45
960
320
381
269
13
58
87
22
3
80
38
10
91
207
97
15
431
153
189
486
16
500
78
6
149
201
226
96
117
49
17
52
48
184
659
16
84
227
638
186
177
53
938
258
235
38
114
133
133
169
463
17
281
114
295
219
237
258
7
39
71
160
159
444
153
9
89
805
202
358
9
236
89
223
357
121
161
14
134
180
446
140
170
461
20
29
49
248
130
126
548
314
53
1037
216
248
38
50
129
452
106
18
59
34
254
48
278
328
660
6
42
47
112
23
10
379
106
320
9
272
429
182
548
90
192
38
70
308
162
178
255
82
369
202
257
91
68
288
296
122
216
185
214
264
204
139
257
138
274
13
24
563
29
43
156
21
159
161
323
340
84
548
130
505
357
156
8
72
440
171
445
38
20
39
128
35
67
32
635
142
390
102
275
15
220
228
52
76
368
117
1
21
104
101
19
89
1278
241
60
150
175
56
16
329
117
809
235
17
86
379
18
204
51
27
276
137
32
349
119
110
6
1046
40
145
356
118
404
123
227
379
501
46
201
245
58
77
179
21
359
225
6
288
104
271
9
105
95
38
122
270
193
487
88
48
21
159
538
477
22
24
518
171
3
18
153
57
78
278
33
116
446
258
272
96
40
286
52
57
93
213
232
421
26
97
318
539
753
63
54
598
10
77
145
73
4
145
915
137
34
57
122
296
80
183
29
154
213
266
105
136
522
18
35
8
75
148
8
370
144
86
134
17
492
35
559
73
389
115
527
108
182
8
160
244
14
61
11
108
7
320
562
367
253
44
107
91
145
24
134
128
403
10
213
33
467
335
106
238
575
98
137
80
119
120
45
232
142
64
172
157
133
39
451
350
426
80
44
84
5
5
63
43
223
50
506
90
38
162
392
114
33
136
11
441
133
484
439
3
145
304
1128
308
35
42
13
354
6
103
134
321
19
51
53
50
6
76
233
59
367
279
543
78
341
130
41
21
122
539
347
343
111
154
353
88
36
57
597
16
53
550
129
482
608
301
538
192
141
95
174
246
3
399
1
1
285
213
237
73
15
27
520
20
8
417
325
335
175
397
308
201
9
10
169
43
328
371
215
67
30
9
115
610
280
118
34
744
59
554
182
44
4
42
363
214
200
265
406
12
125
202
145
107
127
116
104
143
339
221
105
722
115
155
76
166
20
32
43
168
10
352
30
323
562
511
496
40
568
203
44
79
350
61
324
38
1
107
351
13
26
182
459
64
94
235
138
121
8
244
203
621
91
111
295
139
125
49
56
40
40
246
37
48
214
150
7
142
176
402
466
104
345
14
171
194
102
502
130
430
162
644
269
36
434
108
38
4
38
12
192
2
6
215
102
209
483
76
74
401
207
67
501
110
985
186
177
70
108
53
719
122
178
367
122
11
292
19
55
106
199
145
161
403
198
320
244
475
144
186
119
151
14
274
96
88
226
368
336
107
337
54
495
26
10
92
126
83
202
78
19
19
88
294
67
325
182
6
29
188
89
125
961
201
48
533
2
304
429
136
379
604
117
28
124
36
326
218
38
167
173
178
10
330
378
18
289
245
5
375
596
251
73
12
45
33
476
23
273
197
179
93
2
251
191
246
774
50
248
538
236
29
35
614
219
216
170
336
221
73
122
84
200
152
42
205
11
450
119
30
280
35
277
96
77
88
27
87
13
64
174
132
393
68
106
16
255
18
625
108
99
39
502
44
423
248
325
168
55
153
181
131
107
831
64
148
154
95
52
10
146
204
45
248
54
22
352
48
44
400
104
115
7
271
468
233
190
57
509
67
40
170
177
41
78
13
11
446
28
25
208
92
94
866
76
23
18
143
96
47
73
28
68
145
113
61
93
233
687
128
66
79
1
88
26
445
71
235
541
225
66
283
173
130
425
79
212
62
106
67
140
140
126
85
558
97
28
375
274
216
72
16
175
79
168
17
93
373
93
144
274
33
470
81
231
30
139
2
466
385
497
7
22
29
81
80
223
414
101
118
523
218
43
16
141
3
116
308
743
415
327
143
66
240
195
252
21
247
499
264
257
212
8
51
161
263
288
54
284
473
49
384
67
86
111
371
236
46
482
85
9
104
15
4
70
305
304
194
108
29
8
155
270
151
512
33
236
144
371
170
118
137
69
247
207
667
5
20
281
336
883
135
33
122
384
245
147
678
117
188
247
649
765
333
162
116
116
667
364
71
414
40
586
278
10
136
77
86
47
428
64
382
103
308
83
205
15
180
213
473
99
18
146
79
18
65
259
117
38
213
291
138
94
58
118
416
194
153
16
543
115
188
317
109
180
206
28
37
382
9
91
87
26
70
372
605
487
2
314
230
112
12
260
24
18
76
19
36
416
1264
34
276
93
3
369
246
264
77
140
358
157
280
68
32
388
81
37
38
56
111
59
104
53
371
115
270
655
58
1941
3
99
465
63
107
472
43
460
2
241
484
484
7
250
302
5
52
154
28
113
453
15
67
176
574
79
156
18
171
41
65
63
456
124
22
181
31
31
168
111
244
21
91
64
285
32
143
32
197
339
127
10
206
189
231
51
261
38
143
78
102
32
638
591
103
23
71
303
272
106
505
367
64
58
126
788
178
380
231
46
126
16
702
447
144
72
17
172
67
598
657
65
179
123
47
14
44
13
8
567
193
57
92
156
66
43
374
443
241
10
96
240
694
103
22
79
47
312
60
6
51
164
599
154
27
627
63
195
10
300
244
218
291
109
93
438
100
231
757
81
393
39
5
25
118
189
39
36
4
606
87
497
61
193
92
37
167
237
271
171
332
112
153
1214
297
474
269
48
92
47
40
20
114
457
94
454
71
55
85
234
353
420
370
166
45
125
634
238
16
554
167
386
117
471
184
127
347
482
194
337
12
605
191
120
95
21
161
125
6
152
185
218
27
417
161
58
554
33
72
26
103
40
5
92
840
342
350
14
238
377
143
653
104
361
68
27
55
407
2
46
54
123
319
75
752
129
206
53
126
121
354
486
457
27
269
792
176
138
717
58
284
89
56
444
120
136
10
80
37
152
156
125
183
250
189
80
12
110
198
257
415
398
332
1
141
241
233
153
128
911
209
600
760
70
2
332
80
64
179
259
458
194
70
171
466
239
170
412
193
229
89
508
83
181
89
326
281
11
40
361
732
13
72
165
485
266
77
441
60
58
119
123
289
441
278
346
5
155
11
173
148
116
7
809
29
172
114
41
301
157
413
216
145
44
52
604
249
712
11
65
168
48
2
29
234
76
273
127
522
17
64
159
50
20
43
8
195
123
367
133
71
285
296
279
189
183
168
121
27
146
109
17
221
220
133
351
43
18
119
275
226
439
69
86
274
65
255
39
63
187
51
148
198
139
50
349
403
44
72
413
135
22
752
98
14
372
616
19
99
189
95
380
112
56
2
4
272
340
372
127
199
24
15
170
227
306
476
166
885
194
59
131
270
228
196
55
90
233
79
523
830
149
100
590
113
32
40
13
117
305
30
587
87
298
253
97
622
382
403
192
296
55
21
4
104
108
186
214
59
400
89
354
66
224
242
39
7
75
99
122
217
119
145
192
38
27
84
40
162
36
129
185
23
28
86
237
184
239
142
199
150
283
207
276
37
27
381
201
217
42
16
208
349
75
55
118
537
102
676
204
37
99
121
25
778
19
88
42
10
29
61
24
14
126
200
22
30
37
265
102
388
509
147
157
564
18
476
94
164
165
121
505
17
113
396
247
126
200
79
209
10
157
32
7
379
339
187
303
64
71
177
144
55
101
367
151
191
245
128
76
16
70
144
209
37
102
24
477
268
1062
72
233
141
744
299
65
576
85
241
31
57
57
861
842
151
45
2
122
10
80
50
31
184
982
238
488
474
197
631
48
13
29
38
100
499
236
25
248
145
74
435
3
80
619
394
318
155
211
351
206
6
78
312
244
85
303
103
65
90
220
135
17
318
253
222
77
94
39
128
36
341
234
806
235
97
175
129
444
38
303
632
414
572
66
35
337
188
135
402
295
43
68
33
575
100
31
93
132
164
26
136
116
47
40
211
558
401
142
116
43
114
82
452
106
300
2
207
60
317
226
39
448
210
131
256
47
102
143
237
96
276
120
39
73
27
44
102
909
350
81
248
172
106
313
800
719
22
154
499
310
101
192
60
189
177
120
80
56
122
215
466
712
334
72
385
136
24
407
170
158
482
407
177
471
70
81
103
285
18
24
855
27
932
72
432
90
116
198
118
97
71
29
23
230
49
6
48
249
324
12
91
301
88
35
247
1347
90
400
42
113
133
44
46
637
62
118
221
10
57
212
429
566
279
44
58
106
4
47
65
203
501
79
340
79
1010
120
14
210
986
4
46
26
217
132
62
595
938
129
15
10
202
101
323
42
270
359
29
148
407
202
106
484
67
666
329
70
58
51
794
193
213
29
39
112
166
400
49
257
7
155
100
44
352
539
241
94
65
280
101
384
4
77
81
32
330
846
12
62
32
36
30
201
475
64
217
109
263
127
115
422
89
143
302
332
205
169
112
246
128
94
146
245
72
136
21
517
140
25
31
67
69
42
157
101
105
51
13
203
72
203
214
770
3
713
50
222
132
349
37
94
151
366
346
382
34
186
22
316
127
320
125
393
449
110
168
167
475
132
198
18
2
518
586
164
32
53
162
5
90
116
124
148
273
2
133
153
185
79
20
64
457
45
68
782
282
49
480
307
57
63
120
55
37
24
258
26
2
74
121
177
403
92
40
64
142
124
144
123
63
157
35
378
18
46
245
21
63
30
194
213
92
148
125
9
244
44
277
30
520
607
117
159
44
312
157
252
72
137
292
331
92
90
264
758
104
107
220
28
110
709
20
276
70
462
119
486
28
100
27
10
81
194
427
165
29
21
25
480
246
27
593
52
244
23
176
18
83
33
610
126
322
256
13
188
35
302
5
258
156
30
70
61
278
137
832
277
12
478
333
419
101
18
184
360
230
78
360
165
123
119
44
680
171
190
185
274
39
58
216
358
209
17
11
34
319
128
324
245
552
11
415
191
28
358
24
48
72
295
587
293
110
16
415
635
145
19
32
203
213
28
220
12
267
20
153
16
41
39
53
136
84
176
469
18
295
155
252
107
32
114
261
9
986
138
72
54
861
326
123
265
2
585
45
228
238
62
49
82
250
547
2
205
113
294
365
51
64
20
134
652
103
143
80
226
4
508
205
14
581
207
210
120
263
616
58
124
1
484
503
51
67
334
258
32
638
22
645
527
227
24
85
377
373
109
55
575
118
60
458
39
566
245
38
38
109
26
221
199
268
163
333
929
438
172
321
130
64
68
455
15
29
488
11
152
376
320
72
17
75
30
513
298
26
74
353
59
284
30
29
415
166
586
103
390
190
257
142
170
75
58
193
134
401
161
50
567
94
141
238
68
279
495
105
151
49
808
284
5
151
105
39
90
270
10
156
4
202
125
672
358
190
30
117
874
47
318
70
129
781
189
578
274
901
218
441
173
167
134
119
288
188
12
38
254
28
10
113
195
53
262
28
30
73
76
4
86
173
27
171
1106
345
107
505
182
85
38
277
152
20
317
260
269
668
534
81
11
38
85
187
328
290
37
325
346
23
91
88
75
138
277
44
369
206
111
358
600
54
578
48
126
76
21
295
40
215
180
255
515
497
165
635
218
240
32
201
243
83
18
320
179
168
176
31
338
305
93
56
440
36
48
84
523
85
327
21
67
375
79
56
95
1242
156
248
60
177
281
23
13
482
138
7
412
138
65
54
42
39
47
9
125
266
513
12
528
450
159
166
50
302
28
205
497
208
84
115
198
16
317
166
205
79
373
20
327
17
41
33
242
86
22
133
234
206
268
24
616
61
39
95
25
320
258
144
146
232
55
11
295
483
315
39
217
226
175
90
2
47
98
102
166
109
117
33
163
226
9
21
623
82
279
18
18
84
159
69
197
153
265
339
217
519
935
660
333
216
97
160
15
399
229
83
122
23
358
748
4
252
555
126
88
189
167
175
44
568
281
58
33
46
155
81
55
11
87
318
56
164
33
260
161
27
176
37
149
255
21
54
1400
271
57
140
8
37
26
22
134
51
51
148
130
70
178
159
106
73
162
96
174
59
896
72
730
37
81
536
97
35
67
157
101
344
141
83
91
228
31
52
749
464
160
14
122
3
8
281
12
334
1298
63
499
49
55
4
361
58
417
148
26
496
212
402
14
26
749
571
36
108
169
427
204
314
9
239
103
32
60
176
5
301
325
392
337
142
119
816
183
267
441
221
68
18
230
143
371
445
202
30
262
56
167
80
110
322
268
14
23
18
364
4
27
142
325
99
72
317
98
199
238
17
290
585
470
87
17
27
150
136
40
177
351
192
142
40
57
518
97
223
347
330
178
94
32
103
162
577
422
80
9
270
150
346
190
301
126
852
281
244
433
91
5
314
233
176
1065
101
938
61
121
387
66
437
155
78
363
600
81
120
144
621
198
118
125
188
61
111
535
399
380
177
213
10
70
23
3
316
375
63
145
1011
28
326
224
136
536
410
511
269
28
228
204
25
168
47
371
38
60
985
260
120
256
121
156
39
385
253
765
132
21
117
205
105
78
157
216
98
54
94
20
119
214
57
36
380
141
381
736
83
402
115
279
322
574
79
50
128
63
220
50
131
1
468
35
411
215
599
95
502
30
149
1
380
85
190
123
304
73
150
29
7
16
159
93
168
75
173
81
284
354
360
370
48
7
813
357
392
131
269
109
10
153
92
67
335
84
16
92
29
11
270
166
63
178
669
109
1264
357
508
136
593
157
576
112
241
424
88
98
535
382
127
396
73
161
68
151
70
146
308
46
257
10
82
131
34
351
38
45
538
272
106
66
11
31
166
5
163
123
7
148
272
162
158
55
358
152
2
74
88
123
262
272
643
327
139
14
446
541
136
134
325
136
119
57
36
13
23
29
858
457
96
471
10
20
50
163
91
6
188
33
29
127
273
55
376
15
294
126
304
291
21
147
202
275
298
472
134
131
347
279
315
158
22
38
229
228
171
70
49
350
138
167
427
170
141
104
819
325
5
332
48
474
1
2
11
101
131
277
73
63
342
79
92
679
58
516
178
60
161
99
76
497
116
4
531
145
153
113
164
39
128
40
219
210
14
28
63
158
1085
53
1
9
8
301
243
596
47
268
319
132
536
61
36
146
154
593
247
281
44
681
89
175
234
201
256
3
773
153
20
147
21
301
12
23
60
137
95
138
256
34
114
263
81
311
415
14
54
293
270
129
241
31
287
204
173
45
11
265
70
82
520
399
463
303
7
145
26
83
166
361
399
228
250
21
51
78
31
47
79
388
206
170
21
158
269
40
100
411
110
61
103
25
289
83
412
184
184
5
19
200
8
104
13
322
600
101
491
229
61
345
565
163
28
219
68
56
393
59
261
190
236
296
150
550
44
520
340
170
145
22
136
38
34
399
18
637
161
34
164
33
25
1064
166
41
1151
20
1
283
66
29
148
89
335
34
279
75
105
350
432
921
198
603
134
51
423
21
8
171
4
197
34
136
42
8
3
5
33
477
364
20
283
73
13
1
356
5
989
55
38
122
169
28
429
134
17
148
284
45
95
7
551
305
158
529
160
131
121
80
174
434
48
250
203
130
682
110
439
242
3
38
398
122
247
49
78
84
25
62
547
134
468
232
1
74
107
34
414
14
102
77
93
147
103
164
392
174
49
121
50
55
111
9
118
229
133
127
16
408
70
28
33
139
286
391
928
190
68
81
108
285
240
42
244
4
146
7
645
281
25
467
33
104
223
56
130
46
109
11
91
30
33
56
264
903
113
369
303
345
157
20
8
276
160
19
380
77
146
2
15
91
79
159
22
228
11
210
23
78
98
25
147
564
13
52
189
532
276
454
83
301
101
154
40
115
138
34
40
13
47
354
476
1114
383
29
179
64
244
178
19
158
182
294
594
306
60
33
72
145
428
59
258
10
474
53
443
117
110
130
32
195
54
73
314
120
8
93
52
21
189
400
279
187
186
20
35
448
323
166
502
34
87
23
21
477
761
50
328
187
161
27
76
18
19
254
200
272
170
585
251
329
182
280
8
121
75
30
282
50
187
129
38
129
4
198
247
91
89
2
34
933
124
29
79
58
22
338
537
25
133
142
376
281
81
950
127
60
664
511
112
110
113
94
88
80
19
590
459
29
204
166
288
412
14
140
508
209
119
337
311
7
35
226
146
4
81
314
37
104
32
113
702
438
408
47
92
306
23
39
23
214
60
83
10
276
194
46
562
147
34
103
447
35
74
9
245
102
592
357
380
139
313
195
61
254
93
103
240
26
697
95
395
18
134
56
4
82
265
40
75
352
18
265
151
101
1
35
137
106
98
60
347
93
38
109
66
267
49
367
111
379
481
185
311
72
123
215
66
166
87
82
12
58
571
114
174
392
209
162
11
69
236
233
893
13
481
252
20
131
156
431
52
236
142
388
187
453
29
115
7
178
288
159
70
43
68
180
144
421
1021
258
209
938
278
46
370
353
679
94
407
46
77
90
93
178
234
26
28
41
78
447
15
307
185
222
53
287
144
296
101
2
30
29
203
41
71
91
129
35
210
51
396
447
91
166
255
242
255
84
61
44
227
342
304
269
382
144
40
325
388
1
440
3
147
47
129
62
466
41
169
280
187
14
111
55
84
61
265
106
48
116
1
228
243
128
31
61
354
391
151
407
104
307
57
434
508
89
244
83
951
35
103
150
359
221
1619
214
282
229
123
76
25
70
118
24
266
170
260
96
46
125
302
54
18
18
76
361
127
589
701
54
350
58
372
192
221
293
28
66
628
151
157
52
267
290
302
225
645
77
245
85
789
10
143
446
221
82
154
68
201
77
1
141
144
424
90
96
313
15
118
658
30
729
51
43
250
223
67
66
105
93
363
192
146
72
103
162
294
119
573
433
53
297
202
106
1
602
2
101
52
58
223
65
82
214
80
122
7
331
82
159
604
400
131
430
142
425
53
210
376
312
37
137
108
180
307
564
19
352
117
121
85
608
200
141
113
231
68
136
5
543
102
350
74
101
173
10
1038
108
396
80
46
47
113
45
236
4
126
319
107
85
475
166
392
309
54
217
33
202
26
1691
89
301
9
40
7
8
227
52
90
142
60
124
849
3
158
71
472
63
315
104
123
327
56
650
348
82
137
129
12
161
115
433
12
8
488
98
154
78
497
292
83
250
126
199
41
851
523
76
57
147
667
460
158
794
421
21
205
32
142
99
166
612
118
66
132
97
293
595
13
61
5
51
1019
170
207
31
199
94
172
822
56
524
66
32
376
25
375
202
11
269
128
168
528
342
582
150
82
119
120
19
245
80
78
96
275
176
6
5
1
446
19
62
298
189
27
258
95
492
290
126
33
184
224
453
58
184
82
45
219
358
451
270
102
127
260
52
88
51
621
3
345
263
217
83
13
214
872
528
931
164
381
239
89
42
137
746
128
51
182
18
399
25
29
166
510
20
282
832
515
520
387
171
122
157
16
181
223
27
118
300
100
239
482
211
123
514
108
28
96
15
76
40
222
361
69
541
456
18
143
18
457
22
58
439
23
122
246
210
142
8
38
1
26
117
85
412
168
45
1
100
187
1
221
249
36
141
177
575
315
316
234
40
15
29
286
387
362
12
153
82
347
100
518
14
170
96
34
27
32
97
516
151
196
87
110
27
289
184
80
105
498
8
176
32
170
91
20
20
154
105
25
243
49
34
170
28
709
167
515
98
2
324
540
3
278
469
560
17
56
170
530
392
111
23
19
14
432
23
11
546
574
9
194
5
194
59
13
19
102
147
366
391
69
281
427
9
33
533
40
121
246
363
432
158
76
282
224
60
353
210
156
116
208
628
318
309
78
179
117
164
297
54
226
649
138
143
252
151
349
36
234
85
192
303
311
116
112
48
108
56
170
56
158
96
15
194
929
241
595
8
385
396
389
37
329
81
125
74
129
24
198
324
192
15
291
281
80
52
119
37
869
297
194
23
34
58
133
677
32
234
127
114
152
10
60
57
44
347
93
86
69
29
58
147
240
38
72
18
68
77
471
307
208
333
354
114
158
61
2
103
321
458
45
175
321
433
112
411
103
145
274
334
99
225
52
122
62
101
243
13
153
360
38
238
57
156
101
96
966
84
184
324
16
238
319
62
18
389
217
478
170
240
121
365
19
148
572
49
56
255
327
573
9
196
126
1
55
92
395
16
399
31
13
142
240
215
61
50
452
37
20
235
123
433
247
156
332
41
194
425
34
83
304
661
416
57
378
64
220
484
23
193
193
7
7
80
833
180
561
37
377
267
249
5
102
330
15
1
11
431
79
969
23
214
32
77
41
879
50
158
37
3
92
15
335
21
3
159
372
146
148
307
206
48
83
39
80
108
113
62
110
171
730
168
333
74
289
39
51
375
81
80
676
264
47
126
20
31
81
483
303
222
8
258
16
583
207
441
293
422
9
89
190
496
77
19
167
30
365
221
82
156
297
179
444
86
160
332
46
234
37
204
442
143
406
188
7
5
31
95
372
175
135
60
106
70
648
141
62
50
498
464
618
144
784
306
90
88
209
15
746
842
155
108
401
250
263
5
142
55
43
76
63
30
243
528
244
333
84
56
102
356
447
599
191
494
53
339
97
128
23
43
85
920
75
101
937
39
236
151
170
24
906
380
88
90
640
69
125
68
277
42
10
132
1
385
559
198
211
15
167
199
419
17
80
97
44
47
32
2
35
209
103
413
175
183
1196
72
418
55
289
61
76
240
439
451
349
196
209
56
46
102
23
802
57
192
10
168
275
551
323
159
425
418
59
131
395
209
239
51
108
201
291
1018
3
184
42
3
67
56
160
15
243
25
321
466
375
205
247
214
89
33
5
85
624
228
138
185
162
159
157
185
436
73
261
124
214
43
335
983
209
211
163
33
320
4
7
789
217
728
194
134
62
414
129
37
346
134
173
202
55
78
49
32
555
12
1
90
488
55
49
50
150
295
218
51
921
87
302
6
2
102
40
193
164
188
104
2
62
243
10
231
83
123
1079
289
166
212
7
22
68
690
119
68
416
134
668
293
194
374
194
14
163
219
421
78
36
79
219
15
105
238
156
175
23
512
279
183
21
358
89
352
28
19
35
3
969
212
209
691
413
239
255
86
76
138
72
179
381
121
237
308
256
325
318
416
218
31
598
2
52
72
189
97
198
290
173
116
147
20
1071
264
301
167
369
84
202
176
28
30
54
462
150
317
5
82
205
353
597
2
209
166
749
266
146
84
347
205
157
335
118
181
96
231
47
176
84
256
49
176
29
100
300
9
315
666
126
166
1070
112
289
443
138
13
249
298
460
923
182
346
131
189
21
517
64
38
424
88
36
102
21
28
41
140
299
256
251
95
163
268
418
96
274
197
272
143
32
7
222
84
223
436
104
149
33
331
53
59
87
576
389
136
217
333
55
83
96
57
23
81
30
15
100
22
94
145
52
32
83
20
360
26
191
425
535
125
194
578
497
251
7
441
162
85
205
44
87
133
173
102
97
87
103
269
274
269
757
81
97
108
231
139
138
298
367
77
63
165
407
1
16
12
36
45
839
144
23
340
224
58
47
112
158
39
417
462
54
33
258
77
54
911
538
298
382
126
185
40
49
36
185
189
161
137
370
86
130
300
127
40
118
213
564
11
42
286
117
224
57
493
199
40
104
281
37
104
42
18
1
509
36
363
403
96
68
709
1
66
573
28
137
281
1
118
72
121
141
67
76
32
63
81
159
21
24
338
346
373
434
51
767
124
23
92
12
428
73
31
109
106
457
315
68
775
298
17
214
69
66
30
14
94
420
107
41
253
34
139
223
147
111
48
78
43
195
288
474
215
265
97
254
191
119
44
68
62
67
269
48
233
448
555
183
98
274
456
17
35
575
86
360
348
94
18
218
669
438
56
138
49
315
310
92
57
68
1023
69
921
33
79
4
54
76
147
37
39
203
55
195
1
128
27
297
26
101
183
130
24
224
58
59
9
315
38
226
28
251
13
112
139
17
121
754
1054
25
534
91
247
106
188
10
73
80
335
70
265
57
55
17
113
83
119
557
172
31
13
320
158
189
131
40
23
426
125
349
138
120
118
28
489
5
456
112
176
241
188
159
703
306
43
200
40
370
249
220
55
83
251
262
58
124
168
93
22
120
105
32
271
16
159
275
237
144
253
230
363
89
539
6
21
585
96
31
21
267
31
448
108
732
21
76
130
82
380
36
263
303
13
93
44
82
599
371
501
6
101
174
147
228
110
170
86
299
115
122
97
36
13
108
124
269
453
55
483
468
16
14
50
620
497
290
316
39
172
99
112
324
796
258
165
196
542
90
535
104
247
64
247
395
1071
95
239
107
148
6
254
112
46
547
281
34
42
119
568
28
171
240
6
35
55
167
89
279
156
505
5
12
64
27
48
36
245
61
108
412
21
12
153
286
111
675
138
213
323
95
145
78
73
112
136
148
214
103
299
49
156
26
287
12
486
100
140
974
36
459
421
18
126
157
121
87
31
241
172
344
106
87
384
131
87
175
169
106
114
91
33
285
117
38
62
339
31
72
213
409
166
126
75
24
44
158
10
57
725
5
18
24
96
5
294
499
146
140
726
111
138
118
68
258
746
200
188
368
41
506
49
480
75
130
501
23
167
697
88
17
287
35
19
18
318
425
158
158
343
429
98
65
134
124
121
10
20
103
373
266
922
35
46
339
9
318
394
79
172
165
425
17
168
229
197
97
126
59
520
406
139
280
122
285
286
19
101
57
682
256
970
43
50
300
21
444
185
196
65
22
588
488
184
16
219
143
237
282
496
79
29
806
4
135
327
287
103
362
77
119
770
41
8
1358
61
93
378
6
12
144
63
436
25
124
648
130
162
461
63
7
98
25
376
173
10
339
5
63
46
14
471
92
268
252
550
9
48
97
423
253
238
88
484
45
56
132
411
72
599
123
67
32
364
133
52
569
131
315
217
90
230
716
72
75
14
182
190
71
457
22
17
8
4
97
57
224
45
22
252
34
309
28
214
26
610
32
458
604
115
355
59
46
17
186
26
41
3
117
648
355
387
214
328
220
280
40
67
5
176
67
85
53
49
46
60
15
28
211
602
17
57
228
70
15
84
382
119
131
358
49
370
332
85
5
435
412
366
220
1691
12
245
365
16
80
190
76
560
47
134
101
584
100
125
115
55
76
32
118
364
68
3
51
19
135
84
4
192
147
116
25
86
232
184
110
237
356
167
118
144
359
392
194
492
159
384
155
151
99
422
633
76
69
59
26
138
52
156
73
286
13
533
28
56
477
4
153
124
254
429
489
288
87
327
105
88
326
105
294
165
374
214
335
92
292
127
444
365
124
90
98
161
161
490
223
168
341
111
144
22
167
181
98
117
58
181
232
54
1
82
60
246
77
73
64
618
178
321
424
379
263
545
192
235
202
46
8
40
185
3
156
330
155
585
414
64
25
52
52
904
179
13
128
73
159
92
118
142
49
184
291
54
224
24
41
87
160
368
401
460
156
231
213
56
103
104
261
579
197
105
207
149
184
54
52
215
88
26
65
507
250
120
172
222
3
126
28
37
27
16
32
148
3
15
256
155
141
212
209
25
163
169
102
49
216
250
228
11
219
156
169
165
260
30
227
320
167
68
80
59
308
97
48
326
131
144
123
71
326
181
223
108
299
396
313
466
939
175
82
254
137
82
625
62
142
225
306
53
58
174
144
41
162
121
261
130
142
16
112
176
363
87
42
116
56
33
680
458
107
32
7
429
598
514
509
82
444
71
599
160
15
17
56
1
9
45
255
55
281
156
7
560
272
62
500
280
2
6
500
806
81
504
690
256
54
121
313
156
76
121
173
73
29
50
547
52
122
278
158
282
679
106
148
93
58
447
562
440
51
316
130
104
280
208
223
99
209
300
265
27
322
334
106
3
199
40
372
363
182
121
475
218
905
459
837
87
231
3
221
87
29
129
78
422
65
67
4
1
173
131
289
322
719
60
154
35
377
355
15
68
393
422
389
168
285
600
89
348
651
197
395
190
15
335
742
181
19
1
53
210
143
387
268
270
10
461
98
46
38
304
161
137
53
332
308
8
74
50
110
47
181
571
195
24
125
63
322
47
747
47
413
99
4
511
89
181
351
14
265
168
17
87
18
386
70
58
113
193
285
17
318
95
233
103
103
59
365
6
2
367
77
141
383
58
303
108
37
131
254
69
241
209
30
174
69
50
51
112
408
342
81
199
593
231
564
210
822
110
332
784
207
18
19
264
110
51
163
309
161
786
254
85
275
326
3
52
208
508
311
303
151
26
84
228
43
606
208
167
142
646
19
279
190
1
384
558
39
65
47
48
278
33
107
46
229
92
123
295
129
279
87
695
38
681
42
288
225
125
234
54
121
41
131
226
211
27
294
101
11
83
233
173
360
142
883
16
212
203
81
104
534
746
412
417
491
302
94
28
103
777
161
705
203
96
428
333
84
119
180
178
81
74
9
139
258
10
50
93
34
428
171
10
5
80
458
183
47
565
137
278
47
257
74
71
52
319
68
523
24
117
222
53
210
13
107
73
41
53
131
263
6
83
51
79
186
2
172
121
383
329
54
75
307
98
195
680
268
215
302
147
55
9
572
56
698
114
7
8
344
789
262
3
119
49
108
181
91
235
205
737
907
241
95
51
214
30
287
562
4
34
155
321
352
211
582
300
188
53
52
126
18
240
152
68
578
230
94
525
364
144
111
507
23
484
317
187
45
185
172
103
61
117
367
239
372
32
330
43
51
54
110
17
64
58
8
378
98
433
110
25
106
17
389
61
7
242
123
74
197
433
146
284
3
211
10
394
19
408
58
15
337
41
29
16
146
691
869
49
813
551
696
217
72
129
121
44
558
72
112
447
1538
161
198
198
35
419
197
216
47
200
179
50
262
317
661
96
329
215
261
24
70
496
150
319
175
55
80
27
85
474
394
205
51
207
158
383
511
41
27
40
236
250
269
212
214
277
195
202
670
179
42
136
50
415
237
126
36
98
42
230
25
232
2
162
10
220
138
136
423
189
44
53
413
395
44
189
199
241
467
45
217
142
460
148
1525
354
37
83
325
103
81
255
119
297
47
87
12
181
74
347
579
34
174
80
534
70
14
162
5
62
239
33
106
194
775
179
52
292
265
311
21
54
214
72
454
65
467
127
238
410
102
85
95
310
24
256
433
240
7
35
166
7
893
69
168
185
31
73
353
207
65
522
135
75
210
250
87
61
195
15
54
106
298
295
305
121
258
93
184
53
97
77
74
165
387
28
82
187
240
135
18
98
297
169
63
146
100
124
11
299
958
5
327
181
10
8
22
12
115
627
311
144
1204
32
219
95
127
475
284
57
160
42
188
433
70
61
167
47
164
62
169
352
261
518
92
64
106
70
201
131
92
420
1261
202
86
740
99
717
20
172
258
186
42
216
91
1
1421
59
87
49
110
15
362
102
208
19
263
288
217
493
2
166
259
58
198
36
139
90
172
338
20
331
669
54
247
99
218
170
33
151
119
361
368
8
25
114
209
160
162
387
41
136
46
28
342
495
497
27
25
14
219
82
487
1105
12
37
315
16
33
99
21
306
144
352
65
159
5
381
267
12
81
328
645
356
157
616
9
111
593
4
117
19
115
545
23
58
109
426
252
205
342
52
67
113
12
112
297
44
141
154
1
16
105
83
166
663
235
319
444
12
211
337
82
200
4
804
74
102
77
85
87
49
3
340
59
185
110
83
785
322
402
85
204
323
677
211
35
29
214
95
594
318
318
585
53
26
430
340
60
850
387
797
36
36
104
407
200
34
332
263
30
102
276
21
508
29
8
103
143
333
318
97
450
90
1126
77
36
46
370
276
301
67
859
236
47
11
6
12
33
212
59
56
15
56
30
177
51
244
135
258
721
225
327
129
140
41
250
74
291
270
12
10
316
64
141
367
30
227
56
5
197
100
200
794
47
330
90
170
5
385
10
50
137
200
257
66
204
105
58
281
60
341
5
669
78
217
10
61
45
12
294
96
745
96
223
150
169
308
20
307
406
209
61
623
194
324
546
101
62
464
275
703
122
267
179
248
126
406
21
60
54
108
218
247
46
85
561
506
292
19
89
510
111
402
156
128
133
150
38
98
115
60
45
266
293
4
593
127
115
8
834
187
224
47
78
164
108
261
378
228
2
370
142
210
117
3
29
296
341
91
139
310
71
297
117
71
46
101
199
99
148
6
413
157
157
21
135
119
325
240
213
311
21
102
58
186
286
72
29
82
580
20
84
21
20
131
33
95
87
360
143
180
26
108
301
302
127
770
59
399
213
30
122
239
110
79
201
100
77
227
128
22
306
249
120
318
36
25
370
35
106
142
331
37
247
140
163
136
216
608
10
61
88
210
44
79
712
104
11
175
32
316
529
133
371
114
544
76
521
32
439
70
36
331
20
38
407
73
483
81
524
85
208
14
96
162
217
14
81
207
55
253
93
6
28
93
53
238
55
14
491
275
137
487
852
88
63
198
64
162
97
106
224
241
37
224
71
443
132
296
225
62
66
74
47
127
154
22
208
32
34
113
271
344
250
185
385
742
177
154
231
246
91
77
445
303
15
117
298
109
30
298
294
250
179
362
711
556
124
142
96
218
336
276
26
841
117
113
81
259
208
390
668
551
19
22
39
167
37
242
167
192
553
405
807
208
574
275
14
656
13
403
77
81
240
83
381
172
109
503
174
414
97
149
14
29
196
68
244
60
188
282
149
226
10
76
63
578
119
123
1062
317
80
563
580
126
198
133
361
210
52
15
87
479
17
116
7
471
455
403
60
65
429
408
182
146
130
384
39
245
164
88
86
103
24
607
81
178
294
116
14
764
72
89
1064
155
92
127
1
176
222
71
46
59
357
67
340
295
15
229
383
58
16
313
337
130
19
182
32
120
201
111
196
12
465
246
120
235
48
122
50
49
159
143
144
12
202
45
78
312
149
127
7
24
31
19
39
110
314
8
209
4
15
198
237
21
33
152
59
143
532
46
1
168
823
458
268
274
341
316
83
208
93
89
11
9
55
158
72
91
181
470
238
128
66
48
158
6
2
241
153
89
40
135
304
27
64
81
7
196
58
48
40
27
1066
622
362
4
45
107
37
33
251
72
267
49
323
72
159
138
63
163
3
346
639
13
13
19
160
31
31
46
32
165
63
271
194
83
462
52
45
525
355
83
47
314
336
414
147
1082
36
420
176
490
1
241
193
199
124
98
323
30
105
48
12
521
23
254
76
11
90
19
279
67
120
49
830
109
166
68
217
89
559
58
118
11
110
3
371
421
225
214
379
177
288
185
434
88
72
1
874
24
514
52
255
210
64
303
310
232
49
143
324
110
151
112
41
252
291
1
221
123
142
61
92
52
264
157
420
404
155
61
102
1481
439
136
74
35
208
280
48
169
181
348
386
43
226
522
765
28
30
26
128
862
369
65
402
65
116
110
193
119
191
419
31
221
33
595
14
501
1
170
233
144
26
260
17
202
49
1004
378
706
51
11
704
12
221
138
243
105
182
368
9
12
105
599
221
155
44
433
436
1352
421
100
138
113
322
542
17
239
15
179
217
103
76
229
53
50
13
119
17
294
144
199
109
189
456
72
60
138
24
327
1
118
450
20
290
244
56
95
326
67
64
101
27
9
67
29
217
2
43
89
9
767
20
354
94
3
33
129
9
477
168
113
1189
61
295
62
122
41
206
48
156
65
544
334
311
907
187
265
3
495
80
41
130
26
351
244
400
25
82
258
1453
180
361
246
315
114
77
51
96
41
320
331
519
145
63
610
11
322
86
8
96
104
352
181
25
272
332
265
45
283
245
6
578
378
301
315
213
477
118
1342
43
139
20
285
550
342
172
215
35
141
37
334
46
470
31
859
154
415
257
193
6
265
191
18
156
117
382
14
44
183
33
85
99
97
141
411
451
713
60
132
41
186
78
10
62
344
346
126
35
1
371
66
86
337
141
74
69
184
23
29
94
101
150
261
75
165
190
39
127
260
328
240
13
14
213
619
237
148
141
399
56
19
9
379
135
267
504
355
159
7
43
321
132
32
286
83
32
52
175
494
219
326
327
72
164
79
188
628
630
85
517
259
457
166
307
233
31
46
134
141
141
474
83
23
37
229
29
18
514
9
39
164
365
450
547
1
70
67
50
241
409
184
481
78
16
78
28
93
79
449
549
463
44
394
96
76
107
311
5
176
145
31
272
312
232
214
697
53
256
78
24
10
180
165
97
200
170
259
257
233
105
120
18
75
140
1
273
437
159
52
452
43
202
27
55
143
57
254
298
30
33
65
145
18
196
129
89
90
5
191
342
213
23
131
378
271
33
487
120
148
58
263
75
676
376
13
47
371
478
227
75
177
256
125
55
23
332
161
571
551
479
70
59
140
129
169
54
509
244
201
23
28
152
996
535
234
162
133
303
28
101
21
202
38
112
215
239
206
84
769
85
137
164
151
123
227
489
62
85
71
174
228
527
366
282
230
139
395
1
105
234
524
307
144
446
42
22
25
444
111
277
468
386
459
31
168
126
386
37
19
94
6
7
8
248
1264
198
115
400
243
68
72
60
4
134
111
79
222
109
158
109
108
484
119
405
259
224
25
443
497
78
147
188
2
35
33
375
39
45
386
643
33
84
24
105
99
62
73
64
88
468
30
129
310
10
240
403
64
2
87
605
706
332
5
115
353
474
597
80
34
387
145
342
402
573
57
207
63
50
182
35
246
505
161
366
556
257
250
112
164
374
514
122
84
105
4
80
339
12
342
264
568
83
619
167
50
252
182
16
18
323
246
144
469
226
471
447
131
374
147
52
77
265
592
326
172
53
459
387
3
57
193
55
286
259
233
108
74
28
141
104
134
319
3
579
376
52
315
188
57
220
24
5
1
13
2
999
113
274
6
231
38
572
223
192
11
117
43
233
576
134
317
496
87
85
395
38
34
125
65
160
69
304
121
228
308
11
36
191
447
282
268
169
295
127
302
52
130
58
495
304
216
595
279
140
295
501
168
984
36
28
432
424
428
28
130
33
164
316
518
377
35
107
79
92
2
843
45
6
498
63
65
45
246
144
29
206
11
85
108
75
513
333
192
87
142
957
17
131
541
45
70
129
209
48
13
4
324
138
224
169
127
591
214
154
11
3
36
105
256
308
215
25
49
532
568
75
421
1233
31
329
54
8
257
394
1167
859
39
164
303
387
102
1036
120
19
107
130
99
32
155
127
150
280
145
135
151
287
316
241
499
25
135
92
146
473
32
729
14
510
432
27
71
279
9
9
102
352
409
327
26
114
109
19
115
22
40
194
17
109
174
11
296
219
554
136
156
62
623
94
513
157
89
584
110
257
277
10
14
215
77
100
93
57
116
25
200
5
331
297
315
395
38
139
328
71
61
183
315
104
5
47
404
252
267
83
594
33
27
533
110
104
3
47
848
330
239
2
145
13
152
77
78
445
490
289
185
4
46
46
130
125
226
52
106
214
30
252
97
60
57
49
221
57
43
76
152
39
288
323
249
23
117
254
7
34
192
35
650
37
131
494
146
111
258
292
67
500
203
177
607
24
217
2
47
237
11
411
68
58
224
29
13
95
186
149
2
31
164
181
470
117
294
116
161
25
115
288
114
104
68
161
185
199
97
5
226
190
279
27
59
307
550
55
193
119
13
98
13
42
135
172
222
408
261
168
576
46
163
272
7
88
23
74
1387
165
448
165
501
47
114
108
34
92
150
548
220
55
324
9
248
127
199
45
253
354
724
44
295
46
69
349
126
90
17
205
150
142
32
143
1
6
45
42
109
114
438
207
242
2
331
82
45
2
218
35
255
9
20
73
355
127
78
260
84
88
37
115
67
488
164
90
48
637
27
684
49
62
545
95
116
88
4
43
137
219
272
267
172
169
208
729
204
47
314
281
133
186
68
221
21
14
6
44
12
57
58
96
106
798
10
269
333
52
83
200
64
34
138
334
102
344
35
94
114
123
78
333
557
268
83
105
139
19
462
235
59
125
176
32
184
161
16
523
714
509
208
297
532
5
3
388
147
159
27
295
36
24
923
100
665
250
40
342
282
675
3
25
276
154
24
16
22
307
83
266
70
14
313
354
178
223
389
553
136
375
2
148
141
458
89
177
9
362
206
35
367
143
215
81
242
264
295
16
581
82
197
161
92
207
177
22
18
84
12
251
18
34
55
18
379
102
117
17
420
285
151
302
120
98
183
317
136
217
134
32
425
240
43
88
1
723
338
991
726
24
24
117
68
60
50
1400
74
6
265
32
97
129
185
27
1184
21
15
164
256
66
31
96
95
50
288
252
52
256
53
937
151
485
846
668
74
66
79
483
243
10
44
217
241
78
186
265
193
960
296
62
46
437
179
673
196
18
153
330
68
456
164
230
272
144
26
260
170
237
435
161
178
170
59
18
41
760
55
55
37
62
419
34
729
27
214
41
151
77
37
99
210
387
133
275
80
152
109
288
260
75
49
278
53
159
328
129
104
128
41
92
47
620
5
12
69
736
28
105
251
317
316
339
1070
69
220
632
251
111
59
241
201
69
178
112
189
293
50
134
36
38
16
562
8
562
78
101
195
296
298
23
151
53
3
8
53
57
266
41
11
137
127
286
95
30
57
184
115
416
80
92
127
314
152
406
218
579
85
44
219
42
76
368
7
43
455
182
130
23
68
96
47
439
94
288
60
235
105
95
28
86
114
600
162
98
28
36
332
155
31
14
80
56
121
64
2
16
800
198
16
183
430
187
293
182
279
25
321
32
59
645
351
145
75
225
403
88
110
507
516
29
51
48
270
70
386
31
641
28
64
397
175
316
13
2
9
120
378
344
266
7
537
208
101
158
45
167
16
118
521
84
38
781
172
116
59
10
34
73
22
119
58
197
302
23
79
354
10
29
97
131
6
52
167
350
106
120
330
56
15
269
28
248
115
41
211
30
113
160
629
232
95
678
380
359
216
73
31
104
152
35
156
66
377
597
56
821
37
19
77
508
626
223
133
106
77
232
92
71
12
44
361
79
115
125
136
1286
118
131
623
36
614
450
762
2
182
292
5
239
233
36
94
106
12
4
109
507
31
64
26
139
31
257
81
84
217
165
12
52
165
19
38
199
138
161
340
9
436
177
517
203
244
48
20
24
501
452
79
332
568
172
284
507
477
47
621
640
32
259
440
49
221
493
38
109
13
40
211
87
160
215
601
169
222
201
13
5
72
293
168
270
132
15
191
80
316
17
42
134
240
63
338
60
202
21
72
56
60
228
157
143
203
173
13
88
283
211
80
263
42
117
129
128
54
15
133
19
125
21
129
80
387
85
26
55
161
24
413
474
113
309
4
223
109
68
43
577
392
85
109
109
299
14
85
384
104
270
200
34
317
95
53
899
403
599
164
205
262
307
38
74
201
18
18
179
98
14
55
98
176
202
79
403
134
30
119
356
453
19
311
16
435
94
377
12
242
522
89
155
238
65
121
115
204
1
44
192
57
156
16
340
62
67
141
117
624
135
5
118
86
635
35
1
12
432
226
51
10
641
48
182
44
21
543
96
559
336
72
234
512
231
155
129
569
451
438
24
9
74
64
350
25
10
106
221
366
11
8
63
76
173
67
17
44
23
329
77
276
199
321
84
166
333
115
233
98
519
409
115
340
25
93
45
61
446
231
104
941
91
52
14
195
34
47
369
429
136
53
148
1035
106
167
246
152
173
157
415
18
220
77
165
172
303
125
443
175
412
178
31
133
209
141
176
345
477
16
81
214
322
82
90
80
634
563
141
106
839
188
161
55
60
167
55
358
146
218
74
176
48
45
100
144
17
21
435
128
452
126
179
31
493
48
71
26
504
268
11
1
96
84
80
294
229
109
325
77
423
11
649
137
783
14
64
133
39
46
28
389
5
106
60
39
14
532
425
120
307
54
60
79
121
111
481
78
287
32
43
772
294
222
120
61
19
45
136
7
315
974
164
751
8
109
166
342
343
148
287
28
436
42
197
193
53
145
19
58
38
136
533
871
114
158
128
158
69
18
86
1375
31
182
148
160
152
126
80
87
21
934
230
227
104
325
59
84
22
51
285
205
109
218
31
262
121
218
337
266
43
221
264
123
294
27
122
4
554
1073
721
63
35
74
131
85
89
298
358
38
297
32
464
68
402
84
154
334
289
761
90
528
52
95
30
236
168
206
443
153
155
505
142
67
184
107
17
18
189
59
209
1
77
361
182
244
250
222
111
13
205
107
18
595
233
21
208
47
297
44
120
737
121
195
155
82
95
49
143
175
415
406
173
579
31
343
3
28
1
63
247
145
243
401
13
82
244
42
531
260
669
319
388
551
212
598
62
171
301
181
431
54
241
246
21
82
1046
181
110
146
197
50
433
117
484
44
119
86
58
131
60
43
14
110
498
263
576
51
130
93
114
100
107
36
133
82
62
260
731
195
39
155
75
17
9
78
171
53
142
647
32
61
138
289
85
5
156
99
806
54
166
78
79
113
103
45
126
300
277
437
147
82
264
177
204
399
402
383
83
298
178
412
11
72
22
346
107
144
260
219
62
53
141
52
299
133
58
463
264
153
323
328
106
29
202
293
6
15
199
621
45
181
30
138
127
357
27
672
52
300
169
6
29
593
412
27
120
76
119
157
47
172
62
235
302
99
150
496
266
214
47
291
139
112
237
691
281
162
46
3
17
223
59
215
299
171
363
58
88
205
175
26
217
83
177
686
20
117
30
172
418
11
13
206
491
762
437
30
21
206
177
1003
192
4
14
128
49
297
35
17
376
33
81
83
250
256
319
67
36
181
72
3
102
33
58
35
128
512
119
173
153
263
21
38
349
189
94
20
81
226
43
70
195
140
126
201
343
23
150
139
34
28
545
49
21
77
113
23
155
468
43
173
586
538
36
3
7
47
209
399
361
432
437
316
256
80
394
34
67
80
1196
242
165
67
12
429
189
101
368
139
352
153
8
32
13
344
328
48
495
155
121
377
69
126
310
243
151
50
127
288
58
245
6
42
54
65
295
117
109
229
79
170
102
100
834
2
116
117
203
227
135
72
118
353
21
647
6
90
298
274
86
11
247
3
5
132
90
69
68
7
383
590
76
295
209
7
31
190
139
75
396
158
25
37
93
73
143
94
83
80
150
116
208
79
137
140
926
78
129
129
455
144
16
115
368
290
78
681
244
27
137
107
67
35
138
287
16
139
191
40
10
97
46
323
186
188
68
443
150
220
121
591
1003
126
23
392
147
117
141
233
626
111
150
44
70
19
233
240
138
86
86
79
13
148
168
73
164
205
186
91
346
234
144
323
13
41
323
100
168
478
201
209
67
25
153
175
430
25
16
158
219
141
135
50
472
645
252
99
564
435
335
171
218
308
51
20
225
234
391
229
316
135
130
64
36
149
74
657
201
58
101
375
245
87
217
274
227
29
21
126
63
149
26
210
112
170
134
371
142
250
348
374
183
261
35
619
35
230
129
44
253
248
262
24
362
764
81
60
17
235
142
479
37
122
174
40
19
425
165
11
79
248
19
127
776
98
31
12
572
88
144
185
473
566
140
343
93
45
330
168
102
142
16
14
83
71
19
53
47
288
8
231
888
382
424
185
149
119
52
486
63
3
268
846
166
185
131
109
249
160
57
691
150
225
67
59
180
98
97
79
605
134
387
222
119
7
65
296
109
24
170
339
861
389
76
187
207
172
296
80
90
65
207
49
571
139
594
282
348
302
11
126
15
158
72
478
278
392
45
680
116
314
219
9
9
323
56
45
241
633
362
525
492
86
372
153
255
143
55
346
6
57
147
27
486
206
1061
64
8
218
106
208
613
29
85
342
131
131
96
663
416
14
127
172
12
122
151
193
150
122
221
227
69
67
13
52
109
246
490
183
156
135
145
269
531
840
317
90
110
56
107
171
476
115
338
182
168
2
53
200
196
72
18
143
309
22
306
42
27
432
93
239
180
23
683
206
519
112
155
363
22
35
425
37
28
347
89
66
79
27
78
46
406
52
231
131
315
200
212
419
34
155
4
84
188
1525
13
51
20
280
118
100
367
6
36
86
126
45
527
429
70
213
3
116
246
205
3
251
226
148
127
203
55
58
402
65
24
93
540
336
39
129
260
31
10
85
133
45
115
285
241
205
156
36
94
463
41
36
599
74
454
31
419
66
232
345
59
49
243
32
168
50
146
77
564
36
53
86
496
62
34
487
43
276
50
518
72
200
546
201
260
81
2
172
93
18
106
65
415
374
19
651
311
250
10
56
859
141
1100
781
92
165
79
68
61
94
173
587
158
30
43
24
495
334
216
201
66
323
494
375
284
335
15
40
63
7
71
106
23
42
7
469
179
167
58
265
25
210
652
586
241
99
298
419
113
282
181
359
305
208
71
1128
67
268
152
430
146
100
97
47
450
45
29
141
43
54
346
77
72
230
331
90
44
361
22
111
153
29
207
110
462
74
57
103
37
48
123
400
449
127
5
57
65
136
40
431
188
878
152
80
251
158
209
87
77
99
43
128
348
434
272
90
139
552
11
613
131
310
528
206
184
105
148
86
150
971
33
398
28
251
124
62
178
66
23
311
41
112
206
607
59
509
483
80
69
36
177
294
196
1061
25
120
228
348
307
163
62
181
23
805
437
296
67
388
141
456
460
63
286
330
212
4
23
26
62
259
344
15
79
41
88
80
67
56
5
329
73
30
123
35
51
139
385
891
63
9
97
95
370
23
393
371
5
9
6
78
4
222
135
53
82
271
289
58
312
238
88
473
39
167
106
147
280
100
377
216
66
791
138
218
367
81
30
79
28
190
812
86
129
1161
155
220
65
50
70
44
19
44
61
32
17
158
292
128
10
89
152
159
300
12
121
226
446
239
19
142
628
157
73
800
6
62
10
423
103
185
260
165
262
386
34
3
69
1021
150
308
160
330
106
440
327
399
47
72
20
222
12
25
17
392
211
730
39
273
581
362
163
22
42
255
87
140
73
129
229
11
6
45
322
421
360
97
3
51
12
100
198
117
51
86
221
330
8
10
140
113
1
725
41
31
33
2
231
231
334
617
253
15
599
108
114
110
1080
46
201
37
209
295
303
493
195
396
131
385
336
443
231
8
366
44
78
92
112
269
164
222
200
87
122
198
77
25
38
2
535
834
140
612
655
53
512
254
27
314
409
230
227
36
139
893
478
421
181
207
39
41
459
117
163
6
160
146
140
541
365
523
148
365
10
11
81
152
149
44
118
268
313
44
222
137
332
116
145
395
51
12
458
176
253
243
52
345
56
277
48
134
86
42
136
84
67
35
113
103
33
106
32
293
305
147
39
131
174
59
325
123
7
457
116
35
27
422
26
8
95
164
142
89
244
146
106
155
347
41
65
156
121
32
199
110
786
920
516
231
396
5
290
119
110
239
921
20
78
24
169
117
98
100
311
20
3
90
233
581
418
59
52
191
40
461
32
245
25
37
844
205
327
10
54
17
103
43
17
151
187
59
270
67
70
506
319
47
125
436
173
157
56
256
903
60
41
449
309
20
146
356
299
385
211
88
436
15
167
82
179
181
93
450
208
63
259
7
195
44
86
734
42
308
76
33
190
17
100
14
133
151
20
746
12
316
266
233
57
186
23
74
269
94
20
79
32
170
448
352
237
143
11
52
120
179
18
80
135
207
366
15
5
112
91
342
520
462
134
141
225
84
333
140
19
518
90
166
550
375
186
203
310
172
10
688
35
87
28
61
88
139
211
69
4
222
113
317
362
176
113
904
97
103
12
154
161
65
363
85
168
46
62
1
5
307
474
54
569
516
198
37
68
34
10
333
564
186
993
162
172
50
41
9
110
96
334
56
95
109
69
27
111
54
399
234
399
139
69
309
65
202
86
136
250
20
83
120
22
11
84
721
66
35
122
64
235
82
209
220
35
78
174
15
269
842
1159
225
25
11
651
21
129
67
212
456
102
281
524
270
212
72
92
30
112
249
10
6
522
323
257
18
363
484
216
17
179
802
374
35
519
269
292
93
245
27
139
61
122
165
77
535
181
23
159
90
365
36
399
89
251
296
313
802
238
20
171
283
451
49
42
166
313
357
212
146
701
468
116
231
82
453
22
973
292
237
621
37
228
294
446
9
132
253
45
15
90
265
126
115
109
31
100
149
160
168
215
37
26
337
190
131
369
25
709
190
387
284
61
74
124
276
50
166
138
171
437
64
328
225
167
35
291
239
111
453
96
33
495
228
374
152
288
42
25
157
241
45
99
124
257
273
8
69
6
31
426
275
100
266
84
256
46
241
99
64
371
282
333
280
212
26
233
43
50
164
204
126
37
415
270
115
45
217
185
162
176
244
178
24
370
345
196
211
326
155
176
265
323
101
247
149
42
66
5
104
472
169
57
33
83
134
27
306
30
126
240
222
61
465
110
1
643
25
216
47
420
421
135
109
9
81
68
170
542
222
17
57
85
107
23
345
66
183
186
15
174
299
48
264
146
22
6
56
13
109
314
23
8
207
18
28
479
69
22
750
103
145
506
61
209
137
273
228
31
135
18
82
36
114
91
329
477
99
454
22
12
280
247
6
782
130
44
30
81
51
11
313
42
285
125
126
147
120
3
442
40
37
75
18
26
138
267
525
17
170
91
82
118
88
118
196
143
266
137
41
366
71
98
7
962
15
123
85
62
27
27
179
266
84
414
70
64
57
55
21
299
39
185
35
81
228
95
145
144
139
137
131
161
472
232
230
184
360
143
376
300
176
194
427
56
122
48
105
8
39
29
68
356
115
204
60
103
106
51
69
716
167
161
243
41
210
434
245
457
33
13
101
156
26
102
366
55
220
184
83
112
1
5
114
39
78
82
311
572
115
11
140
696
121
405
1
10
88
61
5
392
364
100
417
205
52
235
141
85
381
37
127
10
216
381
121
358
143
102
94
358
415
63
231
225
101
134
883
8
14
113
149
162
116
204
210
280
205
17
436
65
184
413
209
21
73
487
50
503
103
98
23
158
12
197
80
87
85
71
278
213
10
88
16
32
48
299
157
32
70
135
681
382
53
152
44
92
72
368
173
208
24
234
159
32
154
49
449
90
737
7
369
872
299
85
142
450
29
194
383
228
87
41
236
722
297
319
456
57
58
191
85
76
132
161
260
70
17
132
342
35
227
62
67
255
614
10
194
33
464
358
84
337
44
302
773
205
756
37
3
250
602
162
73
80
13
12
32
55
229
46
140
67
166
108
168
28
139
121
40
88
527
508
56
184
108
52
250
597
76
793
62
84
115
80
47
39
29
28
291
364
157
144
76
97
124
280
211
18
161
475
511
11
86
54
60
229
365
347
277
18
707
112
383
72
619
573
304
118
228
156
7
149
21
415
180
42
498
95
677
11
125
18
163
414
3
659
163
71
137
49
483
80
387
152
114
88
694
281
247
334
109
478
367
82
814
23
208
150
45
56
105
19
336
4
282
157
138
32
306
65
206
98
877
12
180
38
31
382
36
123
212
11
302
235
169
463
15
90
277
78
69
32
84
375
100
14
36
430
19
219
9
9
278
221
271
267
150
12
171
275
118
20
55
7
484
42
13
117
115
33
33
178
453
256
186
171
49
589
100
328
313
56
478
196
145
264
465
531
257
282
325
173
529
10
14
249
230
160
199
299
98
74
12
115
116
121
139
23
143
254
5
78
83
119
113
197
372
182
37
70
647
220
92
134
647
11
241
32
227
289
11
75
117
7
214
14
13
221
318
431
263
303
185
150
38
236
27
60
408
196
45
172
272
8
63
45
21
37
222
133
46
219
170
11
83
380
21
299
194
153
268
525
157
413
211
194
124
53
697
77
558
146
206
195
68
662
899
9
26
344
132
692
68
530
496
181
7
206
140
621
239
14
7
394
361
19
215
441
18
36
109
46
193
79
21
93
153
95
127
532
5
292
188
540
221
17
62
29
245
198
638
19
178
26
395
453
250
385
16
253
210
114
101
463
238
117
29
376
30
12
26
95
5
24
134
329
331
131
65
119
278
93
148
282
75
101
407
371
140
588
81
175
129
353
68
999
39
184
70
41
129
199
349
134
160
71
151
25
439
83
16
511
304
301
51
197
184
116
38
23
275
134
338
11
182
759
597
213
65
428
19
179
205
163
549
653
61
26
24
128
331
247
58
150
199
22
11
125
479
205
89
226
47
549
445
310
302
88
250
214
119
249
1
99
119
33
63
20
7
247
173
180
41
134
397
351
87
565
705
29
106
53
129
32
406
21
444
161
138
66
94
89
85
387
130
756
113
168
25
287
577
158
57
65
88
107
118
824
47
53
498
175
1142
67
11
241
523
28
24
43
586
494
43
255
382
111
539
393
361
324
52
122
76
121
103
111
95
15
1116
278
240
59
312
391
65
256
15
25
325
146
349
215
9
62
467
69
14
414
280
198
202
239
361
56
220
181
70
6
4
432
810
129
149
205
123
22
174
74
1319
284
29
22
62
835
109
39
248
49
71
1
70
703
146
553
199
318
278
131
32
38
302
28
84
21
191
89
289
160
617
209
288
182
297
14
204
73
112
86
67
53
20
600
418
220
436
11
298
94
151
669
32
8
403
509
130
34
25
257
143
150
37
44
284
42
322
539
26
376
31
75
287
224
45
47
316
180
412
108
462
356
42
56
122
457
48
49
61
295
98
100
130
123
240
55
384
233
141
170
386
529
85
120
279
124
181
183
73
253
77
56
24
193
29
392
46
26
126
341
9
224
3
91
104
384
284
520
96
363
104
44
604
673
161
884
82
26
127
73
206
22
307
181
698
302
785
237
132
36
1116
93
195
39
321
918
3
79
62
53
32
762
51
90
136
125
891
988
11
283
53
360
1
463
162
94
147
585
171
758
90
173
438
92
69
42
287
623
740
173
398
839
109
9
501
690
150
6
184
95
499
18
145
12
159
92
200
81
62
88
720
67
407
5
590
31
313
49
31
70
603
105
484
386
569
165
213
61
16
86
11
452
109
102
37
38
109
370
264
12
40
347
122
148
3
53
240
404
84
88
100
97
163
242
134
88
517
210
342
350
26
49
259
32
141
182
59
260
254
290
71
801
249
297
146
633
289
9
98
169
199
71
44
577
97
119
100
369
10
6
4
182
195
144
259
173
181
37
13
193
148
219
132
100
295
49
414
43
13
96
684
24
332
79
119
8
817
254
30
146
121
1268
17
374
140
49
413
128
175
42
20
17
402
37
35
105
270
282
124
39
333
65
28
45
141
78
60
16
437
236
649
111
285
127
9
44
214
101
246
636
347
83
17
237
290
897
532
956
127
179
113
43
451
372
61
100
332
282
649
331
178
199
340
121
11
533
39
185
579
49
133
4
32
432
607
96
44
580
22
641
66
145
34
427
35
70
136
17
67
238
23
81
160
447
95
82
433
130
612
96
45
540
42
123
368
236
421
106
24
562
249
660
612
495
52
50
108
531
211
142
628
321
128
18
47
540
7
209
66
311
17
39
50
459
142
608
227
50
54
100
110
729
141
139
279
296
120
152
121
33
71
282
80
78
8
373
627
71
453
331
259
31
128
778
297
164
393
1444
439
144
196
66
3
31
622
489
102
214
390
131
5
119
243
280
92
24
3
275
38
197
315
18
41
107
63
29
182
121
96
601
39
50
393
95
275
197
58
98
19
269
237
16
367
105
397
63
142
186
353
60
42
211
64
172
18
13
349
78
102
48
502
1319
246
171
763
78
116
250
70
596
134
304
112
222
185
247
134
507
213
369
28
43
76
46
184
55
79
32
252
166
379
165
10
40
27
106
54
21
431
299
251
129
255
30
268
653
681
27
2
37
41
120
297
248
355
47
288
404
62
78
267
52
181
79
12
95
155
35
22
9
369
67
388
227
100
281
152
970
165
149
169
74
543
210
377
75
748
222
125
21
274
357
454
7
57
107
616
75
147
354
64
344
9
316
305
27
169
40
531
32
779
401
10
136
50
61
213
364
682
246
27
109
15
146
113
6
99
358
126
162
26
9
215
122
40
689
64
47
315
158
64
33
312
46
4
246
346
234
250
133
839
147
431
32
2
332
308
194
167
233
9
146
376
1
99
74
526
162
358
42
14
176
26
16
149
233
321
312
872
566
288
304
41
104
188
123
321
268
200
160
71
38
372
121
235
142
332
18
497
101
227
32
404
193
58
84
233
164
105
108
114
190
287
186
226
277
411
91
34
510
389
466
15
172
283
124
21
622
135
349
279
113
276
6
30
168
216
244
277
33
177
23
86
453
431
39
164
9
731
257
60
172
167
25
84
66
96
134
1026
81
49
532
2
234
241
184
70
571
166
63
33
456
320
52
97
172
150
13
432
393
535
54
277
143
18
627
154
287
8
77
290
51
981
29
51
71
478
138
49
377
101
132
72
77
51
863
220
7
73
37
229
413
130
117
275
27
629
160
10
179
294
175
63
319
9
145
486
127
127
40
58
819
332
29
171
7
288
115
310
53
11
272
574
377
15
268
363
108
579
89
54
113
81
281
361
354
330
138
161
148
44
628
50
206
227
90
78
278
7
129
332
275
335
98
202
206
416
87
15
735
6
41
114
8
46
34
60
228
594
379
178
395
193
852
107
247
20
204
388
65
92
367
61
266
400
8
232
48
311
89
727
812
106
41
556
62
175
575
323
74
85
229
118
830
881
62
176
219
89
313
124
142
352
25
31
603
237
744
1
184
110
228
153
50
142
370
5
13
96
28
45
61
21
119
139
134
65
200
639
176
2
810
100
115
41
263
500
271
2
357
119
597
21
17
48
11
635
1
495
123
53
162
211
231
148
590
24
11
37
298
54
29
308
258
404
32
531
625
150
10
268
171
403
136
410
35
548
119
193
380
356
180
134
499
355
77
33
79
183
127
16
51
169
172
215
404
17
346
65
472
94
104
5
146
13
164
141
96
22
655
165
469
563
234
50
281
418
136
274
13
61
185
26
86
182
291
331
189
41
265
35
155
81
557
52
77
337
169
132
6
174
279
18
8
98
15
50
119
101
29
64
934
87
113
32
92
109
34
205
137
75
57
49
215
274
95
562
805
399
8
3
56
242
164
237
122
67
32
1103
49
126
284
530
68
22
2
253
83
185
303
301
104
164
349
351
479
111
7
625
381
524
172
2
3
63
259
28
256
247
111
298
29
202
132
27
125
248
137
25
38
42
67
12
167
901
5
15
305
209
335
71
191
232
435
27
34
164
41
81
265
251
143
139
24
489
3
134
97
84
30
85
187
227
440
156
161
203
133
285
190
36
52
47
74
313
289
248
85
74
123
130
267
77
21
367
461
309
208
401
59
30
67
27
56
11
112
141
66
142
617
106
172
44
92
30
73
396
22
379
20
260
225
594
77
142
728
39
22
47
66
80
194
44
92
435
142
277
75
120
2
168
63
63
236
110
535
290
79
134
422
83
287
137
158
88
105
55
5
190
36
180
104
35
95
179
514
315
233
232
163
19
83
286
89
72
355
1
45
895
115
52
40
237
159
286
96
147
66
114
50
693
92
359
21
403
284
92
170
254
464
57
291
87
51
1044
56
40
239
163
11
508
10
186
37
33
137
30
16
134
163
894
201
308
375
69
8
38
85
152
7
60
25
65
30
103
584
32
9
74
371
41
623
450
469
25
25
218
136
249
29
147
45
289
113
77
171
311
135
3
13
14
26
257
31
20
127
184
32
14
661
328
220
116
830
124
23
50
97
467
64
8
206
21
145
179
405
160
92
196
78
164
38
496
270
33
202
136
30
157
323
167
76
142
105
89
317
99
20
89
109
61
107
29
67
510
33
63
71
38
441
165
869
41
69
1
443
67
20
257
29
9
53
112
136
680
33
114
205
223
209
517
293
381
81
136
83
484
23
168
35
185
208
356
155
133
94
46
219
181
381
145
5
26
23
105
929
124
345
203
93
144
450
69
16
138
70
16
222
46
250
51
1363
708
855
30
193
67
252
97
58
65
22
13
772
6
113
52
100
792
43
104
111
84
73
320
16
278
104
75
278
34
213
561
119
29
22
212
126
191
652
89
534
53
411
5
286
51
164
170
95
55
418
203
363
323
238
278
179
417
190
21
202
82
636
101
52
215
7
3
490
263
21
503
17
18
7
153
257
103
43
23
256
220
82
251
55
282
50
111
159
391
254
318
737
158
940
52
36
364
215
80
98
23
120
355
35
41
73
43
338
124
91
123
69
107
406
129
377
69
97
15
641
103
89
57
4
318
126
12
36
227
242
39
464
115
239
343
271
178
57
15
174
148
126
50
9
84
197
53
133
243
6
443
551
528
3
275
185
76
116
122
56
478
262
184
16
198
384
176
130
18
60
242
34
523
51
630
7
10
180
290
164
145
86
17
229
174
2
16
36
163
75
762
137
726
35
25
24
333
66
315
25
38
179
21
64
54
247
47
106
351
188
78
15
127
413
302
135
50
145
126
259
42
348
31
26
8
55
245
335
82
231
17
141
14
83
261
58
51
82
127
109
248
85
195
195
146
131
25
280
109
158
203
484
20
15
114
105
880
16
347
171
291
24
10
173
249
113
157
2
438
403
49
100
116
80
378
103
368
99
38
618
133
636
286
546
98
129
75
268
110
188
99
96
445
625
64
91
286
211
600
13
119
104
441
286
128
503
216
43
358
37
2
224
111
122
134
186
97
338
44
178
219
196
312
338
252
613
70
1036
179
194
360
143
81
100
454
10
1025
80
40
95
23
252
213
174
774
173
530
78
201
48
131
150
280
281
433
12
124
41
195
230
71
328
158
12
45
197
191
402
465
189
1121
524
138
70
22
116
184
252
225
18
456
28
152
50
119
128
1
404
170
15
269
271
234
147
464
1039
503
55
100
536
336
215
39
105
12
136
75
24
124
22
300
131
35
93
225
110
51
21
557
192
245
96
19
173
73
484
43
47
175
246
157
10
14
48
57
755
10
59
50
161
121
336
282
237
190
18
49
855
66
313
622
60
274
51
20
237
99
801
38
39
137
385
86
24
251
391
46
100
697
392
260
324
42
292
186
139
229
292
108
392
150
164
310
85
309
13
29
227
491
170
14
753
43
374
14
25
153
5
148
1214
149
546
242
1
927
261
304
64
1
60
146
17
185
58
203
4
33
229
167
50
169
92
169
65
107
43
495
31
4
738
29
267
204
121
815
101
484
73
49
728
112
266
258
298
389
163
38
4
92
54
249
22
286
457
374
81
28
274
19
95
94
358
118
31
124
258
96
72
252
575
73
36
8
259
48
39
90
4
154
226
44
46
399
45
190
154
150
1
147
243
268
19
154
162
79
86
87
106
220
31
441
576
490
994
27
21
26
185
475
3
82
500
187
109
67
129
704
137
248
270
951
186
1128
209
34
566
27
15
451
144
177
114
202
117
95
47
45
14
167
127
1
289
208
61
317
12
45
1189
102
366
687
176
37
82
646
144
180
205
208
197
447
94
391
309
421
110
139
33
1126
40
198
67
408
85
3
345
38
198
330
506
40
128
82
37
428
27
237
54
568
31
39
523
91
232
35
466
60
245
162
278
124
86
88
206
124
217
122
73
90
1393
65
136
74
30
78
260
45
158
53
127
1
300
123
130
160
131
32
174
29
676
66
154
291
334
290
57
116
129
120
2
49
94
272
13
144
114
464
18
102
144
172
603
74
259
252
94
476
29
113
246
176
252
434
199
71
35
376
424
42
95
609
356
328
72
75
12
51
313
146
213
733
67
240
147
19
3
200
74
24
92
188
63
106
76
11
272
215
76
163
112
333
343
97
60
107
223
11
4
185
135
18
121
206
124
155
23
77
136
90
165
13
57
54
85
27
630
521
42
226
166
340
405
27
18
200
94
156
256
2
166
149
212
804
17
83
1033
1
262
221
433
151
4
398
40
359
23
662
237
27
397
102
147
148
63
224
73
11
381
497
7
42
107
175
57
13
269
48
39
750
143
156
268
52
32
390
486
467
337
427
106
261
62
17
32
153
315
251
120
131
647
131
150
170
97
20
18
206
51
203
203
72
213
12
119
4
3
180
158
472
357
161
367
70
134
47
277
231
240
51
85
46
167
100
128
24
95
18
336
144
492
46
89
311
128
10
59
523
67
366
146
64
190
91
164
371
47
132
771
296
83
459
208
869
26
7
131
255
100
74
552
522
319
258
215
52
89
15
55
123
46
177
189
105
241
113
845
404
246
340
355
167
35
34
395
15
228
1
140
67
149
53
317
190
118
51
47
93
327
104
82
172
195
9
613
226
267
172
97
79
387
88
205
322
236
27
84
32
433
25
371
215
648
11
171
288
5
592
2
555
102
8
74
255
831
201
3
110
122
87
396
208
25
119
19
41
172
215
65
100
736
105
31
218
808
219
72
9
70
91
111
193
342
228
299
314
78
1
187
594
232
5
93
260
160
223
46
99
155
81
244
119
304
29
97
20
664
243
379
173
190
35
32
16
365
289
44
37
62
4
445
153
86
172
242
541
328
346
88
13
101
112
142
108
262
293
455
246
94
142
553
734
530
53
48
532
79
117
414
232
8
285
92
110
123
250
138
22
29
484
58
336
13
658
105
419
365
1
90
54
298
32
27
72
309
246
3
307
55
172
609
218
120
151
430
353
27
391
55
152
92
37
591
51
159
216
726
419
257
278
309
95
344
101
334
20
78
513
64
45
200
284
110
420
500
376
197
542
161
33
58
1294
576
10
379
370
600
670
193
529
177
30
156
319
62
284
58
89
61
116
14
251
213
69
26
172
117
121
28
439
8
121
242
272
443
48
240
42
127
9
182
4
54
145
78
28
589
122
152
170
536
8
327
351
161
45
254
131
195
73
63
337
670
84
187
129
353
160
175
276
99
303
2
180
12
119
41
801
330
110
179
227
58
247
59
3
213
52
271
295
208
173
62
320
350
25
349
93
705
38
539
766
20
299
320
172
9
256
147
519
417
77
46
19
263
224
144
245
100
358
162
23
72
221
229
458
44
314
12
17
27
102
149
73
13
87
277
89
298
85
13
140
65
147
1567
233
130
91
6
77
70
45
91
189
679
42
112
31
274
22
370
254
240
301
129
25
392
159
137
318
112
154
441
51
53
26
116
348
41
114
180
53
697
52
52
416
190
735
284
148
55
142
172
408
228
14
58
300
34
26
142
49
295
270
113
167
10
536
361
76
33
279
84
311
29
152
7
653
330
16
61
1
156
38
133
178
218
58
212
193
242
161
23
107
37
193
119
778
29
134
84
121
61
107
277
73
178
120
150
103
247
288
431
146
183
967
210
101
356
151
362
568
87
8
122
213
172
10
12
427
852
8
624
929
979
258
206
14
54
8
70
43
16
149
469
671
124
172
858
67
643
78
70
3
11
133
163
223
157
28
246
214
46
161
147
34
110
49
41
77
14
15
282
320
57
15
599
50
63
59
61
247
110
61
393
15
371
153
61
220
50
40
46
216
128
253
253
204
50
200
432
69
35
8
42
35
37
78
954
25
60
16
17
185
40
47
254
77
384
154
61
75
82
265
229
48
170
574
17
186
205
560
182
38
244
34
244
229
94
112
85
123
277
323
442
91
315
54
101
536
75
166
21
271
52
159
201
187
95
88
765
233
158
78
146
25
685
87
61
55
1052
280
218
7
38
504
957
386
107
203
285
12
154
104
31
169
342
180
432
23
387
317
199
831
96
41
42
60
77
65
221
37
279
424
613
171
8
202
148
107
309
519
5
321
567
167
199
407
200
14
189
545
15
352
21
14
43
32
137
234
50
70
166
68
646
188
164
325
617
406
124
366
59
358
270
57
8
65
194
42
300
93
81
70
40
266
66
693
188
11
218
130
50
138
117
412
152
649
37
102
198
62
203
105
274
74
336
118
109
133
7
156
652
31
464
87
113
147
523
45
406
609
62
212
724
233
202
224
687
39
339
3
386
40
254
392
313
148
134
107
312
380
191
105
134
51
152
55
37
455
200
267
315
29
50
51
50
99
78
479
92
247
420
62
149
236
50
103
143
392
85
30
539
287
706
273
57
234
292
14
354
74
354
5
321
20
303
34
315
375
148
62
110
55
16
271
194
185
137
253
193
524
79
172
264
77
157
694
261
342
140
456
575
483
320
668
458
155
163
100
196
5
22
447
108
215
127
1
51
112
277
598
110
161
239
211
36
84
193
714
3
26
717
306
30
173
216
606
239
107
136
368
268
180
292
110
52
18
128
173
139
102
5
252
351
298
17
60
72
94
80
24
304
77
283
262
28
474
97
356
100
398
421
97
57
640
16
565
80
379
356
624
255
129
48
22
79
392
117
60
72
222
208
48
71
87
303
254
261
47
301
513
303
62
87
392
92
56
109
3
308
141
208
185
55
79
8
216
2
68
18
131
112
47
99
171
111
96
74
238
373
145
138
3
56
47
435
19
103
64
8
220
60
341
88
605
145
83
18
106
165
284
214
258
6
232
50
639
194
311
614
173
130
174
8
91
289
138
330
387
273
190
5
103
1
304
268
103
19
199
294
378
60
43
34
287
160
146
207
184
552
38
222
58
253
406
274
236
495
37
304
482
443
152
69
42
400
184
517
79
186
6
89
536
692
256
497
80
152
362
3
45
4
86
284
169
281
170
323
44
403
125
338
742
112
6
192
122
68
244
98
13
318
16
605
19
36
247
196
28
186
137
146
524
21
87
389
89
405
182
54
156
95
377
62
271
7
326
193
25
71
266
539
482
135
10
141
49
446
259
72
362
137
13
43
111
3
116
620
104
114
168
508
387
327
2
346
403
130
71
280
155
153
164
259
34
188
501
338
227
337
167
76
21
6
355
513
319
42
18
97
129
508
356
172
270
21
374
153
773
200
213
78
168
49
60
62
9
37
102
146
76
38
56
97
148
23
330
113
196
205
737
332
70
442
119
284
62
317
132
306
225
122
275
129
145
34
29
102
303
64
483
20
111
330
891
163
237
276
256
68
593
840
6
60
164
1271
45
411
675
8
61
71
147
1
34
44
35
292
246
76
161
29
181
409
304
34
58
55
35
11
4
456
68
112
92
18
558
1056
180
37
382
161
268
32
10
110
43
79
278
11
253
158
144
9
74
4
197
54
241
39
115
48
393
149
195
293
86
1387
15
258
366
265
102
220
236
277
286
619
416
153
2
189
26
677
302
98
202
160
222
224
51
119
3
145
29
61
105
104
152
10
162
26
428
142
158
71
26
399
28
553
600
86
24
200
20
322
116
214
410
78
19
231
517
136
86
85
116
12
165
77
245
194
684
50
95
62
248
616
56
181
182
321
423
29
257
461
7
188
161
112
7
8
153
16
29
18
397
40
21
237
128
21
416
122
378
31
240
202
297
273
133
98
169
13
369
20
655
317
160
73
31
93
381
55
25
58
98
83
600
178
33
326
1
492
62
201
248
24
571
17
18
