277
105
404
229
217
638
82
572
316
16
224
62
241
21
75
115
61
27
47
90
767
160
19
219
5
45
420
347
252
83
184
339
127
46
204
267
329
77
216
89
160
69
21
22
301
81
132
103
203
43
138
447
186
269
23
121
71
527
167
137
109
77
241
155
542
493
60
140
17
155
249
233
67
107
84
499
189
51
516
341
333
93
469
238
161
171
93
725
770
208
231
231
29
164
26
586
93
178
77
544
89
248
627
65
250
2
114
96
606
62
497
193
279
143
203
447
43
237
245
135
5
51
93
263
181
186
1052
100
134
407
205
80
139
5
176
74
9
57
192
137
148
8
121
169
454
12
26
637
392
356
219
23
393
27
800
77
142
18
40
14
120
1061
61
81
81
282
140
336
513
435
90
193
3
50
55
69
33
7
1
245
399
338
144
302
98
105
20
126
160
261
56
2
462
321
114
518
206
67
82
218
137
68
85
119
17
179
250
55
436
17
32
69
132
168
53
71
685
259
137
159
90
88
129
21
585
245
199
117
43
17
113
171
89
102
131
5
87
3
4
250
592
108
201
50
630
23
150
73
116
79
45
64
164
416
431
13
36
265
158
161
248
239
374
23
173
284
426
260
112
119
6
399
208
384
291
81
141
153
345
66
23
9
118
242
253
72
45
124
184
138
19
65
450
321
92
221
238
141
445
69
409
596
78
228
286
329
14
344
74
13
60
159
267
76
225
53
99
262
400
250
292
46
99
750
107
29
137
139
251
93
15
308
49
220
48
1052
156
66
63
50
144
742
238
67
172
37
165
187
20
89
10
16
211
212
318
88
460
157
120
241
24
227
44
197
663
370
254
134
243
401
82
103
56
225
249
136
81
51
870
494
77
130
197
204
242
55
419
124
643
679
37
45
356
85
62
170
178
333
176
226
114
284
116
179
178
206
186
8
40
236
14
178
145
126
47
88
366
593
108
232
37
114
73
303
68
429
136
261
151
1
65
526
99
272
758
86
186
121
100
194
297
98
24
103
24
324
24
2
122
91
110
292
13
15
55
13
89
101
76
156
43
559
681
120
236
45
167
177
77
304
332
306
51
246
228
129
140
12
96
52
105
219
25
307
34
20
13
145
101
177
96
322
643
55
165
71
547
21
7
161
256
99
74
491
25
210
150
62
10
445
292
135
4
191
545
36
513
338
179
118
50
271
167
205
39
190
225
92
40
1
115
371
305
31
13
57
142
327
202
177
16
14
280
24
20
174
158
219
342
207
89
2
26
280
632
156
34
399
207
100
629
17
9
102
113
828
663
387
495
88
46
176
440
113
153
59
434
146
352
105
60
17
188
46
377
21
406
78
41
444
150
670
62
16
82
140
168
691
195
217
82
16
211
281
283
537
5
512
30
734
421
367
196
248
77
415
201
384
350
34
144
233
20
142
169
85
7
303
13
54
91
112
51
84
192
544
490
187
386
693
9
21
3
290
64
52
38
242
37
230
172
155
90
82
367
70
331
345
12
45
283
3
56
286
142
25
622
73
168
178
96
18
66
198
295
79
149
107
171
49
192
381
18
83
518
4
757
115
99
10
159
17
122
202
4
24
178
616
272
99
444
22
224
330
789
445
470
1
225
31
213
313
188
48
154
271
89
2
115
453
40
32
419
17
545
148
40
299
80
3
64
13
6
128
148
146
285
341
99
199
805
96
60
206
57
49
81
70
314
222
399
129
150
367
196
43
562
42
523
443
14
7
12
151
20
23
115
116
235
517
107
97
226
42
584
354
21
465
21
424
77
126
199
341
56
120
179
296
41
57
42
116
185
89
346
87
36
145
204
204
78
79
99
297
621
261
1
60
45
483
222
260
2
605
345
108
185
425
321
140
87
100
183
58
48
505
150
112
69
72
17
7
218
260
594
220
841
57
111
226
13
128
24
105
443
297
56
185
89
204
133
110
20
112
149
848
200
57
82
1
136
34
111
93
45
112
558
62
465
18
543
225
213
105
238
360
706
224
109
163
261
344
23
464
5
56
9
37
16
123
202
218
283
410
12
60
436
79
112
26
333
230
696
233
112
29
515
64
50
134
179
71
102
26
85
219
268
342
588
32
49
63
7
83
8
80
16
29
31
476
240
26
305
170
233
1102
69
220
143
77
172
32
257
236
148
339
19
300
313
55
284
27
47
857
88
74
61
142
72
67
384
59
60
141
394
94
657
256
196
188
99
519
605
223
137
119
258
315
122
206
247
221
248
33
217
145
205
42
77
128
66
369
96
9
352
385
12
333
100
357
67
35
250
96
51
40
73
25
21
147
302
4
867
95
282
24
219
86
35
565
16
99
61
305
161
155
88
19
85
236
68
30
174
24
385
78
54
432
63
20
46
14
188
945
19
256
169
266
293
173
97
415
90
146
53
509
217
188
972
130
227
523
227
69
74
383
104
257
325
19
52
195
15
19
252
2
118
34
156
185
1182
437
4
203
713
47
429
511
129
247
27
200
714
144
77
310
257
90
37
480
250
42
267
308
45
368
19
380
124
52
303
29
369
161
841
52
228
468
199
69
51
442
87
141
24
157
226
730
160
48
40
158
252
226
14
143
162
38
547
207
140
172
25
176
61
118
108
735
51
32
186
94
188
318
135
102
605
46
566
7
783
170
231
205
153
31
48
167
172
149
230
392
477
547
21
15
230
6
223
168
72
167
217
93
326
218
170
605
76
303
4
1071
228
46
32
160
391
60
435
169
37
532
738
75
871
29
946
155
1
89
78
6
182
438
93
74
119
79
384
33
960
207
154
264
302
124
57
682
85
328
146
764
242
4
227
34
4
20
304
308
180
20
37
259
275
548
5
16
208
47
332
80
274
62
362
644
422
71
452
548
197
208
59
21
5
3
413
452
55
350
38
119
67
129
48
94
92
195
197
101
768
81
29
35
73
46
818
55
10
57
48
366
70
271
685
15
117
261
396
95
405
118
175
2
96
84
236
6
8
610
476
359
135
74
262
212
91
25
285
743
348
122
152
105
492
32
56
439
267
172
37
312
19
33
35
316
210
29
12
19
73
7
76
325
237
84
266
39
180
280
219
108
49
208
110
247
5
2
97
98
35
164
148
219
10
56
286
716
83
406
753
71
236
11
2
164
171
54
137
115
197
636
501
210
236
32
213
36
26
170
108
55
110
65
440
424
408
24
668
164
34
39
83
275
230
73
416
46
176
96
172
129
15
222
123
191
46
413
53
149
230
38
17
693
254
490
118
214
205
54
15
106
66
62
56
400
266
37
146
224
205
295
291
235
137
496
579
19
36
83
91
466
32
54
370
568
240
61
175
163
109
45
20
52
88
574
5
112
64
27
60
288
30
827
15
339
118
348
277
238
120
209
134
271
497
67
424
91
134
239
497
135
53
222
291
161
139
192
50
161
233
267
28
21
531
44
246
538
112
190
694
463
107
138
60
357
95
563
20
70
227
43
66
246
15
107
158
301
72
66
179
243
84
225
458
34
85
40
27
125
519
179
108
4
414
41
156
74
413
486
21
194
81
76
260
327
458
69
186
29
329
148
27
233
169
237
8
58
40
69
755
39
97
37
195
44
26
179
114
210
254
1
54
19
739
50
148
256
212
59
359
238
157
150
4
212
221
208
275
159
240
136
33
40
50
370
365
114
474
45
56
226
45
25
163
66
190
220
35
269
53
87
371
97
139
15
232
21
469
129
554
11
201
82
270
531
346
47
8
172
124
18
137
163
166
54
362
194
246
1
85
134
141
255
650
657
30
150
295
383
146
50
56
189
42
635
14
52
156
607
460
73
129
486
560
321
8
120
169
98
45
36
1
538
75
182
54
8
97
387
28
23
249
3
4
506
6
22
216
48
242
386
365
33
25
580
156
59
333
572
677
232
135
232
67
100
124
74
114
13
202
193
357
95
218
18
81
146
72
22
66
94
181
314
771
134
2
8
132
27
8
816
632
133
122
243
159
148
259
65
9
80
285
678
39
156
145
278
744
302
187
423
450
155
131
263
36
152
60
205
38
581
384
560
43
174
115
542
96
79
383
3
60
731
19
208
224
327
95
111
123
538
6
618
242
423
178
267
632
83
114
316
51
186
86
64
8
194
57
237
173
33
162
30
2
830
113
1086
11
261
82
192
1
10
23
117
24
497
25
648
206
343
169
30
132
80
179
153
176
21
36
451
36
227
145
84
556
41
11
599
63
47
114
517
165
6
396
10
276
143
54
214
49
253
39
455
2
235
190
95
200
84
551
9
96
593
97
111
103
56
241
8
133
137
235
10
315
205
296
14
125
400
16
37
103
197
52
461
16
187
108
155
246
152
307
52
227
82
305
66
132
223
173
94
20
37
21
296
18
130
314
103
80
151
269
524
203
781
37
166
41
82
750
391
12
233
100
32
269
166
71
446
720
356
93
227
239
36
188
784
155
822
84
155
196
101
73
128
16
12
476
458
11
131
53
62
201
227
497
17
123
234
134
82
100
508
50
60
27
284
32
210
741
119
74
163
388
240
337
110
183
817
357
143
188
897
19
301
27
47
777
485
588
28
422
308
758
849
272
3
107
167
186
380
546
1066
11
29
276
4
65
138
319
257
312
183
2
33
112
146
528
357
225
24
156
198
674
141
228
491
6
118
354
161
377
274
225
186
103
153
56
67
220
143
821
18
21
619
197
185
20
238
36
581
166
275
312
67
48
382
38
116
195
203
388
5
244
180
39
20
209
198
139
282
555
92
43
260
160
678
11
77
468
190
217
311
224
129
125
154
11
67
375
29
162
65
43
200
742
273
28
27
164
406
462
10
2
15
38
31
102
190
19
197
205
223
830
118
141
161
161
37
427
84
335
109
75
202
280
92
112
207
594
46
92
74
9
25
282
246
101
227
92
127
295
42
12
90
103
371
6
349
61
74
16
221
460
165
386
179
228
168
323
357
298
226
299
177
271
59
9
128
10
145
212
243
84
3
413
62
481
280
226
266
5
110
705
1227
213
218
190
186
80
499
320
560
121
269
607
589
8
24
231
204
7
231
502
16
64
122
304
15
50
312
88
76
130
79
416
35
85
228
131
267
63
116
20
237
164
112
155
50
40
220
131
177
825
12
70
561
56
48
116
156
283
107
115
44
135
40
14
16
617
103
351
202
73
141
81
489
97
195
205
353
207
59
42
306
56
87
97
57
34
79
129
160
226
515
292
184
31
133
306
283
42
128
133
160
116
347
28
145
526
10
364
316
27
159
153
313
406
28
58
156
29
39
133
12
372
127
213
85
268
18
57
76
126
92
285
77
474
121
12
140
521
65
39
262
150
167
50
62
209
312
115
625
145
137
8
25
375
9
427
362
318
38
201
620
545
109
110
95
35
316
223
780
345
248
37
368
849
219
483
625
17
176
584
51
398
88
215
414
906
127
238
17
12
64
21
708
120
316
249
275
395
178
135
31
304
191
316
530
377
161
56
246
98
186
60
220
622
38
388
171
71
114
336
225
129
64
286
281
179
141
84
12
468
524
1722
65
231
18
144
99
229
66
342
122
139
307
75
46
310
243
22
161
144
122
110
332
53
97
246
311
214
106
134
144
100
55
214
292
30
13
55
47
63
53
48
54
18
468
148
86
172
11
362
54
20
458
40
63
252
39
1167
212
218
48
318
527
211
72
428
19
124
82
91
689
194
33
686
36
143
176
297
45
280
221
126
33
52
724
46
115
159
163
214
4
85
121
98
245
51
53
16
336
236
154
276
373
615
25
180
126
414
70
107
125
730
83
93
489
333
263
19
66
163
298
228
208
35
148
368
366
412
135
179
186
179
30
252
187
251
160
168
120
888
85
60
112
24
45
454
54
123
15
460
91
319
112
6
103
63
211
49
502
174
437
290
49
202
123
14
193
166
50
83
150
98
433
184
787
58
265
89
494
144
259
36
383
154
122
204
54
173
496
6
28
158
170
454
141
5
216
12
361
95
55
79
43
77
498
44
185
246
282
8
391
5
68
424
138
62
30
106
43
233
55
64
57
42
8
59
107
218
275
111
331
60
12
481
9
279
67
63
92
2
115
43
12
290
39
145
209
233
23
48
108
535
96
106
204
31
26
15
783
44
170
94
230
147
130
120
286
95
218
145
576
450
67
9
177
54
222
2
56
266
79
428
30
88
588
92
64
63
1
164
83
678
348
171
44
242
204
62
28
185
180
20
180
83
32
296
204
205
423
287
341
160
25
53
234
258
100
156
248
203
49
436
250
11
9
36
227
162
7
211
6
161
117
205
37
148
53
158
131
493
290
210
140
139
28
7
134
149
3
318
21
159
193
45
111
55
188
277
12
12
132
402
109
15
111
59
26
377
15
136
131
246
28
4
4
36
93
6
11
650
558
127
42
142
113
191
442
8
274
106
379
101
36
30
92
253
187
139
135
557
162
244
21
97
192
222
228
84
42
558
842
623
35
91
75
58
46
46
190
226
147
235
38
812
182
221
6
303
435
110
492
201
474
58
440
7
255
448
103
13
62
117
1163
33
139
280
105
260
367
5
44
21
375
187
261
120
205
195
211
60
4
149
197
1016
242
35
139
122
295
114
229
161
204
43
427
466
198
94
1
22
176
19
82
705
131
204
344
208
139
29
175
406
176
305
119
71
386
116
226
41
588
143
194
66
230
326
151
70
13
117
49
293
5
99
341
225
4
271
84
202
258
74
60
11
6
204
318
8
197
13
58
121
64
330
481
492
26
409
517
26
32
199
290
80
19
422
150
76
470
82
306
244
46
50
46
670
197
2
230
546
192
649
33
52
187
132
359
89
4
590
32
463
21
19
625
187
12
132
116
248
112
74
51
90
40
473
11
132
139
64
251
507
300
11
104
43
218
34
63
253
298
166
90
406
604
113
235
211
158
20
197
103
253
4
83
78
51
97
146
45
193
66
19
33
101
47
27
269
950
508
236
81
33
47
368
751
183
274
126
254
145
170
58
209
276
70
101
155
62
197
107
113
313
87
184
943
23
66
150
922
920
84
37
277
55
86
567
459
295
176
93
70
65
279
167
111
83
112
61
36
169
177
207
46
222
64
201
8
442
17
483
304
457
119
87
270
130
109
25
6
10
686
19
17
129
113
526
113
32
42
100
174
278
40
48
65
282
73
37
21
14
101
226
221
321
265
141
70
209
339
485
127
366
99
456
859
23
95
305
17
231
330
366
98
285
68
47
24
98
37
303
46
73
720
76
515
194
38
127
194
426
489
688
12
109
329
220
35
144
81
219
141
71
853
56
102
453
293
343
456
279
13
202
181
188
155
107
157
29
44
232
31
208
10
5
82
438
210
397
596
92
1011
48
163
39
451
375
213
326
118
81
158
421
205
138
270
82
304
211
54
618
249
43
142
282
150
451
170
45
337
156
546
242
9
32
332
91
39
130
105
126
23
25
228
204
9
255
79
40
89
322
114
156
20
192
173
92
197
145
278
33
221
89
477
428
26
68
161
267
533
166
29
49
146
203
207
277
406
59
59
42
463
260
67
44
40
40
116
849
179
452
173
95
9
162
427
195
365
161
313
5
272
26
146
260
104
125
140
296
41
203
207
268
1
101
214
13
69
241
100
122
202
32
129
89
57
723
19
759
302
592
59
306
213
292
130
3
125
58
8
24
151
3
365
165
53
387
30
30
44
177
619
656
570
126
175
111
10
10
732
86
135
172
100
115
41
246
31
116
92
273
274
3
484
22
102
261
26
60
7
57
34
369
405
9
217
35
287
274
235
325
48
131
135
198
91
54
74
270
387
246
274
313
381
167
325
55
21
214
37
375
91
15
415
14
19
171
490
187
179
81
426
397
233
123
63
101
12
67
133
61
42
404
47
80
69
248
33
83
552
23
379
614
421
29
159
118
316
297
310
72
92
9
322
116
141
251
65
61
15
145
199
61
525
75
78
97
255
51
91
477
28
39
186
2
7
322
351
294
96
47
83
338
23
173
20
84
1019
6
577
243
259
259
30
77
16
299
199
19
146
262
80
12
24
77
371
155
3
65
363
108
123
307
182
346
159
132
422
708
238
142
217
68
14
156
396
188
388
83
208
212
300
237
100
131
153
78
568
35
251
190
38
88
398
281
161
19
31
32
270
79
93
197
312
228
372
116
29
463
249
111
375
101
74
112
95
129
63
77
57
172
282
248
440
34
208
250
38
128
12
321
262
978
1
42
218
203
157
265
272
165
72
326
229
254
209
17
168
514
106
314
16
183
128
74
148
740
17
184
99
516
43
146
93
35
313
83
173
3
88
179
638
157
142
176
167
27
9
214
255
74
62
164
245
27
512
851
14
169
208
240
22
137
34
51
213
181
34
173
325
277
45
3
145
102
112
50
434
47
126
1024
13
244
89
312
102
32
423
39
1012
68
13
202
40
78
64
226
9
227
262
269
173
436
244
380
188
64
96
144
1111
211
186
302
68
302
117
921
92
274
360
32
55
14
57
96
126
205
181
134
123
93
94
1
23
164
51
319
492
463
456
185
50
55
399
156
163
313
130
4
331
23
1
4
46
116
85
58
288
302
436
23
72
53
36
463
165
886
357
99
170
193
267
742
377
374
93
210
141
183
212
13
422
139
74
269
290
156
261
456
378
35
201
348
117
106
98
71
19
138
76
2
42
86
410
125
31
116
702
79
53
210
92
223
245
70
105
26
62
20
737
80
127
70
8
306
47
213
165
104
323
140
41
418
362
189
136
54
80
17
51
198
72
849
57
260
98
584
218
329
145
105
435
437
82
316
5
676
105
73
108
301
301
142
217
14
14
146
3
338
188
529
108
123
284
57
28
123
814
3
36
68
316
101
132
62
29
91
54
44
75
70
464
78
15
25
241
132
450
300
12
13
32
53
158
169
23
215
16
115
153
32
252
450
382
166
1
135
143
320
6
32
215
32
42
65
235
4
640
434
322
234
131
39
17
81
81
159
77
10
90
172
8
18
370
330
472
2
475
569
19
865
131
79
217
897
216
52
201
3
350
417
267
33
85
246
145
221
49
357
372
356
132
31
127
218
309
10
206
108
406
84
123
495
100
21
1171
152
520
25
381
710
103
449
27
206
561
161
147
296
87
241
180
5
35
261
292
334
143
131
49
17
307
280
38
217
67
213
337
18
332
46
63
419
141
52
382
59
292
577
30
62
191
64
578
51
79
69
368
162
237
333
58
407
292
176
285
102
97
10
261
158
88
26
303
320
228
2
66
215
161
125
96
410
185
148
280
201
28
25
168
2
266
181
364
62
33
176
251
98
209
36
346
108
350
350
57
455
40
47
53
27
54
7
52
102
196
58
82
10
589
363
316
96
281
52
156
80
134
384
139
918
277
266
212
307
242
196
139
114
878
209
1
144
778
511
195
280
252
26
131
382
92
115
82
777
177
602
99
255
159
352
160
216
17
83
55
81
230
37
83
284
318
868
91
67
36
270
134
550
197
195
118
6
46
53
733
46
309
375
426
238
77
69
62
569
276
99
16
83
233
119
151
76
5
264
157
134
97
117
246
9
347
22
603
31
130
449
126
156
200
369
826
22
2
92
3
130
176
34
25
222
385
326
334
207
317
54
56
291
124
79
29
59
138
274
44
93
115
112
151
175
24
247
29
95
9
152
30
1
30
272
316
319
155
498
444
96
704
230
201
90
112
8
180
389
163
173
372
129
161
43
388
1
555
13
55
164
14
182
565
83
222
22
1
298
76
336
117
56
26
26
88
22
156
163
413
51
196
130
5
325
140
416
23
173
157
90
220
65
593
253
242
108
38
7
25
60
778
394
23
13
152
109
145
107
64
49
267
348
10
34
83
74
44
149
468
39
16
478
62
277
292
102
218
56
84
36
646
134
157
295
140
269
49
75
236
76
77
236
487
50
431
38
382
154
276
149
377
280
104
379
85
319
350
134
9
541
186
788
370
73
54
185
45
69
452
90
530
110
175
1
21
14
508
549
23
193
141
183
141
92
24
39
230
351
207
37
3
233
22
336
153
32
142
281
285
339
5
793
272
557
45
139
657
25
215
236
23
68
5
349
104
37
143
252
152
371
642
743
269
325
239
353
65
8
6
699
236
143
284
112
25
220
146
459
30
47
76
152
81
403
18
192
11
100
193
34
186
118
264
311
81
222
659
9
303
182
233
83
134
218
853
321
139
1
22
56
53
67
352
100
256
65
227
263
510
95
40
2
20
345
30
350
425
295
45
73
51
9
177
69
184
213
75
9
340
528
270
524
338
92
388
11
234
5
6
65
120
163
215
207
208
284
170
211
118
232
111
79
58
40
12
183
123
656
11
546
121
7
115
232
113
180
298
29
26
49
165
236
10
120
53
63
100
201
209
39
11
19
94
208
771
108
201
98
120
35
57
25
63
134
107
183
177
39
226
21
89
160
549
300
19
224
325
554
512
110
45
208
235
268
138
211
1069
269
18
24
564
464
215
12
180
13
24
19
289
110
95
62
52
78
5
217
512
562
858
158
71
232
65
216
81
139
699
173
87
273
100
177
61
616
286
17
49
26
44
517
107
274
105
306
3
109
486
348
401
11
26
356
11
178
33
35
466
78
230
139
170
190
280
627
247
37
279
83
105
192
157
50
582
206
4
212
129
77
488
19
45
485
61
96
39
427
74
110
74
59
57
83
207
27
178
253
162
132
158
374
453
22
59
110
278
246
40
250
362
20
162
193
40
142
40
193
31
489
124
17
107
115
909
387
6
208
153
245
7
562
299
119
436
260
207
82
41
198
174
210
313
108
174
513
5
516
93
342
436
196
153
21
13
22
641
215
214
31
119
22
88
224
316
363
11
51
57
22
166
41
196
985
140
157
641
390
512
85
10
21
338
161
223
318
13
173
512
44
510
39
103
115
233
481
223
161
149
515
346
47
41
58
116
25
184
81
416
193
8
8
30
105
322
344
55
353
40
68
91
293
236
455
235
171
40
686
45
728
500
282
84
132
73
316
409
53
42
53
263
275
137
95
69
163
41
34
340
45
38
274
134
143
73
11
353
260
560
61
434
79
74
54
1014
21
34
424
131
104
361
68
32
27
100
338
421
43
302
411
48
58
276
166
49
104
163
741
159
121
11
71
629
225
55
131
43
169
552
218
160
155
172
28
673
833
316
487
812
319
400
425
115
225
178
116
43
65
258
187
316
210
166
228
90
548
261
43
169
290
335
101
18
96
503
972
57
452
264
76
107
249
42
231
266
140
85
38
297
316
159
128
268
167
136
22
284
395
60
224
692
431
501
108
317
146
366
241
62
297
48
290
234
24
707
96
167
24
204
212
8
129
55
233
293
307
352
87
154
11
300
343
124
130
90
37
28
100
304
221
147
422
46
21
12
4
453
217
185
51
12
402
311
225
128
730
135
55
149
75
319
606
247
26
80
115
47
39
54
66
215
484
260
337
211
56
130
70
26
334
271
467
35
439
154
180
102
203
261
46
142
643
90
375
567
211
17
1219
142
14
1056
72
379
7
343
150
122
51
200
211
62
247
21
162
127
445
147
65
200
173
150
72
222
91
291
403
360
20
115
271
62
164
1
112
47
53
609
74
140
35
497
205
111
350
1
540
133
31
235
189
60
70
33
134
412
236
65
873
49
251
83
179
125
127
168
127
11
71
137
314
201
59
121
216
35
53
2
29
219
1194
256
80
353
415
16
16
589
45
394
6
95
95
602
334
10
239
258
16
37
196
9
624
219
343
16
587
140
173
428
179
118
486
1
2
92
1
1
247
237
54
51
208
18
155
211
4
555
57
51
274
338
42
101
27
96
58
84
177
593
28
193
20
52
113
211
15
91
616
387
98
425
57
296
87
171
58
8
36
4
47
154
348
253
164
179
640
153
9
148
142
126
258
110
292
96
44
134
298
305
185
292
118
56
295
208
135
157
34
523
157
30
296
376
136
14
482
411
129
375
296
191
130
137
330
255
17
56
566
13
53
10
106
20
168
135
117
238
60
37
135
89
326
28
49
14
307
152
1
243
4
2
28
79
25
545
108
35
378
26
136
206
98
11
115
107
298
70
882
135
236
17
19
174
535
300
503
339
168
55
42
295
70
227
423
19
418
36
39
182
53
69
298
48
9
38
81
146
115
71
52
78
222
101
95
15
59
372
85
118
166
310
109
755
83
132
450
11
14
4
74
27
258
1278
323
130
352
54
85
109
63
25
15
45
504
232
94
148
118
13
13
3
80
58
55
118
153
4
29
19
353
342
201
8
40
123
229
392
54
158
76
86
79
79
151
375
2
1393
234
370
149
26
254
73
63
37
302
144
190
383
211
298
34
83
163
396
307
382
192
138
175
420
224
284
2
131
244
250
85
379
154
36
380
239
15
342
199
155
297
270
208
146
181
110
424
352
18
81
15
80
474
59
9
128
119
76
13
20
313
652
42
50
247
359
28
109
636
299
141
370
158
477
11
146
47
12
228
1
338
104
494
3
562
247
199
8
61
469
168
214
16
130
202
166
186
109
105
454
78
25
355
5
3
3
175
78
347
108
16
12
555
61
156
882
45
35
45
278
79
202
659
196
573
396
200
320
48
245
17
240
42
135
97
138
234
62
86
93
413
686
113
202
55
70
142
76
63
192
122
61
120
357
5
110
407
115
656
76
24
241
428
92
231
66
310
30
226
22
315
16
424
438
629
404
20
25
260
4
334
345
555
232
8
8
398
116
111
55
61
721
131
195
449
108
6
172
143
73
224
40
246
333
124
17
245
85
131
165
119
20
183
52
8
188
17
4
594
9
63
7
1111
21
18
497
155
78
153
44
393
332
738
92
52
518
79
34
171
28
631
230
63
140
134
1
892
18
39
276
18
164
37
69
136
133
69
56
175
152
187
220
957
574
126
282
357
264
66
121
71
276
235
277
28
40
112
10
400
198
138
114
111
69
671
47
474
102
11
133
30
125
273
56
468
125
199
212
84
147
50
7
126
46
114
58
74
6
129
646
176
55
354
135
123
142
189
243
57
171
516
265
216
141
157
443
115
180
154
178
505
154
31
218
141
642
152
443
114
484
285
17
491
94
156
162
5
117
30
105
90
48
10
75
586
2
233
72
65
6
387
75
17
1
27
369
231
625
521
184
130
224
147
119
123
653
181
133
73
73
232
224
584
784
35
280
31
70
643
427
606
531
377
306
225
24
88
301
26
182
34
149
281
26
18
357
223
102
161
89
347
62
130
171
153
5
181
336
260
214
54
282
362
534
93
42
459
5
22
103
293
281
83
6
508
6
418
254
372
161
166
125
120
127
358
453
143
579
65
125
154
89
132
293
32
29
406
545
71
397
263
90
115
297
47
234
776
31
105
75
25
282
94
76
103
6
37
33
20
348
259
461
272
195
288
133
560
22
99
204
277
260
246
6
291
125
17
75
65
38
69
152
128
335
79
207
52
6
844
166
88
47
12
152
397
213
53
41
27
418
167
32
133
229
175
134
58
23
388
503
138
328
51
5
265
1074
86
103
354
142
444
17
47
23
702
834
283
192
31
404
118
669
199
143
17
285
1
157
51
119
10
275
227
236
2
31
171
10
707
282
122
137
173
92
104
2
296
24
200
207
360
60
137
84
104
3
118
665
252
255
391
245
275
59
44
121
151
710
141
38
76
20
233
727
363
331
159
395
89
773
8
371
275
309
246
120
74
33
370
63
162
61
40
169
210
25
294
223
299
74
430
12
20
5
125
460
159
141
17
19
47
412
391
68
106
193
91
46
88
202
416
188
119
28
11
43
8
52
125
483
347
219
484
367
193
91
11
44
234
65
67
172
107
71
83
3
119
196
177
865
32
105
135
458
108
1
42
45
311
245
234
237
374
66
201
31
311
37
16
285
81
219
70
231
207
720
12
9
175
102
84
208
424
192
747
3
174
67
29
229
95
424
43
146
23
23
553
11
21
234
138
120
202
528
18
56
38
374
541
83
195
60
117
139
87
202
706
320
33
19
67
45
409
73
15
371
665
340
162
24
206
107
195
21
393
9
129
157
390
16
55
397
129
53
154
83
593
12
120
15
113
58
435
308
523
276
292
23
413
326
14
88
21
9
22
140
89
246
26
86
35
9
175
150
30
15
27
109
210
230
269
190
344
81
5
549
322
45
13
243
96
39
428
62
277
135
522
114
170
82
154
457
28
85
500
49
248
57
161
125
6
159
139
40
332
184
191
194
83
404
17
2
27
288
65
328
124
454
116
198
9
12
14
440
105
319
159
306
94
575
1242
222
58
457
272
135
821
11
116
64
776
39
69
89
367
24
86
104
241
193
76
313
104
262
463
137
54
116
24
12
106
15
137
241
18
44
347
54
5
103
24
323
288
299
145
13
88
135
11
639
149
52
176
182
96
509
18
87
117
148
181
343
45
60
498
230
418
29
115
16
242
15
18
173
76
150
467
100
180
423
40
360
177
149
191
234
312
512
135
169
122
148
80
368
46
369
764
50
175
185
196
203
433
49
220
118
391
143
655
183
168
872
94
401
29
145
25
228
160
272
375
258
71
28
846
374
848
443
55
97
271
264
294
145
154
245
1
250
47
7
154
441
98
54
25
88
1
113
33
33
219
23
256
399
171
60
176
153
46
42
23
246
135
396
185
65
245
26
17
36
301
188
336
121
59
290
263
17
198
259
24
210
55
125
149
139
138
7
133
169
189
52
346
45
165
160
43
122
158
296
267
10
168
798
80
114
127
115
98
64
8
14
277
239
126
751
145
193
401
326
101
179
9
54
133
82
65
172
636
163
70
229
209
16
39
23
618
628
109
352
21
210
382
83
32
302
202
151
312
222
16
31
89
45
118
32
5
13
163
545
215
10
69
179
82
116
317
36
495
24
179
54
258
98
67
210
267
87
28
258
69
171
24
351
295
709
367
194
51
308
477
371
101
92
652
658
36
317
47
158
299
589
163
228
662
29
32
79
70
362
110
428
331
257
163
405
92
119
89
7
242
100
116
266
192
529
358
769
83
61
316
399
117
139
1027
447
90
1
361
483
562
199
19
9
706
707
178
134
52
29
50
128
522
53
379
62
25
24
147
154
498
115
149
621
36
284
220
80
73
174
87
37
29
20
308
675
59
209
733
27
299
146
262
285
48
27
113
73
4
59
264
60
317
95
694
408
156
233
114
36
6
503
66
15
231
165
65
28
719
159
17
119
301
9
72
110
245
88
15
562
336
226
65
128
248
191
67
422
143
50
57
66
188
157
331
353
270
79
106
258
70
551
389
80
85
26
113
249
106
230
56
133
77
219
11
55
57
33
52
127
88
60
33
71
656
117
250
389
318
216
29
222
49
158
393
405
548
32
248
184
37
81
7
126
239
127
10
82
360
119
31
87
242
223
69
156
386
17
91
315
234
323
133
183
182
173
53
97
85
127
356
296
216
1121
21
201
125
74
86
58
271
118
687
119
147
71
459
12
445
94
258
136
185
612
181
398
27
245
250
107
251
107
170
203
108
366
245
590
126
96
30
44
18
159
57
478
27
576
73
191
149
265
88
7
12
69
236
153
82
14
200
246
153
63
329
78
335
136
247
182
471
360
230
22
347
199
21
20
39
98
516
238
11
4
105
242
525
641
20
103
190
62
493
56
199
71
141
219
13
12
164
783
78
327
89
193
284
7
59
179
224
93
66
142
186
167
197
4
110
15
50
734
40
98
18
48
39
261
262
54
52
21
70
257
182
98
193
25
154
168
6
44
654
189
735
700
38
39
87
247
21
242
169
131
22
696
57
5
235
285
202
76
48
216
162
219
651
207
5
226
209
145
78
535
264
311
252
259
171
27
146
260
391
471
277
397
71
7
25
73
8
164
129
461
290
56
169
399
877
189
49
24
111
196
210
8
4
162
71
30
133
33
210
55
574
241
121
311
146
12
865
481
108
60
177
251
129
351
36
184
179
69
561
553
10
24
22
699
43
151
190
65
107
126
408
202
570
15
127
205
90
930
284
466
96
676
106
44
302
384
280
92
7
214
7
103
154
219
95
105
756
72
207
589
257
274
448
147
309
740
229
148
64
61
494
169
340
280
131
138
622
54
87
435
481
207
110
126
282
116
278
56
116
111
127
219
189
30
6
253
277
83
14
59
155
282
156
108
680
217
108
139
28
89
165
19
39
37
28
335
107
12
23
180
824
114
60
218
26
61
39
64
121
11
236
94
69
355
75
36
105
243
556
317
61
14
175
27
26
21
65
363
14
188
505
311
91
337
66
452
32
45
358
118
390
760
257
31
139
76
137
284
14
386
393
239
38
229
47
92
94
69
15
215
22
216
59
96
225
8
441
8
107
140
19
255
64
592
109
155
898
140
612
88
45
14
18
54
140
976
350
106
505
161
338
24
293
55
290
31
88
151
157
130
139
44
197
318
84
288
28
59
108
35
32
83
114
59
192
37
286
59
108
13
17
223
485
283
32
371
249
13
42
237
310
79
349
296
256
179
14
42
71
246
69
146
26
73
249
72
158
613
67
44
159
86
145
103
380
399
37
117
564
84
72
462
61
106
213
42
57
56
302
655
125
7
632
66
149
15
83
14
13
311
60
2
101
146
55
124
49
112
180
128
444
107
36
135
240
67
20
411
221
23
36
314
61
16
190
192
181
225
612
92
116
172
250
87
253
7
185
156
235
35
10
364
184
514
179
292
524
47
21
257
9
286
57
87
108
107
70
37
36
92
157
1
13
580
148
90
404
176
73
72
10
135
844
486
238
265
269
2
409
37
121
23
4
1082
100
66
278
82
420
8
211
198
116
259
100
55
102
203
319
15
98
92
32
168
248
155
102
521
24
124
157
408
325
385
378
349
76
44
39
376
20
331
18
31
75
64
1034
146
475
57
10
190
53
83
635
60
92
6
150
325
162
82
11
266
200
64
92
131
16
226
239
228
140
149
16
348
41
81
149
167
119
263
283
161
167
302
152
34
597
35
135
434
59
338
185
471
61
30
3
106
14
64
109
65
149
239
348
326
106
174
265
432
64
20
212
120
125
51
4
163
68
41
69
485
274
11
136
55
397
229
327
67
8
140
155
324
106
75
30
112
240
210
125
236
127
335
13
18
84
38
212
135
13
338
150
366
472
37
23
77
120
194
93
886
16
381
84
31
61
346
105
62
21
31
210
528
722
353
462
120
637
21
302
240
310
56
100
373
616
56
554
116
424
28
511
200
189
300
47
455
5
32
196
22
1222
201
80
58
167
163
228
290
109
117
345
207
361
27
220
79
122
85
163
192
385
393
63
154
108
243
195
99
128
225
92
565
30
218
193
7
407
422
142
124
37
189
74
141
107
172
265
444
77
136
203
178
494
514
334
58
192
5
32
215
58
62
335
2
182
272
271
92
86
32
17
43
1000
821
379
41
170
44
166
95
314
232
575
327
122
475
159
151
222
21
119
124
352
56
262
270
321
87
2
15
77
38
233
355
8
476
36
70
47
10
256
363
129
435
83
117
242
399
14
90
97
61
67
65
148
105
132
325
143
555
354
226
520
58
51
126
295
239
10
39
14
212
92
155
73
6
294
99
265
76
159
569
474
334
141
72
138
4
6
16
368
500
241
113
39
30
36
106
4
203
103
429
256
4
60
694
166
2
68
60
128
59
298
236
266
4
12
119
282
336
484
214
57
227
48
74
466
11
173
42
596
756
51
43
187
186
269
366
424
239
7
94
225
30
25
57
245
24
758
87
33
969
67
394
151
170
13
939
320
240
31
159
15
570
179
179
994
88
277
16
51
548
54
313
620
452
152
126
1941
73
103
91
93
52
424
52
350
508
4
443
98
53
25
122
53
255
234
71
1055
222
351
344
479
152
52
63
286
519
176
110
31
295
162
163
617
212
7
142
197
4
650
29
10
68
87
20
202
128
310
54
170
111
21
117
180
61
113
71
98
20
112
105
1
211
281
254
67
430
221
225
284
28
396
164
868
658
72
405
342
79
60
13
149
649
69
147
66
402
89
16
719
264
326
551
317
13
108
90
176
972
73
518
101
128
303
266
64
354
1
102
221
94
161
30
139
20
249
388
75
13
194
152
139
209
12
270
16
17
11
245
506
150
11
220
12
59
413
569
332
516
21
150
107
230
54
161
876
20
66
128
96
153
500
73
316
24
24
294
267
280
59
244
47
139
196
151
185
204
99
40
84
281
335
75
194
69
587
24
78
256
136
187
146
528
11
278
149
399
141
43
7
22
257
4
44
101
77
90
55
287
223
38
125
70
729
7
48
44
114
83
229
42
120
252
21
406
474
619
46
25
87
101
158
26
58
7
136
37
5
53
143
260
35
87
187
879
1323
40
118
93
152
131
19
40
369
131
375
566
128
249
44
157
93
833
47
280
249
380
154
53
54
110
76
188
97
418
11
277
458
131
504
282
37
136
103
382
623
311
349
244
345
155
236
70
402
309
71
531
19
69
190
131
7
117
427
119
677
196
516
639
66
390
177
61
91
12
82
354
221
285
117
231
28
221
271
874
271
371
113
157
120
448
385
64
20
3
319
59
198
42
42
127
83
128
267
288
56
172
117
46
121
259
119
94
217
12
54
245
137
109
168
123
633
502
54
114
229
16
788
2
40
429
212
181
404
235
1
23
2
36
25
155
94
55
560
56
298
95
459
1
48
1003
4
139
411
84
171
60
218
312
242
214
152
269
739
28
60
23
91
24
700
216
181
394
20
14
88
251
513
5
76
457
173
63
114
129
157
396
152
145
138
155
170
26
227
142
211
79
132
152
31
163
149
193
686
222
400
45
131
44
212
21
458
436
411
35
327
31
108
443
190
114
53
506
157
65
251
216
5
477
27
883
1
45
36
76
35
548
153
373
115
12
187
114
495
522
653
328
127
57
6
166
37
252
142
278
496
855
353
96
65
16
84
260
627
282
128
268
568
20
157
113
240
202
145
173
129
119
76
167
24
137
4
263
100
153
169
14
82
15
72
174
115
133
467
48
88
506
28
186
528
9
524
184
17
54
47
321
148
84
847
2
281
162
22
672
78
150
57
26
303
78
142
426
97
64
36
28
454
87
483
84
174
37
76
50
268
30
187
17
386
809
199
545
292
16
23
163
359
324
654
98
177
139
494
199
350
8
14
95
195
225
229
22
45
72
526
93
39
177
260
27
24
45
136
87
397
218
582
144
213
554
269
164
112
82
19
442
81
372
35
18
490
134
104
277
527
287
175
88
54
317
226
89
299
71
106
137
21
469
197
165
88
762
42
159
77
148
228
117
71
55
171
177
140
88
28
411
287
79
235
236
23
572
216
501
38
11
345
332
408
85
57
33
84
116
146
131
194
263
117
312
748
50
10
118
123
336
2
300
152
55
59
26
80
41
721
221
127
240
277
685
522
142
2
116
417
72
149
246
8
182
49
33
123
64
459
115
45
90
67
133
493
52
406
184
293
203
2
41
229
592
340
387
88
415
43
76
11
4
188
318
195
257
565
123
227
80
10
164
133
129
68
272
114
127
261
74
213
100
56
290
220
797
55
174
175
468
42
96
340
144
280
152
288
230
209
95
108
334
1
6
108
179
121
2
121
195
192
201
159
141
62
112
27
118
343
125
99
4
126
627
623
38
157
499
44
4
124
66
70
182
417
65
116
25
72
126
40
334
489
45
88
1
268
472
184
121
677
12
446
192
184
18
21
382
33
40
1
55
183
61
301
8
89
648
86
114
120
3
222
199
179
355
81
422
113
213
132
180
223
24
162
11
59
146
256
429
86
284
189
348
94
29
40
606
276
598
65
439
189
63
340
29
48
175
15
21
45
373
1
495
150
193
40
219
41
267
31
13
139
76
302
51
43
112
211
198
527
82
242
316
177
167
90
394
569
259
143
181
1
93
55
580
252
296
511
276
56
556
147
208
164
261
195
383
161
102
43
344
96
111
119
114
65
652
438
326
152
276
546
62
431
367
24
223
3
988
64
170
94
8
396
95
16
21
182
21
11
3
207
284
40
277
226
13
222
53
347
114
80
89
708
825
804
175
95
162
314
502
15
94
192
219
4
120
45
271
139
75
93
633
236
29
948
11
461
463
389
406
116
230
64
131
178
177
153
208
210
149
4
104
138
89
22
39
230
156
218
44
129
341
70
206
399
23
17
73
717
30
3
18
377
648
460
61
22
429
399
319
95
735
56
150
17
242
13
204
100
309
322
47
2
480
241
43
153
76
71
231
19
549
107
329
3
30
83
15
38
209
102
147
387
298
197
174
228
158
331
375
149
317
154
288
518
373
161
120
498
383
20
182
315
109
111
233
264
165
76
131
319
196
209
4
51
60
484
16
146
1
287
73
74
207
99
9
104
386
493
810
16
70
144
220
671
231
142
20
214
8
30
71
78
151
51
49
124
52
115
269
32
34
111
56
328
422
129
126
648
30
575
15
486
223
43
263
363
320
49
24
64
373
258
157
116
9
354
280
101
621
30
151
126
11
104
187
542
144
139
215
123
391
438
248
39
138
89
379
767
316
45
160
489
268
171
122
40
340
61
913
239
41
155
189
255
248
99
13
119
7
287
126
21
34
20
197
122
272
364
72
74
225
45
526
285
538
308
136
500
128
105
2
420
26
288
93
139
26
39
861
572
98
35
656
113
28
974
59
42
386
10
176
17
106
11
135
354
24
11
80
95
182
60
183
71
119
149
108
264
53
203
135
403
1013
38
112
85
384
26
279
214
273
1538
107
468
573
231
45
923
115
211
397
196
275
430
67
34
74
29
170
237
720
284
99
141
276
445
93
18
93
22
1110
750
316
72
255
257
40
26
267
598
149
127
47
13
120
124
71
136
78
133
429
1
55
185
51
851
2
906
144
51
238
212
174
26
384
32
217
353
1
131
139
61
128
738
236
118
45
58
180
46
169
18
188
198
438
83
59
68
181
265
316
232
323
177
341
448
56
80
187
388
58
696
186
77
363
54
413
402
124
193
371
4
187
3
54
403
281
51
123
51
332
911
95
269
203
333
270
615
275
55
32
306
274
453
445
91
212
488
146
292
219
3
116
143
122
642
122
94
202
186
151
124
107
48
207
1124
27
78
21
320
197
385
20
535
63
215
492
132
109
60
192
536
48
769
135
22
188
45
44
31
72
537
432
140
206
121
43
106
31
50
91
292
185
277
128
683
170
275
589
182
21
26
95
133
130
35
351
12
5
186
177
143
133
270
214
240
44
89
359
67
158
230
256
10
414
20
151
461
95
275
821
132
28
548
52
452
315
69
1089
132
28
203
879
35
455
219
239
56
57
35
189
58
36
1209
17
220
22
206
263
18
95
83
266
281
110
274
330
791
127
44
62
80
344
89
735
25
48
114
173
37
114
238
299
73
304
155
14
138
107
284
288
49
52
71
200
405
84
39
852
456
306
324
191
99
127
108
84
272
14
393
178
89
395
99
323
296
36
297
5
60
108
98
150
81
163
134
345
28
266
119
373
32
758
26
281
72
468
13
21
285
18
399
269
155
24
60
96
80
8
62
3
143
39
15
32
346
658
407
39
229
493
96
231
172
63
61
22
161
113
29
130
50
358
120
281
64
52
498
111
901
21
220
342
212
52
583
646
108
2
138
65
146
216
97
6
94
359
111
327
125
348
13
524
148
410
256
17
771
258
171
13
25
4
264
569
553
174
273
151
40
53
148
113
127
49
122
188
15
354
489
253
47
78
412
26
108
251
412
432
479
176
6
205
108
114
72
185
122
249
312
199
152
28
41
220
48
73
45
99
158
94
24
110
316
201
43
561
798
379
43
10
36
61
224
262
542
569
76
267
31
166
1230
60
54
40
343
257
64
24
328
159
4
162
143
48
18
563
53
137
213
264
13
39
230
224
138
25
14
26
324
1
296
159
429
201
98
338
389
13
3
69
12
129
11
112
229
24
300
436
321
24
48
311
640
176
60
48
18
321
157
143
437
299
727
159
159
42
115
120
342
400
206
676
82
307
163
5
71
374
108
179
71
80
292
106
121
77
145
266
187
2
120
196
312
33
48
490
237
170
40
124
79
7
48
262
188
75
307
82
27
417
100
202
258
483
310
643
48
29
539
168
361
40
47
550
345
565
319
125
189
217
271
44
18
39
193
207
118
23
80
79
5
93
556
16
221
368
17
293
829
142
351
142
29
777
176
457
99
227
429
134
42
158
187
676
458
205
185
55
2
118
28
521
585
52
28
114
75
77
310
29
199
203
90
341
123
68
236
521
911
190
126
268
467
153
182
12
222
130
276
144
9
329
127
9
558
10
424
239
113
287
106
80
19
115
154
54
89
44
826
104
50
251
100
118
357
34
419
258
99
123
132
533
474
471
733
154
31
36
642
81
102
329
310
177
103
155
47
614
781
6
61
235
291
224
84
71
206
33
625
42
31
18
16
114
153
220
193
59
311
197
730
60
40
75
21
24
242
71
14
211
13
76
217
22
106
446
374
125
181
137
233
201
24
163
207
110
125
54
249
1209
47
45
94
427
80
87
396
18
49
305
209
125
536
340
225
554
5
139
65
170
158
91
63
52
165
336
32
297
344
728
490
159
345
92
121
14
1
50
621
205
61
307
81
1
147
140
28
121
173
84
384
258
566
37
55
19
403
139
98
353
80
127
52
208
32
82
87
30
582
111
178
456
59
334
86
84
84
168
45
418
29
767
201
134
351
149
134
78
133
872
2
102
74
146
1079
2
309
5
11
489
138
244
77
547
241
20
285
6
144
109
103
106
378
237
147
464
365
65
54
914
717
90
138
290
217
31
481
76
120
16
95
214
178
1
9
325
45
169
131
15
269
235
183
49
711
134
62
128
47
131
13
27
743
110
44
225
455
175
1
50
533
382
1323
24
278
137
2
146
121
486
62
655
78
52
981
114
374
17
122
39
281
108
418
262
55
242
66
86
24
71
210
83
26
113
113
133
22
166
324
15
57
139
249
210
34
21
29
37
480
472
151
122
459
174
571
301
180
116
291
126
1131
638
170
62
1
188
6
124
88
338
88
106
124
116
62
161
258
178
496
133
236
28
289
51
212
234
397
47
718
181
148
42
362
126
359
161
213
468
1062
40
347
16
565
126
16
159
49
166
25
46
171
115
343
192
67
395
195
225
175
524
102
382
60
30
143
536
371
261
58
160
94
61
105
99
40
29
34
91
232
8
1
220
232
5
3
702
12
50
1
236
101
339
880
188
149
105
134
233
87
68
11
140
11
313
183
4
8
63
404
33
215
325
212
500
39
53
16
139
441
194
180
25
542
256
605
800
253
163
366
68
122
237
110
113
291
78
136
117
337
247
127
430
582
34
534
26
76
2
515
55
116
376
298
151
39
122
181
332
17
192
51
139
180
96
331
262
19
412
293
90
36
57
76
60
48
392
70
212
247
62
161
557
45
35
151
275
118
327
76
209
234
18
443
76
158
273
288
142
116
555
245
238
17
215
372
234
657
32
315
25
76
447
12
14
146
66
112
317
104
148
185
292
131
533
236
562
118
35
516
181
17
130
39
175
462
224
183
75
159
256
15
78
114
273
194
333
172
105
207
510
15
79
10
37
50
178
15
323
281
672
6
154
27
498
204
95
74
1
48
731
35
281
91
75
245
206
151
17
103
45
546
180
308
480
78
160
148
680
11
157
70
126
452
184
145
34
35
214
78
77
106
58
357
428
143
82
25
96
34
138
409
311
214
135
59
533
46
88
379
115
65
7
50
564
122
297
11
165
97
48
77
62
2
114
120
49
528
407
1037
250
669
106
240
301
285
147
146
4
166
260
140
366
636
86
7
200
256
282
94
668
165
12
2
120
527
149
268
81
206
187
4
95
149
428
118
54
308
324
627
289
89
153
198
135
500
317
174
280
324
717
636
223
152
111
117
125
38
60
61
64
61
122
45
14
135
236
145
240
408
226
72
269
204
91
49
36
166
444
11
135
461
167
30
121
259
287
6
376
370
16
114
162
1116
159
463
119
187
84
34
38
273
245
196
129
164
148
21
25
458
95
736
889
75
100
16
161
38
268
140
26
29
31
143
36
208
52
354
35
257
11
122
29
264
218
83
129
89
7
622
12
148
48
53
94
112
7
310
226
136
55
640
299
83
84
179
159
185
15
7
322
298
287
89
151
278
160
47
47
94
203
74
39
195
167
9
262
265
308
29
2
463
95
352
61
358
66
192
199
388
383
466
591
313
27
201
292
76
174
81
25
7
321
146
28
877
368
690
25
328
220
332
42
46
128
429
2
21
64
95
321
899
176
39
31
457
147
481
263
148
42
35
189
390
240
319
9
1036
210
505
165
76
106
91
82
331
14
56
105
243
91
139
487
39
135
535
454
76
9
212
296
17
5
132
14
127
53
44
140
192
346
32
12
7
128
41
8
245
521
93
340
75
75
125
71
42
2
180
232
87
138
38
247
65
666
113
353
172
5
191
171
109
107
57
167
329
5
140
84
133
7
16
171
228
178
175
278
97
321
526
651
109
111
194
353
1414
21
134
49
805
103
310
308
165
235
35
5
183
611
101
300
82
175
140
728
217
101
4
154
256
275
10
30
3
16
1225
438
261
264
129
142
177
112
72
30
319
32
36
80
121
417
304
81
6
1113
33
68
45
208
303
98
282
585
105
185
258
108
32
24
155
102
161
655
96
412
176
21
130
132
442
87
143
26
110
125
538
487
382
277
82
718
252
140
197
252
328
247
57
30
276
44
21
368
54
320
121
53
477
184
154
199
74
536
1
261
532
22
4
42
315
168
44
262
146
163
16
180
97
301
88
205
82
73
218
6
95
46
751
252
98
11
145
266
263
418
61
128
279
208
370
445
137
493
4
852
256
233
112
80
198
22
531
12
65
14
20
30
38
84
53
59
737
80
156
35
340
652
245
361
41
642
163
79
355
551
23
153
248
140
193
458
93
588
549
53
317
173
368
175
36
83
173
139
132
292
82
133
169
539
381
5
91
96
477
1064
2
272
442
422
246
17
35
137
304
154
115
257
581
108
574
747
53
68
133
339
160
41
49
146
81
140
74
611
64
246
54
203
179
108
406
58
304
682
37
151
96
15
178
339
201
191
8
36
189
60
139
69
221
387
19
64
316
87
302
64
270
49
127
44
128
1
208
181
370
39
85
198
6
250
204
144
188
229
89
46
405
67
64
264
39
152
124
931
887
30
13
82
114
208
30
375
453
150
491
171
210
42
1159
206
520
185
543
151
124
179
257
93
508
90
159
217
56
114
112
28
70
128
9
52
399
47
92
717
122
701
125
172
320
635
4
204
198
371
481
73
196
309
162
37
6
127
35
78
453
55
231
92
112
588
245
271
100
174
402
40
16
69
40
240
265
474
445
469
5
142
21
1358
96
41
394
74
318
158
7
225
1271
24
144
183
122
26
29
101
50
478
578
70
8
107
8
290
272
509
244
568
86
203
27
133
378
35
58
256
37
139
44
103
60
224
312
550
310
147
138
111
98
333
141
90
622
53
22
76
623
90
28
129
42
56
243
89
1502
169
500
167
115
47
293
467
53
3
943
250
38
204
13
306
308
93
9
205
317
185
156
188
86
12
115
119
122
72
210
536
206
263
216
48
54
146
622
70
74
238
41
132
245
562
41
31
32
31
210
191
395
91
191
194
266
71
134
4
112
289
410
55
112
113
397
58
157
56
14
107
265
276
5
3
353
388
76
449
10
32
1
806
326
75
222
10
303
378
270
167
247
159
91
6
392
518
141
136
230
37
135
337
178
223
289
70
78
311
2
33
471
415
99
218
193
49
34
73
921
587
57
236
60
153
52
291
65
565
36
649
77
10
261
297
325
114
60
152
76
23
454
266
841
68
223
318
205
335
186
149
250
70
210
48
94
175
206
209
392
223
1298
476
124
184
91
67
32
127
565
34
65
33
255
45
101
336
77
266
162
330
214
165
31
12
42
36
239
143
445
172
206
302
303
318
125
146
16
11
54
230
381
331
4
52
73
335
18
86
98
12
96
417
7
846
76
420
234
321
48
25
87
40
138
101
392
75
5
123
202
145
149
120
192
88
244
190
169
162
376
61
150
161
136
216
163
19
24
400
176
180
59
34
135
321
31
27
42
88
39
11
486
341
78
190
123
425
357
160
153
28
79
97
863
54
184
296
30
412
60
181
444
54
136
88
407
139
30
6
73
10
76
445
402
356
292
132
44
230
57
59
73
666
1106
4
187
84
288
316
312
15
77
24
51
205
578
109
32
14
425
211
85
266
36
158
161
31
390
366
54
68
31
476
18
44
42
568
342
75
95
64
188
28
246
535
307
549
718
3
14
960
197
1131
10
725
315
158
25
11
110
534
175
111
9
217
38
233
16
100
211
346
43
263
315
47
228
8
95
128
66
295
130
140
125
156
260
156
195
101
325
176
31
130
359
13
357
202
614
4
217
17
257
284
68
212
199
44
82
424
102
334
503
71
77
154
80
52
74
114
105
166
586
135
153
216
40
91
261
502
500
131
333
40
58
52
21
137
139
238
193
96
356
273
66
36
190
275
1
127
71
406
59
137
756
51
670
30
105
269
71
168
205
20
51
85
9
160
104
228
430
5
76
533
61
65
21
491
136
144
22
32
323
66
187
182
109
677
207
8
452
316
118
189
316
182
117
233
137
64
77
185
86
50
11
98
394
196
120
12
39
522
21
190
147
77
61
57
433
194
197
571
191
90
111
8
31
116
388
316
190
35
73
197
164
10
75
16
103
55
290
16
691
325
72
232
274
392
85
310
19
323
324
510
28
138
354
341
159
316
240
252
795
42
38
17
64
774
104
311
57
297
331
107
67
223
399
212
91
939
84
156
363
375
494
140
186
126
184
426
639
162
9
767
307
166
14
62
83
49
138
320
87
24
236
135
192
309
307
63
389
5
16
308
5
334
160
231
313
286
5
28
111
80
335
169
320
240
134
119
246
219
180
357
63
87
406
233
166
25
470
289
71
133
243
300
207
128
29
548
8
19
253
113
18
118
292
608
100
54
62
400
107
684
156
20
30
333
30
91
332
85
481
353
87
26
271
266
304
76
540
43
66
94
216
196
39
615
146
11
154
6
178
258
178
128
8
60
243
5
207
368
30
435
80
197
67
461
9
381
192
165
15
386
13
290
36
147
5
194
143
63
307
33
771
45
124
58
191
122
69
273
409
106
110
396
153
310
593
1
323
67
110
29
138
325
140
196
429
441
10
526
9
125
69
454
73
114
87
20
213
72
356
593
209
81
198
25
271
108
316
362
165
35
166
230
5
95
81
153
347
132
291
18
59
746
320
305
304
155
225
142
98
404
368
351
33
361
347
49
3
16
397
4
46
173
140
174
68
98
396
70
80
2
311
2
28
188
210
154
650
182
546
255
410
244
114
313
449
26
35
115
59
331
314
100
639
184
319
480
305
25
1
533
19
34
339
84
133
200
299
23
276
214
266
227
6
347
76
127
271
86
442
307
47
26
333
4
102
62
19
130
373
74
62
227
30
167
208
118
1136
311
245
219
97
267
295
10
185
247
310
249
453
217
88
756
128
862
273
38
116
169
28
328
210
42
267
1018
378
402
38
102
40
68
165
183
122
346
354
48
46
75
273
176
476
35
1035
121
129
380
3
86
84
135
271
31
50
114
24
163
581
207
93
1245
98
329
11
144
456
412
318
63
63
12
225
94
221
499
83
93
139
197
194
62
244
655
400
117
109
47
227
61
135
122
79
287
346
137
136
53
808
331
207
10
19
349
215
176
107
751
2
184
221
236
40
393
130
458
147
99
615
28
75
50
447
351
46
514
151
674
305
323
81
150
118
17
315
804
93
557
257
86
261
273
594
465
431
67
608
39
344
97
96
69
133
293
469
59
66
116
102
74
108
132
467
436
90
197
88
87
18
96
148
2
74
24
33
171
152
468
288
204
787
157
20
59
62
122
193
45
465
748
35
15
133
281
2
256
213
220
180
53
215
15
16
482
212
264
518
137
140
76
435
23
73
242
81
11
75
11
130
21
152
536
98
65
222
78
70
352
223
453
37
97
161
97
1089
679
288
90
297
514
307
80
208
89
42
109
41
40
420
160
61
86
247
107
140
109
58
21
282
748
392
262
177
9
339
518
55
14
264
125
8
175
583
695
245
33
28
666
170
186
334
33
21
77
17
58
294
122
21
52
262
468
283
72
45
478
20
143
22
12
276
53
458
221
34
133
17
45
244
82
63
292
162
68
123
87
94
878
71
340
225
13
460
76
1074
124
44
34
195
38
52
293
19
170
99
370
39
84
25
46
183
55
439
169
30
185
35
279
109
452
7
102
9
38
69
433
73
303
192
109
54
37
183
913
29
23
97
54
91
50
144
337
177
24
445
98
44
644
87
319
31
634
297
168
376
89
63
60
139
160
84
331
88
693
160
132
87
41
180
120
219
6
75
218
152
20
174
12
599
117
157
263
161
421
35
35
84
200
159
9
138
303
20
465
2
63
281
728
71
402
175
163
196
437
456
85
101
13
22
454
48
87
172
292
289
17
219
129
90
51
41
350
73
44
117
274
320
780
52
36
202
543
280
19
95
30
1332
112
54
184
117
231
102
47
205
19
746
243
196
68
84
174
174
33
5
56
320
382
555
53
81
254
24
440
88
11
211
82
233
117
44
3
116
221
141
278
64
377
134
187
46
363
74
94
130
156
376
19
109
46
52
92
294
64
168
603
130
528
299
60
95
441
147
78
294
167
30
552
85
36
233
94
108
361
424
136
661
132
14
190
103
60
12
636
180
114
574
12
12
215
219
479
355
57
157
65
613
166
131
574
17
26
13
71
26
124
65
9
128
111
14
110
234
524
110
313
43
293
63
403
415
212
357
139
33
594
238
81
88
77
77
37
8
306
41
102
4
89
72
85
298
324
76
357
15
187
454
406
72
348
223
280
160
318
96
125
302
105
139
222
42
597
8
49
29
38
263
105
211
208
90
581
969
1
99
437
39
34
217
108
2
24
92
334
160
115
3
122
144
2080
171
43
138
11
185
536
190
68
126
303
105
478
120
188
178
98
609
85
130
447
132
412
258
22
221
387
42
101
4
85
133
16
197
146
41
235
176
90
16
18
57
234
149
45
34
75
92
68
286
229
71
195
259
464
52
59
792
108
190
640
67
52
38
564
125
765
862
99
31
296
122
141
6
6
16
8
217
60
132
1
219
20
315
186
85
97
195
768
328
274
351
433
68
105
102
437
822
201
135
33
5
214
9
118
389
104
734
109
276
403
111
329
189
138
716
171
449
107
92
218
266
335
222
102
23
107
80
37
40
59
26
117
176
257
123
297
412
32
981
322
306
297
7
533
203
148
231
264
145
74
60
216
123
73
351
43
106
1058
128
1282
29
82
33
45
288
455
225
81
74
72
265
24
264
359
133
174
419
149
196
278
582
188
117
70
279
200
352
113
123
25
229
171
6
19
238
350
20
79
2
518
137
205
211
275
34
27
75
543
163
172
79
292
147
14
102
385
137
491
10
273
23
648
34
11
29
118
249
44
243
92
24
81
379
207
8
172
45
551
96
29
1008
124
37
100
35
212
658
186
213
1
238
54
321
540
114
165
342
11
1
213
77
188
903
70
444
146
6
534
192
308
463
68
186
237
96
240
99
166
73
296
70
122
365
127
176
212
102
44
158
66
49
3
58
384
886
151
52
41
189
192
271
103
114
131
456
139
6
54
76
47
582
163
168
163
96
134
21
664
67
5
402
48
366
158
107
26
319
253
166
67
188
472
143
264
415
286
128
347
6
4
211
49
272
27
259
73
14
316
168
513
214
16
113
214
47
2
74
207
119
143
237
39
236
155
120
602
127
32
5
81
27
149
237
115
467
187
24
111
134
92
342
331
114
88
771
30
139
190
7
436
76
149
142
567
94
257
229
117
330
198
84
104
523
249
83
543
733
25
36
86
17
209
63
26
418
360
86
449
267
10
66
149
27
88
947
95
3
31
500
334
342
34
74
33
415
1271
15
1157
379
252
106
55
27
160
537
168
177
122
127
445
303
127
82
121
554
161
51
1
330
554
127
433
301
214
458
97
59
65
751
28
289
122
131
677
273
122
106
19
144
27
90
333
84
140
15
307
36
209
93
10
326
261
54
246
73
6
41
210
45
455
261
12
71
84
19
28
468
49
466
365
572
254
31
11
727
54
689
382
159
29
245
126
442
184
251
155
90
27
80
46
228
237
182
253
94
89
11
8
107
33
46
42
145
19
6
259
15
53
19
47
44
129
175
542
321
23
1079
396
59
302
179
5
146
650
118
64
61
118
63
259
524
9
239
257
46
10
77
226
418
148
20
195
155
22
122
369
23
62
287
95
201
317
77
329
94
125
262
23
169
149
273
574
576
34
92
60
81
94
106
122
128
186
53
18
90
109
408
72
53
169
69
1
136
555
650
674
278
113
139
334
59
132
170
35
327
47
306
342
169
352
319
84
305
119
88
324
317
315
127
30
115
805
120
414
38
580
12
202
1
169
103
47
191
38
553
167
238
102
25
212
506
28
14
78
175
133
475
45
73
166
828
456
354
529
247
86
85
148
53
221
77
10
224
82
69
107
27
14
206
99
28
52
270
666
452
24
134
197
500
522
246
8
57
383
91
74
27
1
10
85
50
202
267
140
32
116
64
1
140
67
148
74
38
51
260
1106
13
31
613
55
4
371
35
137
38
839
355
133
85
200
206
12
364
350
30
10
56
1722
431
241
157
168
11
287
44
159
507
381
110
163
68
38
113
7
36
39
305
1358
408
69
195
56
370
63
1
58
58
60
855
247
326
53
333
778
307
337
275
77
245
27
594
53
198
262
712
322
168
70
41
77
665
8
314
15
245
164
251
199
202
39
890
129
10
71
636
72
29
2
630
420
332
98
235
274
712
240
11
216
162
8
173
17
116
135
69
167
200
132
18
109
246
77
122
112
753
165
267
7
83
84
164
308
73
36
318
106
33
79
222
89
218
159
62
33
125
442
30
100
91
162
71
300
258
221
43
498
71
218
913
102
138
72
418
342
188
654
142
57
369
79
112
372
292
610
199
22
11
602
669
118
914
61
211
178
306
227
176
143
11
47
213
80
157
344
350
744
131
59
35
1128
168
437
146
72
19
83
36
55
13
378
778
347
568
13
149
122
352
63
197
956
206
287
286
133
59
77
506
128
4
131
41
27
235
219
255
26
43
287
115
170
43
53
966
387
1025
94
100
243
207
352
457
92
319
412
114
56
59
226
62
269
226
10
22
333
110
307
109
506
792
58
28
366
916
48
104
18
62
184
353
91
400
49
172
393
183
10
449
238
2
56
163
114
56
81
152
607
334
360
175
151
250
319
1149
137
369
96
48
64
50
21
136
46
656
284
112
486
128
294
121
214
353
364
19
111
378
231
41
37
284
423
300
1
781
92
473
247
794
310
2
104
218
44
32
237
60
58
343
41
40
133
144
215
405
276
279
326
754
109
396
318
1
119
36
187
257
443
330
94
133
618
687
224
274
44
203
7
475
627
245
163
366
187
173
610
27
264
5
427
119
339
125
441
27
155
138
358
51
64
276
22
63
414
417
140
643
92
484
30
507
189
203
27
464
149
56
142
117
3
715
41
112
29
821
51
162
194
27
99
24
96
404
50
21
1
21
151
32
590
2
204
32
108
283
48
37
180
42
3
139
68
64
124
111
178
141
70
166
198
850
45
87
11
103
298
175
65
186
187
132
31
13
440
66
9
327
86
299
29
45
412
359
253
41
224
70
94
47
73
62
680
192
107
61
20
224
153
38
18
600
337
137
26
70
645
384
196
24
69
49
115
34
49
336
539
166
2
53
209
92
44
194
144
32
99
139
68
24
806
35
70
68
117
11
7
7
206
58
301
186
3
76
291
4
430
213
8
390
410
302
154
85
188
112
185
70
252
14
93
51
79
229
56
90
2
93
844
230
117
239
171
323
244
58
86
378
117
109
180
24
424
341
30
188
492
83
12
96
43
75
14
198
132
259
264
144
53
1
14
283
178
60
166
337
302
153
97
330
38
3
208
622
419
174
146
246
45
367
32
75
361
496
10
4
21
25
8
224
16
380
76
387
6
372
281
87
402
7
8
32
16
39
240
197
507
203
247
69
64
62
195
180
439
504
673
45
151
146
451
94
243
35
285
224
111
49
202
251
335
590
117
45
407
143
261
585
69
464
251
22
211
316
246
78
331
239
119
12
390
120
146
262
139
143
97
1381
36
692
34
318
233
353
246
108
994
118
39
81
132
203
141
749
176
118
17
42
64
682
16
170
424
63
175
124
16
366
30
252
84
159
267
18
299
168
469
77
186
60
633
319
48
118
5
370
6
18
468
131
38
318
107
354
24
38
55
412
59
110
623
322
308
55
63
217
174
103
16
154
173
16
121
577
106
64
39
258
221
111
318
16
197
179
788
1153
312
47
21
405
17
421
259
78
7
38
23
46
352
479
52
306
143
400
145
727
55
105
365
269
463
3
381
117
671
23
65
84
402
62
58
570
335
37
74
118
84
79
17
750
123
3
84
416
250
114
123
227
13
135
397
21
373
56
200
211
270
113
287
50
3
15
57
42
549
183
155
111
236
144
134
377
201
831
92
253
49
115
16
118
128
137
13
22
82
90
37
90
257
3
409
19
196
47
24
66
33
344
48
191
300
101
19
64
264
113
51
74
298
93
193
58
66
273
49
33
535
120
608
349
461
197
1
135
331
19
80
142
93
352
22
124
3
132
25
72
88
74
312
274
386
173
338
224
143
472
18
268
467
115
643
444
132
103
152
15
101
804
402
263
268
633
556
139
152
27
64
172
76
493
516
48
208
57
394
424
107
864
96
120
57
20
196
1860
447
335
313
162
534
1004
32
110
187
444
114
91
42
142
265
83
210
449
120
889
12
103
108
200
122
84
324
661
222
6
381
42
303
222
19
303
230
16
15
201
162
213
60
306
160
225
29
110
192
53
34
121
247
500
191
67
77
221
1
11
187
247
3
17
2
28
246
218
202
4
2
5
93
192
12
171
484
141
174
57
232
59
327
15
596
144
12
304
473
1
191
177
46
114
615
466
213
240
431
50
136
125
305
357
15
134
117
211
65
257
213
356
160
205
27
105
369
272
328
224
84
268
53
148
81
86
823
127
6
50
362
165
227
450
245
464
436
79
1008
5
95
452
102
317
27
104
340
25
37
4
105
20
651
181
109
497
173
118
430
43
206
425
273
438
81
202
160
219
62
152
61
312
213
115
80
84
151
481
157
592
112
173
399
294
80
209
249
498
56
162
463
16
56
49
287
138
76
387
161
33
423
379
291
32
65
183
112
63
26
392
573
275
367
148
212
6
50
76
189
291
88
89
282
249
304
22
2
305
47
169
111
759
190
92
942
97
27
133
32
733
126
72
193
119
85
306
252
312
202
87
178
321
213
94
200
70
116
287
168
51
72
201
85
90
170
144
101
427
326
8
104
119
86
198
31
18
184
30
126
165
308
398
18
118
186
686
41
190
187
282
141
102
194
277
644
24
18
14
102
26
201
8
181
62
294
173
13
304
763
48
312
120
23
71
143
52
98
86
155
9
466
972
367
801
451
124
98
197
235
31
103
218
212
27
171
187
639
52
418
282
172
128
7
34
59
118
55
288
453
169
68
160
35
259
170
268
174
34
48
469
34
46
285
40
195
291
220
55
88
1
16
77
46
52
3
680
20
115
195
288
282
150
134
248
111
159
217
149
380
15
133
153
124
13
328
112
4
67
224
151
194
224
22
424
102
199
4
298
257
282
708
7
71
640
225
228
703
103
9
70
181
65
261
242
326
392
367
59
8
366
384
113
201
85
94
550
105
228
334
12
119
51
170
126
175
120
374
48
68
168
191
21
110
236
551
40
186
21
29
188
179
116
573
137
137
129
65
18
45
50
190
440
319
1
225
13
96
113
126
213
18
224
58
15
219
18
168
85
139
188
496
150
76
526
31
399
146
395
37
1
126
532
25
554
146
186
141
459
41
37
130
597
66
234
307
120
92
13
159
34
86
172
103
31
166
1
27
66
56
209
90
133
190
85
134
125
171
429
58
36
47
302
66
199
6
530
6
166
72
15
65
39
51
150
284
229
105
45
6
15
109
77
35
102
289
363
88
79
33
7
14
26
96
50
274
350
236
11
282
354
576
106
194
161
108
80
29
126
201
464
123
36
5
244
339
248
289
194
342
688
211
183
19
32
86
71
51
61
380
12
249
292
141
49
486
7
117
43
202
473
279
80
137
17
58
776
166
134
40
282
120
115
240
125
105
236
133
213
146
57
74
70
189
835
470
128
625
645
7
224
86
144
920
161
231
526
141
217
183
429
68
33
68
92
29
384
19
77
416
307
492
240
17
119
30
41
308
1
6
62
30
226
78
432
70
132
8
109
109
188
19
32
20
158
363
888
3
84
38
224
78
4
35
25
107
162
550
36
142
129
393
128
510
117
170
254
80
415
9
381
373
6
37
197
75
155
15
27
190
373
211
138
87
152
128
183
286
887
201
333
32
105
222
246
301
165
19
326
130
80
207
26
373
127
561
280
98
165
116
45
115
195
140
197
47
86
154
363
320
128
336
24
141
34
29
229
74
643
348
5
371
69
63
249
246
347
131
13
127
453
377
49
44
65
220
901
381
82
142
25
110
14
8
32
21
504
101
244
84
499
245
86
57
9
329
248
549
79
354
39
116
218
230
304
349
281
11
189
650
45
2
76
276
41
352
17
35
273
17
227
504
11
197
385
52
252
190
313
59
163
1314
334
442
356
316
21
130
86
154
186
556
135
30
473
23
171
230
42
204
147
61
21
73
79
119
244
9
68
145
50
186
117
679
308
30
47
139
625
150
235
660
41
459
188
120
619
11
81
13
341
49
735
138
11
751
10
1271
34
222
171
329
401
32
57
229
1
47
120
177
272
165
286
33
213
229
314
755
26
87
452
104
113
66
233
335
52
203
393
17
163
330
55
60
40
61
173
13
123
384
11
76
116
100
426
430
107
368
27
50
216
1033
11
22
169
569
17
238
462
47
289
125
88
407
307
20
49
159
102
851
59
159
89
104
192
9
253
487
603
211
153
31
108
43
512
153
418
6
106
23
562
341
21
428
19
891
166
5
192
346
1
76
168
129
162
12
118
292
66
642
385
23
315
41
359
91
801
7
18
19
311
129
334
356
154
9
101
4
291
49
195
26
7
412
234
158
220
523
232
6
499
251
325
490
145
57
584
36
9
473
5
98
37
238
170
343
24
194
969
150
113
74
13
239
130
119
868
96
169
33
237
141
81
364
169
143
34
246
97
119
62
114
190
478
82
30
418
173
42
60
245
329
116
106
90
6
218
322
540
80
778
80
109
23
166
621
5
8
5
105
91
73
32
388
404
90
559
200
692
25
132
168
119
403
145
21
157
320
62
216
19
121
123
151
103
617
1028
219
25
93
61
215
247
7
153
99
457
36
122
132
234
222
10
28
52
114
51
108
49
517
72
259
23
152
105
69
302
98
88
151
492
20
393
55
349
34
193
50
477
122
48
126
127
231
67
137
31
599
804
430
178
154
28
219
272
15
16
193
67
667
252
18
165
144
211
102
254
104
538
135
43
22
95
343
83
356
548
40
100
176
9
131
125
790
123
24
364
67
162
872
54
126
137
361
71
209
76
386
823
275
87
79
31
229
679
59
501
1159
20
224
61
51
140
214
53
350
82
222
80
24
303
85
163
433
119
58
123
57
94
317
337
88
21
335
56
135
361
588
110
68
41
113
29
124
75
82
427
388
34
491
56
48
151
21
282
117
230
292
130
294
42
412
1008
195
264
3
15
156
232
159
213
6
818
416
135
196
58
472
1159
17
208
98
249
658
112
29
558
167
206
322
413
101
704
48
463
36
37
577
71
171
13
38
5
289
190
103
450
279
598
52
280
250
452
180
600
122
567
324
327
491
26
258
62
6
296
105
143
338
210
188
232
9
87
102
148
60
154
93
3
184
437
195
499
46
79
4
64
140
96
502
208
89
58
434
91
65
134
146
97
196
302
693
22
25
311
68
271
133
162
25
186
211
96
442
386
48
242
23
17
203
452
298
87
829
143
184
716
134
394
15
232
399
136
622
136
233
119
90
398
211
346
547
147
21
179
70
147
192
30
66
420
24
135
27
101
23
256
34
924
247
128
15
37
5
16
127
474
92
57
187
219
39
357
21
242
382
148
169
126
146
18
498
60
446
1
43
391
58
11
316
106
255
278
828
39
328
33
97
133
133
614
134
146
234
110
362
43
161
6
495
362
52
84
95
468
222
25
227
104
37
2
275
76
2
676
273
212
31
235
152
123
18
38
524
98
12
296
90
26
160
318
1
92
69
12
780
184
381
91
268
71
337
118
45
435
315
54
285
29
39
2
259
35
561
88
80
351
86
105
374
251
488
92
733
100
121
247
4
51
165
25
2
99
97
165
76
102
1236
145
460
276
64
291
268
2
151
317
162
1061
387
45
114
70
114
26
114
365
235
29
282
269
206
179
176
29
64
451
49
49
65
189
143
49
3
647
76
147
12
200
558
202
21
90
54
65
195
66
124
51
44
138
108
47
217
377
9
168
23
81
1
320
955
37
103
387
46
562
38
72
120
376
68
19
320
118
82
36
242
494
184
214
97
79
45
314
461
314
107
81
261
22
269
243
54
223
385
172
390
100
933
12
85
63
410
67
487
87
302
165
194
554
402
380
422
128
65
266
89
37
47
212
43
296
123
173
332
124
192
425
49
87
110
177
23
166
113
278
187
80
177
36
10
22
271
22
152
32
302
97
280
170
102
89
301
61
36
36
55
249
472
403
270
43
18
300
332
57
40
189
64
645
274
281
88
2
40
74
105
457
333
38
149
115
114
402
807
356
351
71
294
118
106
52
22
203
167
190
59
224
312
174
143
40
48
51
214
21
183
621
316
192
118
202
357
9
50
41
148
18
99
475
89
150
66
56
46
278
111
38
617
10
107
661
32
61
476
157
292
217
442
27
44
155
258
101
159
142
32
509
81
655
282
4
235
220
32
320
33
557
42
196
32
106
218
219
52
349
261
307
53
350
107
137
82
56
216
38
63
325
12
65
165
287
330
272
35
107
20
90
66
615
87
55
309
213
197
40
3
357
154
24
72
168
934
81
34
214
53
302
74
269
64
8
176
25
99
71
441
37
233
1278
31
446
95
94
157
143
387
183
830
178
35
303
639
244
510
138
338
9
97
26
237
692
175
181
988
1
77
803
250
37
640
93
143
43
240
132
333
160
94
186
371
275
103
31
460
456
703
121
239
3
7
43
40
915
56
529
181
272
95
45
42
136
104
265
92
204
252
23
240
45
222
128
142
72
6
208
155
212
92
57
102
150
15
20
55
32
756
190
109
1
77
115
176
16
1019
538
526
88
321
449
7
253
244
16
25
176
301
352
2
78
342
148
267
421
86
2
11
192
806
337
249
316
400
66
459
233
36
105
191
336
68
171
92
49
476
422
5
67
88
77
35
20
136
147
274
249
231
51
152
115
505
70
557
126
244
107
371
569
335
44
16
354
133
738
651
204
39
559
325
109
114
378
166
2
6
14
230
3
418
23
72
130
508
106
306
256
138
187
375
71
78
516
37
164
223
4
327
309
413
478
58
90
216
54
145
572
153
181
4
23
230
28
246
121
177
23
33
182
411
259
12
12
152
339
815
141
20
257
184
70
362
7
96
350
207
100
4
197
177
26
120
226
358
383
332
525
847
539
35
130
110
265
85
92
278
233
341
144
638
44
294
209
92
34
109
402
677
79
321
195
53
58
427
264
5
543
100
73
214
4
34
19
253
231
71
50
288
593
43
293
122
203
122
38
55
243
343
430
39
31
74
86
826
46
119
203
516
27
632
351
186
21
236
142
68
259
49
117
337
185
378
332
262
85
145
7
238
245
58
194
317
7
245
11
351
296
137
21
37
61
257
179
73
137
160
33
203
21
28
254
196
57
271
144
473
249
152
57
117
309
183
37
74
68
423
368
48
87
179
35
90
69
197
152
244
27
260
295
54
31
299
168
95
16
11
20
15
50
321
221
215
35
706
608
37
67
112
213
13
539
147
49
16
54
79
112
48
140
116
130
150
66
194
87
263
402
37
26
66
120
82
1
947
198
236
280
324
142
226
66
287
20
69
1
379
52
44
460
250
262
25
250
497
9
370
68
329
1
245
140
166
15
418
316
164
184
73
232
186
148
217
85
38
3
26
184
45
131
81
108
162
142
108
64
307
8
84
108
44
123
140
134
484
373
415
112
573
15
170
49
551
1006
31
80
195
123
122
114
184
74
159
68
164
28
48
68
130
840
266
207
669
320
186
223
69
203
140
30
45
197
130
33
28
228
181
158
466
317
631
63
140
25
94
221
3
131
177
55
74
231
90
245
204
40
68
1079
201
102
212
1538
379
121
49
202
132
113
50
35
67
746
141
49
79
103
13
162
221
8
389
579
165
8
64
42
50
90
8
272
366
39
544
542
431
79
47
37
61
43
518
39
136
162
43
262
119
289
175
312
283
425
159
171
135
6
57
144
38
232
164
155
303
23
226
243
288
192
21
176
246
1
86
118
265
224
85
189
52
437
195
12
704
225
105
203
76
279
296
632
114
21
305
87
70
112
523
489
108
69
262
14
5
1006
372
214
228
16
136
1
855
161
177
435
128
229
102
814
52
97
14
202
106
28
384
140
42
126
121
4
54
476
42
31
98
101
131
87
126
18
99
98
4
202
186
211
447
283
246
335
98
44
11
141
726
482
29
206
54
208
267
75
20
192
288
224
552
148
10
476
245
198
3
181
175
22
147
168
82
86
268
219
507
163
98
92
127
36
47
299
41
131
833
526
78
36
677
422
311
315
11
160
128
53
161
324
478
4
450
239
91
139
24
111
516
519
114
406
245
46
421
57
276
173
26
386
259
442
152
76
5
250
257
86
75
1
109
149
44
153
3
564
4
375
220
78
125
391
66
140
662
576
36
276
188
205
304
496
171
261
105
419
233
430
2
48
55
209
56
196
187
474
409
10
332
194
125
521
170
1
263
183
982
432
72
75
109
127
80
305
189
47
286
336
325
1
169
455
267
127
410
73
66
129
43
190
246
207
307
34
59
22
75
82
3
27
278
74
318
600
374
667
10
118
791
248
88
382
315
1
284
90
94
25
77
227
107
14
35
82
26
62
130
910
62
267
243
88
42
126
80
15
27
346
162
34
225
139
71
78
302
749
256
336
7
584
321
10
236
235
16
247
43
399
41
182
161
218
51
394
144
373
172
470
232
162
68
211
220
122
164
97
86
22
147
471
89
8
284
46
471
187
365
91
524
451
68
579
385
352
45
147
355
386
14
198
286
47
387
355
1444
44
7
24
9
141
142
75
15
676
47
407
207
305
72
141
133
211
214
33
169
304
254
327
131
57
68
140
73
223
86
43
551
233
172
218
26
37
144
73
23
214
29
388
52
6
301
506
54
290
31
113
338
502
86
306
3
25
246
441
980
225
78
346
637
54
5
72
164
468
357
274
204
95
128
15
228
1026
13
1525
291
49
166
17
113
132
24
24
44
464
284
56
48
316
313
105
291
133
38
95
11
95
53
19
8
267
32
143
282
41
103
256
444
80
240
141
685
161
144
10
5
98
369
23
16
120
58
51
65
115
317
82
4
20
556
100
466
236
9
63
521
548
152
217
203
289
72
43
243
13
146
116
238
241
80
26
107
475
216
31
199
110
196
249
176
102
216
70
11
156
4
154
95
115
206
848
57
153
21
261
199
300
165
256
207
74
162
5
293
63
120
196
40
27
92
31
188
134
167
7
149
518
433
179
4
250
101
122
43
969
295
317
123
76
159
547
145
6
352
203
106
136
144
264
140
171
241
87
217
103
70
116
170
357
118
331
128
205
513
112
34
361
823
36
194
29
387
245
38
4
111
436
79
92
50
26
100
29
62
35
7
3
606
567
221
179
122
215
18
542
351
381
8
22
91
243
61
154
79
60
236
299
180
311
48
152
102
6
390
147
223
132
260
12
26
164
141
414
207
242
495
34
39
63
634
41
142
93
59
221
62
105
97
33
156
120
139
127
90
71
29
308
141
79
130
19
367
468
978
242
249
181
280
244
141
335
62
321
775
52
41
147
123
165
288
81
122
16
79
142
412
90
223
81
75
310
258
151
199
41
61
113
78
18
20
360
346
50
143
6
76
106
88
522
33
260
170
380
133
630
160
338
40
58
30
473
189
15
203
201
127
44
217
294
25
5
35
202
186
329
130
66
3
38
315
166
14
139
291
176
278
135
280
104
859
175
108
180
442
122
21
138
337
83
284
291
234
82
438
9
318
138
36
77
160
372
55
613
96
15
149
280
84
35
53
29
130
170
194
345
186
81
246
14
175
183
83
335
194
13
546
354
330
324
301
57
90
387
34
124
285
52
55
511
76
155
1
243
70
6
15
93
40
38
311
27
36
163
104
207
121
79
226
198
148
348
286
142
393
262
258
70
78
85
150
1358
237
72
323
214
162
88
75
89
2
159
96
74
108
99
41
84
236
84
47
457
69
62
288
457
110
18
370
141
215
102
49
54
130
48
17
98
374
158
23
57
121
26
56
18
219
403
24
80
345
112
84
612
531
107
214
160
100
198
28
960
358
608
91
52
197
29
3
26
50
42
114
371
369
210
379
302
248
87
389
93
68
810
188
586
261
35
152
564
19
37
505
136
95
37
55
484
16
3
136
542
44
127
138
71
130
872
103
159
336
319
70
174
142
144
61
418
118
803
240
447
316
185
64
180
68
318
80
170
257
462
27
278
293
36
249
22
198
17
331
102
247
284
149
107
399
187
63
176
73
622
232
170
286
507
630
255
6
42
83
365
117
552
56
81
102
208
254
21
151
637
246
40
182
95
399
220
251
619
78
280
1111
276
55
135
47
48
128
31
156
67
46
227
14
88
443
68
2
418
93
124
98
289
120
177
33
100
376
133
96
83
345
494
234
194
78
137
81
211
5
767
53
191
13
105
106
132
364
13
1
108
274
256
95
255
23
34
141
30
53
87
34
199
456
117
3
112
27
311
68
145
158
41
685
75
65
228
56
272
168
621
56
108
30
274
205
32
127
61
64
153
870
20
71
320
101
160
14
192
9
482
45
37
231
167
21
22
113
140
76
210
67
23
14
194
11
276
70
122
9
30
150
22
74
448
8
475
415
72
109
54
244
273
38
16
333
290
112
70
81
50
83
334
483
136
64
93
53
67
106
35
12
377
341
643
187
61
172
24
194
181
24
495
585
147
62
308
3
65
56
325
1121
146
955
541
19
581
30
185
192
58
10
383
122
73
34
331
143
13
16
217
200
41
207
443
355
328
144
600
19
112
69
28
218
113
532
333
39
29
102
366
96
457
50
54
473
61
6
605
402
138
222
462
198
215
1323
808
201
148
499
75
169
104
307
94
312
83
296
82
59
167
63
46
477
333
491
21
314
78
96
67
273
25
127
62
11
121
192
189
381
517
121
244
239
50
108
51
11
625
23
134
26
185
111
106
330
502
19
76
48
513
205
68
113
336
156
69
11
374
107
307
45
194
12
12
113
272
83
685
86
87
136
86
69
118
4
290
468
139
218
410
967
89
236
11
112
347
534
181
143
650
290
24
192
161
205
101
121
230
38
132
313
543
121
19
1180
30
214
38
55
38
154
357
222
280
454
57
123
259
209
459
4
291
150
309
58
3
17
358
36
179
3
55
249
121
133
731
45
168
113
28
17
449
168
91
140
18
17
32
126
118
223
4
446
15
4
187
130
205
51
176
226
399
111
74
217
1
11
91
167
127
447
257
461
763
177
256
127
38
154
188
191
58
599
386
36
150
4
629
428
105
429
599
357
271
114
85
107
5
175
249
134
109
14
203
104
15
101
60
62
224
7
20
66
275
102
106
174
201
318
341
66
204
373
81
41
74
155
185
614
71
132
165
17
358
116
33
144
38
287
109
73
21
324
212
13
449
473
301
190
264
15
288
238
1406
395
50
2
135
247
543
136
622
26
163
36
752
726
29
90
188
110
272
256
315
158
525
299
916
79
32
120
3
7
643
95
139
213
45
70
12
95
300
121
125
361
112
70
632
21
10
73
15
17
394
93
605
113
35
123
226
129
315
1941
137
87
38
310
136
487
594
284
199
121
36
133
203
542
2
264
259
246
617
502
174
108
139
342
190
22
39
92
561
33
20
436
13
35
277
192
224
71
57
352
217
75
261
120
202
236
48
126
17
38
141
1194
142
15
132
89
212
219
104
703
24
25
148
122
109
10
208
287
18
114
606
212
122
309
235
113
633
88
13
45
210
77
585
162
166
211
253
1182
324
239
401
665
392
20
201
294
30
20
104
86
24
501
7
22
36
44
402
260
121
30
218
87
515
123
25
341
327
272
49
125
196
56
38
60
47
309
19
189
190
360
35
251
132
77
155
284
291
78
219
396
73
50
50
15
52
90
120
55
201
454
17
46
152
343
150
801
144
392
201
131
21
64
204
110
63
37
194
536
22
105
20
171
11
281
6
47
262
63
719
135
313
198
140
95
304
105
266
133
132
590
25
182
230
438
38
57
428
676
146
207
383
38
273
344
168
393
131
86
118
440
74
121
92
111
297
417
128
124
43
81
36
214
126
457
73
195
224
42
19
42
169
204
153
327
334
301
16
197
12
311
52
103
219
54
313
273
64
71
159
455
424
75
592
164
257
9
268
435
213
123
875
64
45
95
144
629
17
369
30
24
82
157
305
121
390
37
366
2
132
650
315
23
98
111
171
44
2
104
189
167
50
137
6
198
562
9
1058
281
527
197
215
83
945
86
211
35
68
308
200
190
683
483
367
607
427
457
26
16
156
17
98
2
15
597
1347
201
103
151
8
311
80
654
453
73
311
216
51
23
585
387
198
502
100
466
36
282
30
39
2
229
199
427
94
7
139
237
8
202
70
123
153
26
375
468
117
740
177
209
262
85
112
89
203
60
146
108
17
75
147
484
3
124
231
84
263
532
100
341
193
585
111
37
51
67
206
255
55
66
82
46
58
103
489
137
331
520
43
207
281
441
810
929
54
352
46
247
121
122
53
201
167
384
235
245
237
64
128
460
167
26
19
557
240
61
40
229
203
44
90
140
42
50
16
143
29
38
306
620
97
356
18
219
10
187
18
386
93
162
227
33
11
91
751
40
369
99
184
164
634
72
13
197
54
141
580
310
143
369
23
292
47
281
195
217
167
113
235
22
148
15
47
103
219
388
56
758
68
249
30
774
619
121
113
92
176
107
80
89
140
37
626
162
120
99
24
178
800
144
235
220
62
50
178
316
256
102
47
21
134
197
87
5
33
341
236
317
298
18
162
754
184
114
47
116
135
90
102
200
135
3
88
128
165
427
621
237
425
293
71
5
264
1268
100
746
109
158
37
242
42
29
162
192
201
468
353
63
155
302
559
43
199
12
11
37
47
101
6
231
31
248
6
628
36
36
1
89
673
275
62
180
10
198
370
128
296
331
426
185
216
46
297
440
68
275
56
27
387
170
27
167
380
562
2
349
288
516
152
454
87
139
139
240
108
26
153
594
154
85
148
260
283
229
155
168
234
31
133
112
974
236
33
90
239
30
544
63
88
162
469
157
130
391
127
662
49
194
82
229
308
228
1
205
172
249
125
68
106
66
109
428
609
141
191
73
250
622
189
208
190
314
211
126
175
364
405
11
43
190
160
145
259
591
216
14
248
64
94
78
90
35
314
3
489
52
190
391
65
3
520
8
10
379
444
11
61
111
134
87
614
11
14
147
473
59
558
114
181
331
232
38
330
282
116
14
453
160
359
239
23
459
397
55
3
104
84
476
116
173
47
629
555
88
95
771
49
223
92
478
142
53
107
161
86
2
69
1099
291
194
167
252
64
38
139
291
251
185
74
390
100
50
1
238
114
106
165
102
454
56
169
90
170
515
35
102
544
346
91
135
53
14
231
6
39
88
2
389
44
14
237
586
271
56
604
23
169
174
71
140
149
737
62
100
282
266
26
391
383
17
308
569
372
782
219
704
169
578
213
125
86
407
1067
115
120
143
47
118
78
236
379
53
5
381
61
74
405
843
21
74
269
198
285
129
1
513
170
19
160
104
320
61
455
171
72
330
345
382
8
234
142
8
19
274
215
340
129
32
166
124
126
83
170
66
179
504
577
518
14
35
163
37
440
203
111
45
71
287
143
15
308
155
311
97
125
112
9
313
452
211
83
110
49
285
224
341
228
362
281
133
102
37
94
202
130
244
85
54
60
49
141
531
461
104
223
648
6
414
29
214
195
71
154
178
498
181
247
1128
146
138
90
169
109
77
27
39
45
69
525
207
11
74
32
38
503
110
141
129
112
463
52
63
365
64
84
35
267
21
234
155
234
454
153
192
169
9
67
28
316
570
65
384
33
101
25
138
130
117
132
20
462
159
669
121
353
132
306
315
115
259
674
28
414
273
437
151
432
830
216
326
18
526
84
285
186
11
115
176
71
8
206
122
65
14
82
1178
675
161
265
196
94
38
54
115
375
128
429
230
950
2
108
128
1236
53
503
262
15
15
131
16
45
138
396
224
803
524
220
219
254
352
483
59
137
80
157
17
128
52
344
505
24
44
11
97
158
164
209
182
317
126
623
174
22
353
404
78
8
353
200
41
210
94
413
277
85
80
63
213
250
426
377
160
14
380
108
275
363
80
2
220
191
126
514
231
2
287
52
117
11
227
58
58
108
683
6
209
12
142
31
265
195
4
619
88
60
135
236
275
16
232
80
247
670
149
305
541
4
270
87
162
55
187
426
153
289
25
193
631
91
111
53
374
86
571
734
176
240
387
108
154
164
135
299
680
412
74
65
376
81
532
138
205
99
644
53
222
156
7
268
34
178
391
648
137
29
228
176
609
760
468
125
53
225
77
91
33
633
244
135
487
54
49
290
33
477
74
85
61
229
214
79
40
210
328
18
34
76
730
74
209
69
334
12
518
482
126
615
114
115
343
392
176
25
44
21
2
300
115
194
429
50
209
34
119
13
132
245
61
77
68
141
79
110
723
287
223
369
628
56
127
25
768
35
69
116
44
65
183
173
86
313
16
65
97
378
367
506
78
64
51
223
317
99
23
278
1
131
138
31
147
299
93
101
259
140
109
307
58
562
307
134
63
548
86
15
606
421
247
542
764
171
110
886
103
3
178
58
267
127
102
171
190
566
256
65
345
89
83
335
27
164
440
65
204
131
40
499
38
160
409
100
78
276
46
780
257
63
354
132
51
78
83
1306
104
713
173
85
58
152
94
66
69
120
