273
87
147
137
70
260
101
178
179
354
476
44
168
364
21
510
245
435
72
7
398
808
61
153
378
210
13
227
390
913
366
64
91
100
140
365
158
188
101
7
402
110
40
86
413
182
357
153
353
94
13
232
60
42
3
153
4
389
173
355
696
543
50
91
362
130
152
146
99
480
150
424
138
55
430
389
35
76
7
285
26
84
117
80
37
112
555
42
222
71
96
34
129
635
167
512
307
137
229
10
8
279
41
254
128
16
104
77
93
426
284
32
230
51
416
100
8
25
155
284
293
333
249
224
13
281
163
223
316
114
279
302
37
379
702
132
272
332
376
38
536
311
72
176
180
160
149
35
302
61
151
373
60
78
152
58
432
187
19
224
111
93
61
504
527
144
248
118
55
109
6
249
264
25
35
75
438
597
61
276
297
130
369
102
10
390
148
182
168
101
64
82
45
129
116
144
540
205
119
51
382
712
136
14
29
157
14
483
175
30
230
28
410
624
200
244
3
153
18
61
45
178
118
107
193
3
56
118
63
262
118
303
117
202
136
46
613
82
617
72
211
529
22
23
100
136
63
103
1328
164
81
206
86
60
34
1196
31
85
86
119
133
412
41
111
371
218
3
594
137
89
910
280
10
52
160
85
27
129
86
127
349
56
23
783
8
13
38
152
45
512
31
22
187
277
91
328
384
106
270
652
148
14
160
418
231
7
301
81
78
422
224
52
64
747
633
89
296
57
134
317
45
70
264
344
27
204
474
498
55
77
21
276
62
143
54
197
119
117
59
107
251
67
65
83
21
60
36
243
145
223
74
497
141
21
613
412
1
106
579
21
271
530
49
214
113
82
395
72
43
203
38
297
136
382
103
340
4
221
253
309
243
295
13
92
123
14
87
90
216
152
363
5
14
415
576
427
41
304
125
156
272
465
112
117
77
86
146
3
256
443
80
51
56
175
99
634
91
7
43
56
1
12
35
261
425
424
391
123
36
226
71
82
439
189
215
69
80
28
73
198
412
239
113
129
142
263
35
380
140
496
123
73
99
205
241
171
361
290
57
63
133
119
363
3
100
54
45
9
26
31
221
240
21
613
38
365
83
117
121
158
25
263
388
42
217
151
131
65
156
118
25
8
254
25
298
57
772
81
27
57
285
523
262
189
920
195
108
125
10
152
171
434
108
177
331
96
26
164
257
446
172
526
44
81
486
69
4
12
87
164
46
76
311
196
355
20
26
282
280
84
109
105
8
14
177
232
123
45
153
37
428
343
136
76
532
166
174
41
241
321
39
220
586
136
48
654
151
49
4
140
135
73
237
16
177
189
305
80
217
344
33
96
197
326
331
319
133
870
245
179
37
41
18
139
169
409
142
62
186
101
41
23
209
6
181
29
40
104
26
459
1352
59
224
339
371
539
3
221
273
244
271
477
913
59
229
1026
2
98
192
121
11
100
20
467
703
8
74
296
893
219
232
435
294
90
67
236
204
203
162
74
75
214
187
27
599
105
157
40
521
341
612
7
19
74
42
77
507
236
134
298
107
628
156
403
877
362
198
339
83
235
398
44
140
201
236
344
12
95
48
41
237
311
102
24
32
180
416
425
227
47
59
147
14
42
248
144
99
53
347
179
132
49
81
454
91
61
387
38
149
56
43
51
105
289
73
100
427
7
152
46
31
200
47
812
302
188
42
177
113
524
121
2
363
223
79
17
209
4
110
594
328
113
709
190
420
12
133
36
36
293
140
1165
535
394
103
260
186
338
562
601
66
36
171
218
97
403
37
139
363
50
43
144
163
244
954
281
205
338
54
74
18
65
22
15
96
203
93
490
334
275
453
163
353
2
243
268
77
599
36
2
27
6
110
346
214
39
223
33
575
9
74
76
614
94
195
76
159
157
24
71
444
233
638
121
235
99
361
2
14
108
173
160
111
120
383
112
46
73
102
100
285
174
520
59
71
52
74
258
46
2
20
51
160
61
1191
300
43
14
112
369
60
22
211
36
94
82
230
128
147
429
148
38
296
24
310
312
400
88
97
99
372
71
58
200
252
118
381
290
97
208
107
47
278
43
177
837
78
94
175
237
29
12
92
61
100
36
12
42
193
183
8
133
228
153
928
13
152
157
79
272
6
174
41
219
196
47
165
54
83
23
236
111
327
75
52
158
274
25
89
72
274
36
113
67
205
222
41
204
91
51
45
29
189
36
187
91
37
4
253
55
50
488
194
179
141
129
91
863
224
39
321
175
210
177
233
35
95
144
40
18
314
131
49
122
83
152
4
10
454
363
37
106
126
4
117
249
111
258
1
210
271
107
580
15
593
281
479
165
60
245
303
255
194
216
19
75
28
223
51
13
156
51
876
58
75
133
245
458
774
171
85
234
53
258
361
104
134
447
35
11
91
270
63
120
406
122
140
106
199
105
134
82
11
15
54
92
239
53
111
394
317
434
162
88
31
394
746
333
78
172
127
66
142
599
102
303
299
458
23
157
44
105
164
101
180
198
509
121
69
2
17
454
255
401
292
985
44
107
84
25
263
254
370
828
47
144
97
331
322
91
147
186
482
41
208
91
163
132
8
71
129
110
197
464
347
13
19
8
357
342
96
269
49
174
59
1
250
119
478
51
192
172
81
173
168
21
111
618
159
167
156
304
87
478
132
91
99
91
180
5
46
88
1282
235
133
290
204
61
792
194
28
76
26
181
21
156
231
86
9
130
100
33
87
428
271
284
155
91
515
3
77
168
42
31
175
171
130
50
481
307
236
270
224
632
112
353
86
218
137
774
25
360
29
391
91
223
42
22
34
174
33
176
66
101
95
33
786
179
84
53
574
235
57
90
199
196
408
7
171
48
630
425
263
147
7
210
117
75
576
481
34
65
2
1
120
77
19
43
144
152
122
117
177
43
289
419
164
97
1275
71
56
158
270
306
116
196
170
358
108
13
931
1
359
78
217
155
306
55
88
490
677
305
105
347
212
177
17
151
136
444
176
14
305
26
54
62
62
357
120
12
18
63
5
10
639
38
135
322
44
36
509
342
183
79
2
241
525
66
273
103
534
104
191
26
182
130
162
272
239
109
178
76
49
96
122
157
288
413
19
271
168
39
61
58
29
266
66
268
36
286
8
109
366
294
72
177
12
60
150
132
239
59
26
589
159
551
110
368
587
16
66
218
285
129
166
98
291
40
129
584
17
191
615
89
213
112
14
550
138
45
239
178
236
328
105
201
308
169
299
29
229
2
20
47
179
81
264
61
35
108
12
227
93
148
45
352
66
107
163
806
52
28
81
3
173
28
4
102
186
2
18
124
187
145
310
89
384
27
101
278
118
324
249
200
236
59
47
69
20
88
202
430
150
692
109
162
259
423
280
189
209
14
207
240
355
3
361
119
74
79
451
167
51
68
83
373
224
227
28
10
545
130
98
31
202
263
218
374
669
72
194
833
150
215
122
171
529
149
529
32
233
135
71
62
166
108
14
244
479
284
355
57
25
180
24
184
293
150
132
93
184
53
380
172
347
320
59
213
593
216
771
130
231
66
97
61
1
78
52
559
672
158
454
418
108
25
81
121
24
164
5
123
105
23
453
306
19
175
131
88
104
199
25
317
689
117
212
316
159
266
98
194
95
42
202
294
18
9
307
52
330
27
30
65
195
611
111
87
360
47
71
517
65
53
232
330
39
342
79
636
224
797
77
36
207
529
15
187
363
778
112
326
835
190
108
359
632
100
79
93
162
649
180
127
5
396
60
167
474
87
84
234
79
763
5
79
56
22
563
471
399
24
116
103
261
143
32
1003
179
203
241
63
242
52
698
523
163
142
193
122
268
15
88
291
492
54
251
49
188
31
250
7
340
52
48
176
21
99
86
122
38
138
421
347
241
132
275
19
64
277
294
50
48
20
272
333
79
395
351
65
33
168
167
44
345
244
90
61
24
528
284
288
333
94
103
33
581
70
661
175
6
290
553
548
359
209
183
69
468
161
3
72
58
1102
102
121
127
145
254
230
299
440
353
73
21
61
7
252
320
80
96
429
32
78
166
6
19
9
269
145
128
184
32
109
58
30
355
236
346
51
83
118
10
29
264
75
18
282
279
79
178
84
128
74
111
308
73
60
110
230
236
204
77
449
77
25
127
322
44
214
106
950
134
134
392
187
90
399
69
7
287
27
193
42
115
5
29
24
10
273
58
15
249
216
45
489
358
47
42
421
161
539
53
170
215
20
25
91
79
419
248
415
131
191
34
331
42
6
1149
376
435
558
648
317
289
109
83
263
51
402
218
91
223
579
280
76
163
440
228
157
606
25
326
210
156
199
114
57
90
39
51
31
30
205
473
159
156
185
112
4
54
181
24
85
10
670
486
35
24
372
102
95
69
42
138
78
326
86
216
198
74
36
131
262
84
924
106
23
118
268
203
6
356
58
258
1
447
24
25
203
124
65
15
44
23
157
42
121
85
72
3
42
21
146
476
581
57
130
288
87
187
45
180
197
45
6
217
185
30
82
53
428
757
362
132
108
433
131
274
43
121
88
199
54
148
197
25
250
354
523
52
56
403
46
101
60
271
128
11
146
113
118
188
191
55
152
93
165
355
28
139
67
208
255
198
44
19
249
39
161
67
146
7
381
313
333
191
646
17
124
926
47
30
18
12
33
11
246
120
53
401
131
60
15
212
617
18
169
5
370
205
171
4
287
93
80
215
514
69
95
11
52
157
52
87
275
383
103
112
11
105
30
200
88
69
134
110
638
11
638
65
533
147
135
217
149
109
510
129
69
521
266
257
85
271
52
409
288
276
404
190
182
439
15
134
111
83
12
27
754
159
13
142
263
71
181
14
2
73
773
611
141
139
393
92
258
179
568
51
75
642
210
14
255
146
515
144
46
188
465
32
182
163
218
22
372
524
310
70
290
29
551
154
1436
121
37
132
198
13
48
211
107
39
115
122
31
424
228
141
10
308
268
20
276
8
209
37
249
353
162
202
230
787
79
96
12
242
222
304
216
21
691
25
536
158
145
230
524
153
109
792
35
3
411
315
246
488
975
145
195
442
747
179
1567
436
292
90
315
196
726
46
289
183
53
71
173
241
287
397
133
2
74
39
173
474
47
68
20
17
291
236
245
128
262
438
71
397
843
15
40
15
65
453
54
121
26
182
467
260
211
79
166
315
193
9
45
161
55
362
408
100
29
623
547
102
18
126
137
436
312
349
6
91
93
54
244
139
370
29
73
43
58
195
60
88
245
60
277
140
12
518
84
233
87
67
28
678
465
134
396
478
18
214
921
69
207
333
33
163
245
266
5
26
49
149
3
28
5
46
331
303
84
58
35
290
295
92
607
566
205
81
3
370
413
76
166
23
16
113
459
105
23
682
30
2
323
5
188
143
26
1860
317
418
94
267
76
100
364
197
474
162
87
182
451
172
57
62
19
154
56
27
190
328
154
21
174
359
389
78
38
409
199
128
708
277
6
145
33
73
19
43
85
143
226
21
336
659
100
244
283
298
73
31
72
128
175
27
26
6
347
378
37
160
70
36
118
355
284
574
84
47
36
500
122
748
385
417
106
350
180
153
179
132
7
563
76
21
512
283
95
135
265
58
109
389
551
86
37
3
200
183
499
303
301
94
66
181
253
40
220
629
51
96
125
318
300
48
89
83
81
111
324
184
50
99
17
14
131
2
547
221
71
64
57
217
284
382
238
128
236
134
497
25
276
177
20
75
134
384
126
349
225
65
242
45
139
86
210
109
566
369
97
197
1502
754
9
126
4
89
112
41
318
134
358
7
264
50
9
21
246
947
5
34
493
40
51
184
100
113
764
30
112
66
1075
43
174
582
89
296
166
195
10
303
207
20
114
105
358
13
250
240
170
670
287
439
23
259
88
175
74
34
59
101
31
123
21
30
129
198
182
29
138
19
655
296
117
114
16
464
321
187
87
25
333
82
277
166
100
49
531
100
58
61
2
86
96
55
392
243
244
234
140
13
3
504
113
31
882
390
128
34
128
17
11
344
278
416
104
229
5
225
198
277
338
245
25
25
154
46
70
184
450
5
35
10
103
1
160
85
228
533
217
294
315
109
276
290
74
177
133
251
80
374
685
366
44
220
321
307
20
208
60
2
60
261
1
160
9
561
62
72
141
116
9
78
312
66
50
89
976
230
21
22
268
43
76
77
38
155
196
107
196
175
122
169
186
30
327
889
108
11
90
101
10
99
87
86
178
9
19
132
486
183
231
59
300
441
426
74
28
544
138
7
327
277
111
104
82
309
233
285
19
94
128
135
129
1
219
91
105
314
346
134
289
885
8
159
13
369
252
104
8
234
222
197
103
184
165
21
118
118
24
51
258
223
14
486
166
257
106
373
163
86
263
43
370
256
70
80
72
219
252
218
123
382
269
37
64
75
20
240
149
19
427
250
18
109
127
122
224
47
86
56
118
56
688
433
7
442
537
487
73
239
194
193
164
237
206
177
92
291
21
265
283
509
33
149
3
334
362
98
288
84
183
694
171
260
152
78
337
326
295
175
664
954
4
63
19
245
218
305
267
175
137
43
505
90
107
531
125
289
39
115
97
50
189
107
152
293
62
262
62
907
753
181
65
79
80
18
102
180
112
197
147
18
10
154
97
9
141
36
128
485
83
330
226
36
41
531
2
12
380
324
10
44
13
37
79
42
350
989
111
67
477
629
595
78
90
234
25
348
187
114
37
186
4
38
97
241
124
366
310
1093
341
242
111
98
417
134
68
314
198
105
244
508
108
175
88
12
439
11
220
304
57
487
304
497
274
220
356
180
528
115
269
252
157
12
59
273
193
256
117
15
236
45
92
411
190
65
35
305
517
136
44
47
69
273
199
202
475
466
598
331
108
764
361
12
55
726
802
226
353
982
33
221
343
248
29
252
138
309
415
239
187
83
119
190
604
9
28
63
259
618
60
158
21
239
30
177
671
4
212
324
100
102
419
632
215
279
78
60
108
349
24
257
502
103
286
263
310
431
306
10
63
92
402
47
134
311
320
176
199
52
467
655
155
1
39
5
239
186
367
146
12
16
171
141
231
591
14
143
239
78
44
491
119
35
132
114
120
109
15
11
758
24
655
49
362
369
236
222
63
4
44
262
122
42
12
102
172
256
454
26
519
94
14
153
5
333
106
14
43
261
72
245
184
204
213
372
46
497
38
110
162
47
131
89
855
302
121
134
22
534
92
605
13
6
39
70
176
64
155
37
59
340
504
896
550
61
102
83
461
45
119
149
170
394
98
16
93
117
271
167
198
59
45
186
7
54
107
69
176
694
90
7
155
284
125
12
61
434
46
109
151
199
120
551
42
29
46
299
224
266
2
33
86
367
237
478
25
523
277
86
73
309
613
36
65
181
162
304
240
457
226
4
8
25
45
83
23
208
329
172
72
40
108
131
74
73
283
470
531
954
60
2
422
18
1090
66
9
82
481
287
49
32
4
69
249
154
343
29
440
137
221
331
2
65
54
140
101
262
430
388
116
70
22
150
66
233
283
80
295
656
85
74
195
604
3
187
43
269
146
114
519
56
387
6
430
132
349
450
85
224
36
57
591
217
156
429
79
449
21
127
256
110
290
122
170
21
13
163
122
154
181
17
122
488
6
1078
94
54
203
10
265
34
66
294
23
456
507
295
225
127
130
17
142
199
37
611
166
376
28
593
346
251
121
197
168
2
116
247
60
543
50
15
758
217
143
87
487
293
236
187
365
206
574
285
18
129
211
63
559
506
321
336
646
6
175
85
41
138
547
93
219
592
48
312
84
35
258
27
240
3
99
148
36
25
31
79
279
328
102
181
428
144
55
102
421
43
170
53
17
339
641
107
13
192
85
283
543
16
99
119
33
81
210
93
372
14
76
336
33
120
234
358
110
69
46
36
528
459
21
1286
403
405
158
129
63
57
120
54
244
74
164
448
68
105
44
258
496
28
68
131
61
45
467
190
114
95
12
323
332
334
535
16
2
6
79
110
115
25
120
49
119
49
443
60
132
419
379
410
61
105
134
316
111
335
141
65
200
96
270
47
165
162
575
188
321
30
145
84
15
127
90
101
324
207
198
161
119
88
149
344
184
133
545
121
74
4
13
442
172
92
323
143
168
258
20
127
100
142
546
151
4
146
68
45
58
438
188
2
55
110
52
72
142
105
56
91
523
146
51
54
223
418
94
10
164
437
115
56
299
503
1039
142
125
118
114
293
26
258
63
16
61
197
13
283
99
231
192
215
208
726
270
330
37
487
42
94
186
172
26
53
306
195
239
4
582
103
21
665
172
100
201
110
58
134
49
87
141
73
393
230
38
5
124
357
33
605
170
64
26
70
98
126
20
81
205
3
83
143
221
91
202
184
79
549
71
137
883
720
600
251
91
2
158
64
77
57
166
555
116
271
409
145
170
232
51
54
4
225
391
386
200
63
34
151
164
258
360
21
282
50
223
364
26
108
37
70
85
244
40
67
72
988
611
225
22
88
157
895
187
101
16
138
167
234
360
350
31
24
203
261
1070
107
121
14
244
489
293
197
219
176
195
412
62
125
340
41
142
209
60
251
316
310
451
124
31
91
50
187
129
204
346
298
66
182
527
58
71
257
114
304
138
791
90
11
7
326
59
109
102
127
111
2
159
233
169
270
26
275
241
121
162
16
386
184
63
149
169
258
220
68
174
55
34
245
243
207
436
438
101
263
134
115
541
515
115
32
237
72
93
2
141
110
708
100
155
154
255
225
238
66
39
63
764
120
9
70
325
543
257
328
257
113
173
430
151
1294
193
113
47
16
360
10
251
8
479
320
6
430
134
57
127
41
304
157
270
350
217
933
216
228
4
403
12
325
170
404
314
52
375
7
100
665
167
124
56
67
31
247
334
477
146
33
446
38
7
48
77
282
185
294
25
23
377
183
166
22
123
36
33
18
128
215
422
362
243
178
390
197
10
286
262
376
373
5
342
116
16
179
145
180
163
77
384
477
422
276
279
158
79
61
425
137
113
54
201
152
131
129
36
911
175
334
666
477
186
48
561
215
210
49
127
215
72
10
104
57
93
66
130
80
86
95
19
409
61
482
708
387
51
430
191
298
74
546
9
62
5
318
314
714
18
369
221
57
250
15
31
283
41
96
538
187
324
115
272
18
20
10
161
177
89
73
140
373
96
111
349
13
109
164
283
852
72
117
569
193
286
57
65
153
286
121
217
143
12
20
204
131
206
51
94
126
102
548
677
154
155
318
153
105
47
3
12
301
352
48
125
1
141
29
417
33
33
25
160
29
168
249
111
404
54
57
309
48
597
244
896
211
27
299
254
97
450
97
288
447
296
163
278
180
22
2
368
208
804
48
346
156
446
96
179
150
295
29
130
141
254
58
101
125
16
77
67
9
18
191
308
85
370
23
218
165
327
419
505
149
136
325
11
293
228
470
127
47
287
27
130
1103
140
546
389
250
493
177
129
103
126
94
423
193
83
252
106
9
615
123
244
286
140
36
35
341
223
330
55
27
72
227
37
73
42
361
434
188
289
729
411
119
362
9
207
219
34
119
153
30
860
42
199
321
113
313
102
217
242
81
515
676
17
128
61
4
288
277
365
356
83
18
107
30
16
260
149
470
304
177
533
516
114
52
724
161
69
103
93
55
242
117
98
438
97
101
355
240
73
44
499
150
573
271
93
100
34
56
329
52
71
204
362
117
511
120
394
104
229
530
7
123
236
339
81
144
20
169
66
405
782
104
37
75
133
929
91
23
32
30
194
928
95
80
354
240
37
120
60
46
330
150
218
44
314
384
77
543
225
78
90
5
13
82
129
62
122
20
89
32
50
216
563
5
70
182
360
226
841
156
712
63
124
168
470
73
48
223
269
249
46
47
38
196
466
214
171
599
594
152
213
83
196
317
176
192
477
186
26
79
66
281
216
99
6
206
265
180
59
23
361
419
81
1069
32
23
643
287
8
97
207
2
477
132
253
54
49
155
226
263
70
163
10
368
344
343
133
163
128
377
78
254
235
527
76
225
15
413
302
286
69
12
346
114
24
86
569
101
83
5
211
172
75
60
99
64
315
68
106
84
307
344
463
300
53
358
1
121
15
69
1298
131
180
528
87
603
183
223
363
107
73
294
130
620
130
68
133
53
289
844
706
57
229
54
174
65
53
6
362
281
193
240
88
128
11
113
239
498
12
35
7
29
72
600
99
471
111
125
194
200
287
172
525
263
146
301
9
520
72
108
377
52
151
104
225
1239
194
122
495
472
141
133
61
29
94
46
50
229
32
174
37
20
216
43
203
133
849
24
11
35
466
94
221
267
624
230
425
10
19
94
218
248
77
70
83
242
101
204
101
282
693
101
183
674
39
114
10
105
29
392
133
27
83
271
147
90
104
304
866
78
22
4
41
84
46
44
39
372
20
356
555
343
168
206
128
74
400
93
239
194
82
195
70
235
281
358
49
105
255
485
22
56
30
236
76
8
51
296
309
69
8
352
122
310
635
4
118
473
30
154
261
126
81
658
156
117
31
111
38
99
19
60
114
605
147
37
135
55
296
171
63
134
202
31
35
308
140
41
62
60
55
575
409
141
41
108
93
231
80
295
98
11
10
694
64
75
110
233
270
194
182
25
340
182
32
284
375
36
475
305
304
175
60
14
119
144
76
133
5
118
1619
176
122
87
128
37
2
459
389
633
231
14
307
442
256
140
221
28
489
134
50
107
522
344
29
370
94
134
131
205
363
125
224
11
173
124
174
558
29
3
229
35
154
232
291
86
91
333
32
38
86
158
352
212
265
197
207
236
36
207
307
78
56
46
250
354
152
303
559
84
49
221
182
564
22
324
77
501
51
366
91
65
262
84
129
9
79
95
107
137
511
109
225
558
284
370
80
9
240
507
122
104
546
185
32
108
312
636
163
934
400
198
616
73
54
21
54
19
513
37
468
184
86
124
567
407
1
67
171
66
11
252
96
26
11
62
255
37
179
502
591
528
624
553
99
174
203
60
154
64
363
334
113
352
265
208
255
123
236
31
85
186
34
49
75
120
112
359
160
59
21
218
71
13
59
56
943
463
70
131
31
10
129
366
32
126
679
13
134
5
196
282
96
159
37
237
41
81
3
44
248
44
134
100
279
236
188
270
501
151
36
208
37
344
81
140
10
63
150
5
14
378
242
40
61
23
372
203
68
216
387
666
27
788
158
149
331
19
676
85
39
45
321
386
14
843
2
294
716
125
133
10
196
41
486
42
110
279
153
279
56
75
21
126
160
15
203
238
73
132
91
236
192
24
84
110
201
447
42
81
190
274
145
445
220
59
85
64
28
108
39
686
5
26
699
277
183
102
262
290
110
18
556
29
536
565
152
431
3
402
209
179
137
65
411
146
11
57
39
208
138
141
74
112
556
445
325
175
255
88
96
328
230
14
484
267
214
345
240
1093
238
44
63
227
992
233
108
24
705
77
230
55
134
445
12
138
211
105
4
119
48
328
270
24
642
172
186
70
39
91
294
263
141
32
4
114
78
17
180
15
694
185
53
243
461
508
31
284
36
106
28
159
47
19
163
44
125
256
114
76
247
208
62
66
193
576
633
111
157
4
119
5
531
43
66
103
97
104
433
3
342
191
275
331
234
2
38
310
278
176
464
6
79
48
70
12
160
309
56
529
164
159
191
328
17
34
97
111
112
193
43
66
74
241
171
409
134
363
144
366
256
49
191
94
562
16
168
233
36
369
27
601
26
38
79
131
1061
148
42
171
91
76
168
322
216
78
104
20
63
75
24
147
194
200
62
5
73
256
97
5
219
56
570
47
335
399
104
79
178
71
117
95
93
248
24
7
60
20
29
163
159
208
18
48
7
344
206
88
5
22
203
28
183
21
30
30
17
15
63
358
26
120
761
17
127
136
143
209
337
189
271
12
229
145
34
151
450
268
199
128
153
202
340
70
393
131
55
460
43
243
524
258
43
514
258
201
150
336
11
159
103
112
74
24
407
15
194
69
130
74
46
45
27
48
1
4
231
111
417
92
66
31
903
534
277
197
244
261
58
72
192
369
110
15
1
616
35
511
99
157
103
111
114
16
532
43
414
7
211
596
287
30
73
56
212
187
19
115
8
285
43
9
224
402
198
7
20
156
114
35
629
159
197
597
131
88
506
103
238
63
232
6
248
147
16
77
247
27
368
44
526
374
275
185
69
38
25
302
561
156
114
82
107
308
124
250
187
4
492
29
81
448
11
191
197
160
59
36
158
15
847
259
233
347
35
3
27
149
80
272
951
86
259
128
116
630
164
146
36
286
172
34
56
68
91
194
144
748
81
6
31
60
372
329
249
57
142
292
114
502
9
79
319
16
267
12
75
792
475
28
178
1206
105
241
129
10
173
543
124
63
212
203
16
251
17
43
135
100
256
363
13
165
99
451
1124
158
259
12
471
1039
377
66
113
397
286
126
225
907
878
105
215
192
103
43
142
232
247
186
190
59
171
215
121
418
364
314
79
74
325
443
229
88
13
231
76
47
352
199
17
33
55
402
98
522
187
86
46
204
17
264
283
155
227
29
205
143
45
78
188
201
497
125
241
202
171
3
719
186
208
350
147
310
77
21
4
347
31
55
147
60
436
54
238
229
136
205
59
80
203
287
294
140
398
30
190
199
279
482
50
84
21
36
110
93
160
408
5
211
256
127
104
118
39
270
70
352
78
4
145
107
210
89
347
193
66
279
219
87
75
858
738
112
466
51
329
180
191
471
676
130
479
22
101
78
80
373
146
377
75
173
55
14
18
78
424
105
211
186
239
7
73
347
56
179
201
9
68
91
150
469
139
16
23
228
203
53
16
25
108
80
119
22
363
324
27
359
31
2
72
128
31
26
29
706
27
65
241
32
14
340
209
153
95
621
166
47
386
261
134
18
31
171
169
366
75
92
75
11
470
67
102
179
6
68
157
586
335
210
89
143
594
71
229
112
115
81
92
35
94
181
784
58
534
188
87
141
61
253
147
19
165
329
639
224
701
107
195
55
184
181
245
177
80
94
226
44
194
31
124
131
24
350
76
20
27
39
76
68
423
6
666
8
179
427
365
457
43
191
320
72
408
250
234
71
43
356
6
103
626
10
191
176
173
204
178
10
33
267
351
367
585
238
49
607
172
148
268
486
137
48
378
165
20
79
20
8
26
224
126
181
170
109
123
87
427
126
60
147
152
128
20
68
371
81
39
396
42
125
46
356
67
273
445
105
377
128
159
213
69
27
16
67
230
88
121
28
255
649
23
450
430
67
37
51
157
297
22
286
43
35
194
55
163
791
100
47
314
483
151
132
128
199
66
582
185
219
489
273
97
1106
63
145
504
306
592
245
188
15
179
190
117
303
51
43
457
461
34
69
230
26
88
76
6
374
375
7
268
432
937
131
288
217
52
238
117
75
38
63
46
134
171
86
457
50
19
48
137
243
79
612
94
71
42
109
488
213
431
620
178
61
231
19
82
63
324
256
87
520
111
474
17
148
84
407
185
19
29
68
27
328
104
126
334
87
7
149
228
34
378
22
275
293
361
328
39
84
35
372
203
101
29
19
178
418
146
10
240
253
27
418
34
377
52
14
7
514
265
358
128
215
155
357
460
19
28
77
606
198
329
68
98
50
169
282
219
131
15
254
109
33
218
485
162
232
758
649
37
90
952
4
6
246
21
125
355
203
20
310
517
21
183
55
302
185
374
74
374
129
77
236
19
34
47
311
420
100
39
78
119
267
84
49
228
12
2
68
106
152
22
380
599
530
265
389
19
131
515
193
61
53
492
273
30
48
11
94
66
62
237
70
42
367
35
8
87
224
23
167
190
194
94
186
130
151
278
64
226
138
186
7
201
79
400
193
15
153
79
1
141
334
273
897
327
40
226
164
167
282
164
150
137
125
668
194
159
147
154
173
3
6
154
89
65
164
144
6
140
8
5
130
445
291
428
134
328
802
629
79
113
249
437
93
49
86
305
539
321
270
76
371
206
34
47
424
22
625
160
215
30
91
642
15
95
17
2
365
315
44
489
87
214
38
605
61
5
64
170
11
124
58
217
21
50
229
596
85
192
281
2
35
293
417
334
147
133
499
92
13
123
131
72
26
157
843
626
82
62
619
523
600
89
79
136
86
134
29
574
685
486
106
60
32
68
211
20
9
82
222
158
32
182
51
254
175
827
50
120
240
94
360
67
16
472
126
14
167
65
283
47
116
230
185
6
49
229
134
34
74
209
567
130
9
18
151
189
36
127
34
80
110
425
15
494
82
26
99
810
232
147
143
190
480
48
52
97
501
5
461
46
127
259
164
114
225
459
49
62
273
16
73
343
160
107
153
604
25
184
5
44
194
55
16
394
2
96
100
258
306
134
27
66
31
128
166
7
571
25
345
331
235
133
98
144
19
233
345
88
62
160
150
907
57
160
381
142
343
216
116
330
73
83
26
65
106
98
50
56
244
440
188
50
349
661
85
79
5
146
57
557
22
286
63
1
107
220
619
591
490
25
483
261
590
548
160
509
352
162
2
92
314
133
160
76
119
94
83
149
70
331
372
88
108
193
366
48
544
443
51
111
76
105
175
516
31
264
333
316
108
216
197
12
1
58
85
280
77
39
275
258
348
165
90
22
125
22
11
567
180
195
48
4
150
313
117
40
69
65
3
75
220
782
1118
73
23
201
106
10
223
107
38
423
138
402
62
147
694
313
524
385
31
87
44
214
144
24
240
194
289
46
807
269
155
98
59
119
369
38
415
154
48
268
112
68
37
489
278
317
28
375
254
647
72
220
37
24
247
333
300
254
459
59
63
41
123
85
284
37
488
136
180
110
22
97
161
179
214
818
255
628
183
7
441
191
288
56
363
1421
5
513
78
68
1
58
31
181
80
486
17
136
1008
81
29
269
989
41
320
298
284
120
323
421
147
245
27
144
42
392
203
301
350
17
45
132
88
25
174
292
144
270
4
309
261
140
314
92
841
166
205
38
53
307
82
65
133
336
79
238
44
95
252
277
660
139
136
330
44
407
69
84
369
16
172
290
262
506
170
7
215
156
293
120
329
158
99
247
169
458
192
159
101
286
565
13
273
1
139
24
271
192
238
321
196
283
1007
133
172
181
45
71
12
262
21
200
40
99
274
175
73
21
82
319
84
13
459
241
598
985
272
172
39
164
553
125
199
50
253
85
343
196
28
175
236
83
280
17
5
15
463
32
243
31
9
146
171
113
454
140
353
131
650
269
207
1159
416
142
22
134
108
19
760
46
145
30
162
37
19
136
664
111
17
134
54
88
147
26
180
24
628
32
21
13
24
130
64
77
19
572
274
41
771
330
155
198
57
13
19
187
218
510
190
102
49
157
380
211
283
93
407
114
346
33
573
508
94
3
32
2
413
198
272
149
143
529
616
64
516
72
51
210
63
287
156
3
672
20
628
158
730
93
373
355
627
430
5
382
31
466
79
208
57
61
271
76
82
52
212
191
409
205
83
416
483
274
68
103
247
285
116
32
186
166
525
349
155
160
121
52
5
13
359
461
583
99
387
625
1187
350
6
52
27
249
71
123
332
620
92
300
155
2
207
31
72
272
137
7
126
47
361
6
393
269
220
155
110
103
222
119
61
41
116
297
118
874
113
38
105
335
60
121
63
34
100
363
556
9
452
37
90
274
52
329
240
152
310
109
379
150
55
95
22
23
50
2
74
310
150
94
92
19
104
363
112
85
736
24
185
569
117
7
163
481
35
265
333
95
28
136
26
373
18
532
262
278
219
310
486
64
383
6
168
436
52
112
63
174
32
119
186
61
109
149
23
67
197
164
231
164
180
333
366
64
45
425
162
185
10
11
38
120
31
226
23
221
24
342
289
244
28
502
129
37
17
202
314
69
21
200
6
243
10
143
84
172
8
184
49
140
186
372
251
37
183
127
71
53
106
240
183
102
194
43
628
38
208
120
21
46
146
444
294
305
82
350
223
90
153
12
170
201
155
70
462
26
440
31
231
252
119
374
40
44
305
152
4
27
74
33
56
30
66
413
11
23
60
19
182
16
18
326
239
147
6
198
320
370
34
6
4
189
145
30
201
127
57
310
369
51
50
3
34
12
62
245
55
83
181
250
185
4
160
1079
430
6
48
37
44
252
2
11
63
272
409
155
325
113
24
107
357
2
146
101
131
281
335
24
499
131
19
50
443
80
64
96
208
94
47
78
185
665
146
264
201
68
275
25
59
31
604
120
189
91
69
290
178
427
266
106
431
409
123
50
98
821
10
69
250
24
19
187
57
214
54
41
148
287
84
5
62
143
322
154
4
148
188
225
168
529
75
141
36
46
96
106
262
336
34
221
8
32
490
192
16
244
38
24
165
6
341
143
369
67
36
457
24
11
141
297
51
53
70
469
883
144
143
179
66
133
82
8
306
251
237
11
278
399
335
341
184
68
76
507
242
10
4
91
38
408
773
323
16
642
450
244
345
39
125
212
26
145
313
145
84
105
109
238
214
265
23
44
248
19
550
236
66
56
332
86
237
54
2
181
94
31
326
181
83
475
358
173
9
60
47
342
78
35
9
114
454
283
132
266
38
81
281
88
267
32
120
396
101
278
148
18
16
205
39
398
115
300
39
119
166
494
260
60
156
55
137
56
69
50
343
145
136
56
334
153
585
425
77
144
47
91
117
70
392
36
200
98
51
42
3
112
509
152
700
265
11
63
217
43
96
59
132
48
101
105
25
591
141
107
63
139
69
91
203
82
28
62
63
203
8
459
370
313
15
1144
4
271
23
48
106
118
110
362
70
21
347
277
211
106
258
163
193
191
2
99
635
111
1491
84
207
230
113
1
28
442
228
9
112
94
43
94
169
60
101
303
162
7
547
153
90
348
202
642
34
56
603
108
50
402
74
200
313
41
38
539
73
41
32
56
50
74
3
105
563
863
977
277
5
127
24
93
37
43
965
27
29
92
543
289
46
12
190
50
46
99
57
130
296
48
170
4
427
350
131
72
69
16
200
58
555
126
604
50
594
186
61
99
67
165
803
22
219
133
41
7
387
33
403
289
455
194
315
201
95
319
264
101
88
12
119
200
1159
220
64
94
167
59
201
575
318
895
84
115
78
271
4
370
40
476
123
61
5
31
88
44
29
232
28
94
369
168
68
18
94
73
23
130
361
108
3
336
82
108
132
27
407
140
345
62
17
238
219
306
120
184
148
212
11
161
56
60
111
82
259
210
245
48
250
147
162
127
6
411
7
44
18
397
658
158
6
282
539
32
87
134
124
514
66
325
135
10
406
110
276
40
11
47
22
341
166
349
132
421
4
361
133
65
10
234
53
263
312
193
173
129
184
420
72
27
82
67
69
107
4
169
110
3
65
130
30
31
87
15
85
47
11
62
292
46
140
907
63
6
697
1
81
140
251
319
40
75
23
172
278
137
512
291
7
370
27
7
395
312
821
65
375
25
486
167
107
24
305
136
208
131
34
450
679
204
48
115
66
232
269
2
208
258
7
105
26
296
8
67
308
747
181
318
209
86
20
807
113
263
120
63
444
57
214
28
267
438
360
80
280
159
20
275
50
28
4
55
48
1037
42
133
449
139
151
83
99
277
346
188
71
98
67
268
143
165
136
97
89
374
155
86
256
68
271
329
39
79
286
85
310
322
123
266
204
279
89
619
222
60
7
96
610
1001
66
213
722
288
105
40
4
244
139
254
64
98
877
10
238
153
94
35
74
169
119
782
562
258
398
7
14
469
97
16
335
14
211
27
255
67
396
430
93
57
25
1
125
111
375
36
112
164
39
123
44
304
130
2
42
1083
11
75
26
336
57
76
284
247
362
181
36
205
8
242
156
385
1040
23
77
15
11
246
134
328
253
90
376
1
178
117
55
273
32
409
83
46
255
169
30
194
133
387
224
122
363
233
26
138
744
68
361
20
13
13
123
63
283
79
194
464
156
289
110
268
179
29
47
98
192
32
299
20
128
9
185
116
413
267
37
273
23
29
745
87
9
125
100
154
65
36
376
53
330
69
152
83
9
398
37
294
127
46
613
3
433
200
62
100
133
179
49
280
218
179
224
320
440
828
339
315
129
5
352
376
178
40
356
141
97
39
204
382
150
264
113
398
8
119
576
49
259
357
62
65
28
555
354
130
48
158
253
338
294
102
356
235
319
117
12
310
249
150
2
52
284
173
114
251
120
212
446
467
94
438
302
220
48
325
75
152
83
483
163
736
324
28
20
325
14
510
105
80
85
249
198
174
385
112
213
54
419
286
81
154
497
7
239
391
366
34
651
43
77
233
62
54
112
99
342
76
278
77
163
408
340
413
344
238
50
328
60
234
66
195
120
71
169
94
110
100
35
75
176
314
490
79
54
35
254
249
41
122
504
36
205
269
432
138
424
118
799
19
415
527
374
114
106
123
62
422
355
100
152
521
631
277
191
26
81
441
701
654
82
156
90
365
63
399
147
108
14
322
827
136
186
104
738
269
83
98
208
85
61
175
156
1
349
173
195
48
455
40
238
88
95
884
178
169
147
289
498
325
187
344
313
16
4
35
69
109
81
156
18
110
152
67
900
440
462
446
392
172
262
92
196
118
101
73
348
111
554
160
133
38
241
219
229
274
33
349
201
245
120
131
220
181
490
101
453
64
403
100
688
10
22
98
247
29
116
19
4
76
154
538
384
99
145
174
216
57
142
204
14
37
266
376
45
46
36
114
139
41
94
410
74
69
282
289
25
216
150
8
356
1066
322
47
411
212
41
484
118
38
15
110
389
257
41
98
46
109
136
133
61
1
10
51
635
343
459
194
53
193
207
566
210
14
228
64
187
146
335
20
128
632
66
179
144
199
296
550
514
63
178
57
385
119
125
114
252
970
48
221
220
554
276
228
171
705
182
192
84
410
129
218
464
426
10
35
272
136
115
110
78
190
189
1
39
175
43
173
21
2
370
50
56
446
288
53
112
1060
117
77
177
611
48
55
188
14
282
262
133
60
19
407
17
36
40
200
82
340
280
354
83
495
104
38
1
22
175
220
277
64
169
12
13
84
7
157
41
130
59
140
446
49
185
101
179
127
98
186
222
467
207
121
101
183
833
6
48
151
14
32
319
295
331
20
246
648
506
98
589
528
401
64
82
1567
353
47
781
532
317
924
263
547
79
327
545
315
29
406
86
131
11
532
159
76
122
72
233
17
342
224
521
15
94
110
104
179
174
190
17
307
114
119
68
87
53
84
87
15
421
97
25
186
80
93
241
166
65
29
96
73
209
105
411
104
8
544
481
75
205
2
119
25
326
52
80
557
290
187
283
387
245
379
112
454
224
480
219
5
139
203
98
181
69
228
59
63
174
97
422
346
289
440
89
385
408
40
14
342
70
56
750
105
172
29
112
238
341
19
173
9
354
124
146
57
184
227
61
378
45
542
164
30
223
363
323
292
15
274
497
126
34
851
165
363
501
245
126
228
128
155
70
339
115
366
338
466
104
230
324
39
161
87
108
189
11
153
135
128
74
638
153
236
216
216
299
20
199
193
27
418
74
855
95
96
654
187
152
160
135
15
139
26
299
867
29
553
167
279
389
111
637
120
304
214
18
42
186
697
17
151
42
213
693
59
27
190
144
42
31
147
194
73
241
103
126
315
190
35
368
89
10
540
399
116
269
392
220
177
279
23
20
228
226
259
15
58
156
56
218
186
82
132
149
620
125
173
240
75
770
214
128
75
543
30
82
274
247
32
198
663
206
840
835
485
342
32
42
883
88
360
124
126
5
122
461
224
172
11
1
227
170
36
6
222
21
7
34
300
48
247
32
148
108
538
148
215
14
77
410
167
3
324
110
773
83
323
107
47
154
16
100
195
596
276
8
174
380
120
167
154
869
17
94
164
533
25
574
581
17
814
207
40
225
102
151
586
198
51
242
105
167
268
83
128
443
352
1
67
48
14
69
195
966
29
114
125
293
161
655
101
285
53
898
26
53
260
53
287
122
298
91
46
183
731
310
30
100
36
104
25
517
104
145
52
104
19
106
257
52
21
282
51
45
135
91
290
66
261
121
107
189
371
793
199
71
166
33
30
222
385
224
141
121
351
444
29
192
145
91
484
77
120
712
54
266
155
43
181
32
42
174
132
21
37
19
333
7
28
75
172
35
87
50
765
741
158
159
255
57
77
77
242
305
34
259
359
468
136
405
39
398
271
129
31
30
346
45
670
461
30
192
33
143
117
112
33
100
190
15
648
26
275
63
394
15
187
184
4
127
342
280
39
44
391
123
37
39
55
317
104
251
458
439
33
182
62
203
263
78
508
150
110
71
103
40
57
89
6
213
93
107
77
40
87
192
390
81
499
410
39
77
154
2
168
107
127
143
70
36
149
21
49
118
61
10
49
805
333
153
141
104
18
543
32
117
162
79
466
88
86
22
280
42
392
7
30
601
174
163
88
70
114
303
16
346
54
380
131
174
185
47
592
373
525
121
317
337
259
54
1248
62
3
716
110
315
678
278
123
256
166
63
190
66
117
30
533
28
235
110
336
367
286
247
27
114
65
186
21
152
479
782
1009
61
12
316
760
132
158
390
47
110
18
99
171
84
207
222
11
71
167
234
43
185
147
18
207
22
20
57
57
322
54
486
175
4
48
22
168
175
96
285
508
49
103
433
20
224
48
175
162
267
102
316
520
226
47
22
620
56
557
122
280
315
530
22
72
222
339
214
224
98
83
174
677
266
93
566
93
112
111
331
101
77
77
22
225
360
56
58
87
258
653
149
137
213
76
83
151
352
315
111
28
33
101
36
165
16
119
645
578
267
209
1204
96
97
9
43
117
347
32
259
721
426
483
655
231
138
322
29
137
168
217
186
23
22
189
16
292
335
220
167
241
238
83
146
34
274
450
413
169
89
149
122
323
146
27
141
414
103
454
249
61
115
153
185
26
119
31
181
134
782
221
181
398
93
12
121
46
232
302
35
278
25
17
17
217
470
153
21
680
108
47
4
272
119
25
11
8
86
54
259
127
18
230
23
2
315
117
189
407
599
45
70
3
281
189
638
52
307
223
491
47
165
110
256
238
18
251
318
12
563
54
42
73
22
153
98
11
684
57
145
78
284
60
262
270
439
2
38
2
91
212
83
40
345
82
46
253
71
49
474
262
80
175
107
113
131
203
509
58
402
71
106
177
317
205
32
209
24
58
145
89
79
44
769
341
34
347
166
59
142
25
221
595
176
327
167
27
27
2
114
47
112
152
59
150
49
201
117
322
734
110
142
133
338
187
215
101
133
405
197
178
187
134
176
599
279
151
146
142
111
58
386
416
165
685
264
383
207
26
258
187
2
234
96
113
119
311
110
154
244
154
529
385
602
3
96
75
366
128
400
159
51
164
83
155
32
257
55
25
39
166
81
342
247
78
20
18
74
55
152
44
226
1023
264
5
92
632
1083
645
352
118
504
12
374
263
60
361
6
2
453
249
91
8
332
152
154
226
75
39
598
9
127
231
53
138
3
500
34
42
181
35
219
89
251
234
16
34
45
271
4
28
155
425
58
45
543
41
513
47
113
67
101
439
540
212
37
102
126
44
15
35
162
149
62
47
1758
560
38
325
756
175
470
133
255
246
78
73
235
165
64
124
166
348
30
11
371
20
60
31
143
91
88
507
129
2
147
19
57
33
393
60
192
4
117
167
253
25
162
45
69
309
613
17
153
14
29
103
83
84
53
63
64
298
246
26
38
474
65
41
205
143
81
229
92
14
85
620
148
432
96
78
34
81
73
314
443
24
331
103
295
18
325
104
188
192
71
920
228
401
90
306
19
9
59
364
235
15
75
82
374
195
245
249
545
3
201
113
464
488
14
25
254
84
205
67
19
523
289
92
60
407
167
59
50
197
279
17
64
267
1085
131
26
312
470
1080
135
848
49
489
161
62
64
42
736
134
100
257
2
178
49
225
94
58
210
14
95
720
114
90
4
22
6
59
136
234
343
101
473
280
71
61
157
332
60
413
161
53
219
202
92
79
54
542
258
226
84
309
195
208
90
51
10
159
1
194
359
127
287
261
132
35
19
172
72
5
79
2
229
197
9
7
454
244
391
282
50
38
84
14
269
10
16
319
242
329
132
200
260
25
143
104
270
101
301
14
660
55
59
4
335
17
16
2
9
30
186
86
884
20
77
213
52
111
177
341
156
599
2
115
131
125
76
111
109
951
143
6
100
193
65
565
191
80
66
288
708
430
123
143
96
32
465
102
73
413
91
188
83
100
16
65
25
43
446
99
130
351
106
380
37
40
23
100
726
126
31
176
166
8
409
203
634
97
241
53
491
79
88
19
21
449
35
134
96
342
113
135
19
26
166
4
177
301
514
178
1189
505
26
388
111
158
286
253
144
42
68
42
247
164
710
290
7
164
242
139
262
251
175
142
210
116
6
23
218
25
94
82
3
126
204
11
411
43
146
81
10
74
45
100
14
45
20
275
171
356
23
363
86
18
128
350
298
233
354
314
30
267
170
8
163
52
19
274
591
188
1
215
307
335
601
13
17
248
16
263
95
141
283
25
29
775
237
107
71
26
666
361
122
6
22
236
102
216
363
183
106
64
155
125
37
28
5
142
165
104
266
3
76
249
1083
9
244
71
74
366
62
80
101
21
318
52
5
432
146
171
47
92
267
137
518
24
387
6
391
30
10
115
89
129
129
540
30
113
102
305
372
61
622
59
12
153
11
104
381
323
24
26
142
472
27
118
111
164
262
193
421
120
305
325
242
184
38
895
128
37
63
3
72
114
382
41
371
42
349
132
174
49
184
312
1406
35
133
27
293
88
437
87
126
9
270
85
972
125
524
10
57
59
19
108
32
244
218
268
201
45
120
51
221
141
196
110
510
36
121
97
36
209
209
7
755
182
189
276
514
263
136
190
229
296
89
62
77
3
77
440
60
326
752
54
10
199
8
45
132
11
97
495
64
38
157
320
265
452
318
157
215
218
356
157
698
463
66
226
50
456
634
611
152
80
37
675
23
32
483
207
382
11
85
60
56
60
81
30
6
339
111
21
352
25
28
7
63
492
312
187
257
133
598
177
52
45
142
251
256
48
157
198
39
132
28
312
229
363
843
420
26
79
84
202
153
156
310
197
248
40
154
393
39
137
417
314
18
515
46
192
51
168
119
91
169
284
55
267
216
110
239
44
55
132
23
48
84
761
113
46
98
35
432
17
96
57
154
490
350
25
39
214
107
163
87
104
23
98
480
37
262
29
416
187
176
120
2
265
70
14
452
1046
91
103
515
285
198
211
613
206
28
131
14
215
167
24
46
212
372
700
18
907
463
221
33
715
78
128
9
584
450
6
57
171
226
164
123
52
215
47
91
2
208
333
53
70
109
282
40
87
318
46
110
662
216
82
94
138
177
448
520
117
26
240
281
383
79
94
3
222
237
4
52
100
1121
1136
284
15
42
191
218
19
597
412
76
233
626
5
189
263
132
34
22
215
107
134
513
20
68
230
357
21
109
297
50
143
293
5
116
88
159
103
60
320
61
397
396
186
48
52
32
167
18
304
260
409
233
106
126
461
136
107
415
98
934
282
55
113
148
707
311
84
208
110
315
278
214
33
430
1513
77
5
133
54
113
103
225
46
79
15
76
50
394
177
346
55
7
372
100
164
302
2
10
16
21
175
74
168
6
326
504
2
198
18
87
78
153
265
156
196
39
220
197
83
61
79
16
46
200
144
4
208
8
103
36
119
887
95
15
48
54
896
52
182
714
232
234
275
94
178
204
570
164
1008
294
451
159
359
276
232
88
350
221
313
284
143
334
42
411
452
163
904
24
653
311
179
208
234
213
303
458
416
1
334
61
115
83
405
152
110
228
503
53
118
24
112
95
308
98
413
294
344
127
160
123
16
70
209
107
160
200
7
5
179
95
263
156
738
30
173
1039
132
112
917
286
196
81
85
70
299
972
512
39
113
259
437
9
296
36
65
142
78
49
123
203
353
54
9
26
41
44
235
237
144
61
349
477
47
158
220
420
26
125
184
9
180
125
84
183
180
149
347
199
206
52
88
178
301
291
521
45
53
291
49
86
20
40
44
24
205
39
396
126
163
85
3
330
300
9
178
361
37
54
132
600
283
239
91
245
253
418
108
114
421
74
142
209
480
435
253
64
623
399
275
93
475
464
25
90
8
7
216
111
52
399
70
24
136
431
129
301
5
43
98
650
131
142
61
58
262
342
376
295
305
131
130
398
21
26
237
16
6
52
505
3
178
241
29
50
65
61
4
167
36
12
160
96
821
62
146
311
110
27
441
118
84
22
164
43
31
246
101
300
1041
207
18
48
37
280
260
378
28
147
216
320
242
151
127
283
546
247
219
386
596
221
925
187
120
8
359
168
32
17
238
299
300
143
47
183
687
277
207
10
217
169
111
39
69
103
159
200
127
39
112
3
91
9
30
8
147
321
136
38
78
98
515
369
330
65
234
260
20
30
70
81
17
156
224
90
231
37
7
3
76
51
419
325
336
158
38
811
162
28
14
35
628
131
58
49
25
190
64
25
270
17
549
231
42
307
23
961
257
10
3
93
322
199
114
256
156
47
285
36
32
891
114
210
118
566
232
188
77
104
11
57
44
123
220
162
95
401
300
224
85
754
113
213
364
101
380
56
429
293
112
290
136
160
339
261
64
15
19
45
200
286
120
173
371
421
113
398
203
169
16
756
174
193
13
65
573
265
54
327
63
235
158
117
94
48
299
122
3
427
36
200
402
1
57
154
35
216
3
1
160
462
265
118
163
86
148
24
50
17
8
343
50
34
76
77
38
175
50
387
83
24
119
6
110
226
164
145
249
371
10
351
69
18
365
178
135
59
69
147
92
18
9
218
87
13
313
865
390
139
103
516
4
48
82
657
70
158
381
411
37
42
1
220
197
165
333
436
236
34
221
76
226
195
97
229
96
5
408
142
1194
3
500
197
480
89
12
138
16
178
529
570
66
37
45
76
507
988
108
309
170
174
336
307
8
306
158
43
23
97
70
107
279
101
245
443
665
116
232
34
586
2
570
5
470
796
327
8
29
60
293
245
197
305
256
232
517
417
86
129
112
43
206
241
413
29
10
195
53
14
32
508
232
49
98
98
838
157
342
168
336
123
78
6
120
262
55
57
109
112
613
308
83
52
85
362
248
543
170
233
374
168
45
60
217
393
20
62
165
134
20
23
22
471
412
24
262
24
9
34
41
42
416
85
510
793
224
284
46
259
58
527
10
946
121
21
370
312
59
400
287
37
77
79
274
30
167
64
57
81
222
175
131
26
667
84
90
218
272
410
435
211
100
33
36
22
89
355
307
18
98
90
340
209
7
91
14
486
434
333
419
147
134
34
37
105
109
560
519
47
144
10
442
17
216
28
189
99
47
80
204
7
90
462
10
259
193
353
1076
45
218
796
177
146
252
707
234
122
303
61
825
60
304
201
550
177
11
190
482
11
31
507
34
32
100
180
397
473
71
320
11
43
15
4
116
439
107
186
20
435
536
104
1151
42
45
115
84
774
503
75
221
4
31
108
220
36
7
146
297
108
30
340
85
72
199
24
180
498
134
19
3
155
22
114
147
17
59
268
3
65
580
474
178
512
8
18
24
6
42
258
96
46
12
463
176
35
44
114
70
185
228
552
227
128
397
98
45
272
67
68
123
252
37
11
127
28
135
219
4
488
21
53
96
547
322
152
15
188
739
26
434
218
177
26
492
678
28
61
299
240
123
72
296
282
621
92
44
253
4
93
140
46
86
6
163
911
739
217
239
255
146
65
330
155
205
17
31
146
36
7
19
42
328
126
208
16
8
117
284
132
797
418
67
141
419
15
321
128
5
250
612
303
252
696
179
98
27
264
91
365
167
202
14
40
42
550
92
167
129
355
53
573
173
81
220
206
616
66
17
46
53
170
504
70
328
57
391
17
34
123
44
404
68
844
261
86
76
83
333
84
224
13
308
81
381
88
162
217
45
160
127
255
259
183
64
780
91
25
81
49
245
24
353
282
190
628
44
20
268
285
120
268
98
198
234
187
236
6
118
348
173
275
28
68
134
194
66
308
78
164
340
23
175
1
13
415
40
101
228
153
384
291
88
73
249
1066
72
115
356
464
111
189
100
239
78
415
81
539
329
408
553
148
52
308
117
525
64
338
686
26
132
142
464
98
40
337
18
181
15
48
373
1
40
256
71
45
101
41
498
71
74
190
351
507
164
1941
301
31
120
99
71
483
1
169
679
26
41
59
69
352
159
10
34
343
847
16
67
6
320
198
281
609
361
190
577
206
470
51
548
91
36
194
361
148
263
949
743
537
47
355
123
14
94
290
4
76
250
331
233
495
14
83
43
182
7
232
178
156
121
205
21
320
176
283
179
225
59
293
241
61
240
709
11
206
66
505
160
488
352
66
43
169
353
38
109
102
30
406
103
116
133
35
71
21
128
62
495
12
59
190
281
3
234
78
445
410
20
298
239
145
99
13
349
217
341
239
130
1
810
108
92
28
95
105
104
104
40
357
143
82
140
612
183
163
331
275
29
5
269
76
59
132
10
593
608
364
383
46
57
144
997
324
344
93
181
261
29
74
215
89
106
28
398
561
153
270
66
80
65
86
53
56
393
213
9
612
68
248
372
241
119
143
42
253
113
446
241
41
10
432
120
652
1
8
72
116
246
411
492
92
38
12
227
835
1126
81
52
74
433
391
325
488
211
8
41
16
49
101
87
164
161
222
237
892
5
196
404
9
23
264
28
98
1
81
67
228
937
68
5
123
32
357
352
69
63
186
40
1414
155
156
71
87
445
222
25
1110
151
111
250
10
169
170
511
26
73
79
85
42
3
289
126
17
342
33
25
1053
163
46
798
373
22
705
97
305
35
90
9
288
584
576
17
133
294
23
449
152
616
34
58
19
16
127
38
12
840
72
620
486
191
67
819
39
630
68
156
311
69
232
100
68
7
211
71
20
53
147
54
315
38
477
133
226
7
174
88
135
17
267
261
206
97
286
38
303
137
12
331
6
14
13
225
302
441
847
327
83
77
128
263
72
149
209
197
719
178
276
347
249
415
433
483
143
211
6
29
216
120
357
73
418
22
90
1054
227
674
89
26
102
55
18
285
222
493
101
86
248
68
18
806
62
136
30
16
160
11
583
7
8
465
25
59
112
415
577
11
202
11
32
392
38
10
597
69
265
183
33
106
84
147
40
350
477
100
391
425
149
11
363
211
90
65
100
658
138
232
196
31
149
67
237
266
66
202
28
453
156
38
407
228
9
145
17
577
197
97
95
19
479
742
139
85
68
84
22
367
191
238
236
33
114
29
77
161
12
275
33
263
91
168
135
22
242
86
76
147
192
191
951
160
461
825
44
16
236
47
223
98
7
455
465
160
224
113
73
47
162
670
4
161
237
16
488
263
532
569
409
81
72
174
718
47
107
18
217
98
229
80
131
43
252
29
131
111
295
82
465
236
161
253
44
244
54
78
2
242
12
12
47
275
75
25
163
23
18
26
21
112
168
139
427
591
89
20
26
115
129
90
82
20
156
65
193
28
487
64
189
58
28
73
60
265
143
105
593
93
60
311
38
543
437
409
46
114
91
72
878
379
277
90
315
179
264
280
237
91
416
56
153
243
489
28
106
378
700
752
79
53
3
197
6
55
101
511
263
148
393
29
249
146
302
151
114
123
13
24
70
154
133
452
159
132
450
357
156
56
819
237
350
2
29
3
64
63
14
134
263
41
235
325
100
441
682
106
98
13
37
32
289
92
80
52
103
23
65
159
751
220
14
294
167
24
29
39
789
157
20
267
113
132
109
93
183
2
547
432
276
392
112
144
486
39
45
177
329
40
812
60
149
122
571
288
197
12
54
40
242
38
428
42
6
169
79
273
93
144
149
41
174
105
511
238
4
402
28
216
119
105
213
315
123
157
169
170
12
115
99
555
118
401
14
245
231
240
107
221
48
199
315
418
508
89
124
6
361
586
85
132
716
176
210
340
145
123
24
117
408
608
60
46
241
509
137
135
157
48
102
266
21
41
4
426
295
119
168
236
173
145
75
113
1
186
11
376
476
77
641
636
13
99
51
175
107
54
54
20
245
159
258
96
130
181
242
122
22
145
132
245
533
61
245
51
28
120
211
55
75
371
253
12
174
200
100
143
2
71
168
104
57
54
157
429
60
411
162
47
386
134
38
542
11
126
109
525
469
45
705
44
420
83
48
2
88
213
174
65
94
41
1
218
46
459
265
91
348
195
144
17
553
100
74
18
166
4
169
593
390
5
56
284
50
244
132
114
65
151
81
3
402
172
61
119
178
61
441
316
6
9
259
90
52
84
71
250
163
96
134
8
133
42
110
341
110
116
318
70
47
109
465
238
76
269
68
229
97
28
79
773
40
523
170
234
170
158
60
49
182
195
257
70
57
11
40
23
8
201
200
456
793
174
64
30
3
155
55
200
153
107
14
172
16
217
203
9
308
76
5
352
248
104
10
34
172
14
483
44
20
683
235
449
101
91
29
2
262
113
138
479
626
24
412
17
716
52
263
272
212
9
32
203
102
796
121
103
418
303
256
145
16
255
444
65
49
50
465
324
237
125
218
127
155
76
47
362
179
44
430
122
522
50
476
169
197
45
32
36
145
359
117
77
568
287
93
97
41
230
251
419
188
68
160
189
29
48
61
6
28
270
84
43
80
115
71
102
356
138
159
473
358
647
193
252
27
164
133
455
1
98
109
111
206
29
44
732
165
19
570
230
57
192
168
72
158
93
5
267
503
489
75
120
30
904
147
216
148
37
330
368
86
12
179
131
116
365
383
159
193
76
414
226
16
41
58
132
56
316
148
9
61
16
70
595
241
368
28
572
139
55
30
176
399
144
146
519
22
349
1131
217
14
89
103
257
50
98
68
301
9
171
566
194
245
46
176
475
294
152
34
46
439
5
131
366
35
221
47
133
49
25
77
884
197
306
178
97
274
293
329
169
156
224
32
192
163
26
131
37
165
37
3
528
1086
88
15
219
341
153
98
259
338
77
263
158
1
57
49
14
43
128
32
178
74
31
259
4
183
52
140
512
59
623
375
116
180
221
89
123
99
47
141
13
110
206
90
236
396
137
308
2
165
50
397
471
414
29
828
218
17
152
99
243
1600
43
147
472
502
1012
3
659
99
437
257
274
4
442
164
30
364
94
146
75
81
83
268
546
272
434
585
51
252
200
22
98
504
61
187
84
232
600
503
63
74
394
523
423
12
122
444
520
154
346
86
479
120
276
291
116
98
267
88
52
238
254
337
43
22
214
105
186
15
280
42
330
182
142
254
104
121
78
32
121
151
407
544
172
80
633
36
146
56
25
223
8
224
173
508
231
185
595
553
101
256
47
30
87
231
74
109
23
185
17
78
120
89
204
213
563
372
16
92
194
257
157
17
388
295
176
8
296
120
336
537
61
281
256
77
5
664
357
14
195
90
451
209
1
152
87
184
125
87
316
6
154
46
204
128
272
175
252
1093
246
202
3
374
177
280
68
134
67
318
271
110
109
11
157
166
152
153
77
177
124
221
107
4
104
7
24
127
180
37
153
377
18
27
106
380
186
296
135
199
552
144
316
645
341
131
98
264
327
332
573
32
18
18
336
111
238
148
294
106
32
13
46
399
370
384
612
364
100
82
148
578
30
106
369
424
792
460
96
7
538
300
262
150
80
87
131
165
55
638
142
86
799
60
128
153
62
254
236
109
405
112
34
379
94
287
355
20
489
11
16
164
93
342
63
241
8
240
133
624
44
181
77
13
153
51
235
166
780
179
292
503
319
145
285
802
135
322
319
54
125
28
191
201
495
70
58
88
460
342
137
88
16
211
68
8
15
458
321
422
623
74
106
99
308
148
72
45
217
265
416
216
80
336
268
313
250
147
121
451
116
418
296
256
264
77
180
134
245
232
82
198
142
228
611
182
67
378
84
172
108
267
69
115
8
54
301
308
57
313
278
120
7
140
38
56
91
282
144
85
103
124
110
38
70
131
336
5
177
90
6
104
197
606
91
88
771
2
216
179
86
93
25
396
450
317
31
77
145
19
105
61
621
166
311
21
76
122
143
413
359
99
23
45
138
136
143
506
94
47
463
102
42
132
187
238
18
79
262
172
13
108
271
184
4
329
275
46
495
77
209
15
2
272
507
234
179
115
54
91
69
96
192
193
68
80
96
53
143
28
167
381
55
326
15
120
17
128
47
143
311
278
539
60
534
235
103
350
328
361
31
201
204
154
144
427
140
16
233
128
490
253
431
46
191
67
8
192
127
73
226
59
661
105
36
315
65
729
16
302
98
247
510
100
40
36
438
8
9
386
411
29
443
13
142
493
23
391
100
195
92
149
57
458
342
465
51
282
163
325
14
541
499
9
92
4
142
47
204
33
122
299
93
214
417
188
383
131
737
139
660
249
320
339
190
25
16
352
22
572
28
388
17
455
82
312
90
195
14
21
59
143
200
479
250
45
32
63
538
189
345
33
230
374
195
82
13
327
316
271
418
410
43
66
115
137
482
423
418
5
32
253
336
192
332
71
149
202
354
110
87
57
181
251
171
245
160
247
125
16
98
37
254
300
318
235
7
294
62
46
840
280
411
112
1002
44
168
593
149
165
437
515
74
155
175
16
282
234
29
5
71
62
185
185
446
190
348
39
90
829
89
195
382
17
51
11
14
43
354
373
149
68
29
19
182
393
110
16
115
493
293
375
200
501
155
143
284
11
3
67
146
194
139
681
264
758
4
444
434
288
396
541
114
377
49
247
185
321
20
150
500
50
239
46
26
334
202
78
293
132
535
8
41
95
84
8
785
31
485
245
500
69
65
28
57
972
205
8
74
37
488
51
185
35
1860
182
5
538
223
116
127
4
2
542
200
39
410
186
8
883
108
262
48
92
7
78
12
43
272
323
67
898
160
476
807
2
187
910
40
134
300
53
140
135
138
522
268
33
113
104
119
210
426
219
105
342
109
90
12
200
249
43
240
145
3
74
205
284
69
345
8
469
110
8
185
117
144
119
673
214
242
31
365
765
138
229
274
225
18
16
149
51
171
418
76
48
216
24
60
26
216
1119
198
351
109
36
181
30
1
99
93
64
245
134
558
158
72
110
13
43
4
57
360
177
46
819
134
284
40
742
188
151
40
439
175
26
525
439
103
169
289
27
189
312
339
19
168
206
39
898
296
375
156
208
122
15
77
25
36
13
193
152
164
28
33
84
26
406
120
122
8
115
114
132
519
51
272
165
204
65
369
664
470
79
81
1204
598
269
129
83
442
56
90
94
14
311
254
217
13
93
354
17
192
36
136
292
35
322
157
131
36
38
408
100
15
157
106
1
726
93
17
43
323
206
29
15
43
21
414
202
336
32
60
561
83
437
63
280
270
724
192
101
54
302
223
307
128
198
29
78
65
126
97
230
196
343
2
33
16
89
120
142
96
561
62
43
137
129
531
229
241
106
246
352
12
61
140
28
492
526
47
181
243
58
128
68
233
162
102
26
671
181
27
1201
90
243
262
600
133
138
136
61
215
1
467
62
485
140
125
413
313
3
229
111
42
213
67
591
476
365
15
119
44
161
108
69
572
191
412
74
310
61
332
221
354
379
202
35
42
22
137
565
19
218
586
98
289
83
181
17
317
447
26
172
44
235
238
9
490
15
60
78
790
298
177
161
5
66
228
550
88
99
97
255
99
439
270
5
163
228
7
164
122
33
1352
489
134
43
37
95
212
231
314
4
268
300
91
7
203
364
34
934
871
100
288
15
410
484
31
363
305
295
13
271
177
61
138
364
234
614
431
432
28
68
260
98
348
256
153
231
223
67
148
231
277
423
23
76
72
38
171
76
281
111
941
118
133
22
277
238
144
181
272
199
489
543
216
102
21
304
79
169
251
185
179
86
101
78
262
59
9
81
326
469
424
39
749
623
7
284
53
324
285
121
133
31
36
445
151
785
144
375
339
47
600
903
142
66
303
504
319
32
10
64
579
4
214
64
4
7
249
157
294
117
80
174
236
108
200
211
193
8
24
151
518
180
34
402
293
278
376
176
75
264
418
20
120
10
228
230
593
457
182
807
150
399
49
281
315
512
219
506
161
115
9
34
108
40
241
406
48
1062
202
608
28
48
220
23
26
84
202
21
124
58
88
348
3
70
139
126
12
183
47
196
72
4
152
297
454
454
159
385
3
50
65
94
543
58
35
378
20
51
73
516
18
57
57
7
17
506
92
524
184
378
316
480
41
178
487
33
340
32
61
454
246
184
1206
507
63
932
229
17
389
903
166
68
42
149
28
319
520
466
19
15
97
159
160
30
383
519
185
297
128
310
876
69
34
66
26
97
144
9
36
291
56
452
96
7
971
40
120
145
20
92
6
156
47
7
45
454
75
296
26
370
1
36
130
160
171
92
12
63
440
131
27
23
111
38
338
255
162
307
59
330
125
107
208
248
253
27
13
816
477
370
16
67
98
15
14
103
147
590
75
328
127
382
225
142
503
4
6
202
302
94
38
147
63
22
140
218
104
20
9
109
80
342
37
266
120
304
233
322
440
15
135
559
35
38
149
184
177
185
61
300
107
123
117
247
17
128
56
47
185
236
208
118
187
88
44
164
402
9
409
485
529
276
68
82
255
502
698
53
200
12
402
401
11
2
428
211
330
148
187
397
135
31
702
145
26
14
10
359
32
12
266
27
52
728
136
94
277
11
478
128
186
133
65
83
28
128
488
376
253
51
114
417
18
26
246
74
177
156
249
89
209
142
1157
9
250
242
845
36
235
808
351
187
101
651
5
88
502
285
158
2
106
147
210
47
59
314
31
254
16
84
61
208
171
156
662
137
218
387
273
147
353
188
331
30
56
151
265
308
160
59
97
16
361
77
66
154
246
298
33
396
861
960
413
541
668
295
154
149
238
80
365
848
71
67
150
310
258
44
27
53
859
327
198
44
66
138
117
62
1089
36
47
15
17
852
330
39
249
67
48
99
298
844
114
341
15
363
59
140
289
583
2
1406
9
264
15
270
96
461
85
143
146
146
96
449
119
311
111
9
159
202
17
172
46
213
306
1052
645
166
378
117
199
256
68
27
91
347
21
73
25
85
70
23
143
405
79
23
150
355
40
527
10
371
349
303
203
29
56
48
203
52
295
819
542
117
669
90
122
82
235
236
329
192
232
188
12
251
72
235
22
145
194
568
198
103
256
515
14
44
59
432
184
13
15
261
199
1025
30
38
214
955
110
551
26
125
4
70
19
5
33
394
73
47
97
486
163
63
206
31
351
171
89
32
46
291
100
136
3
53
840
278
33
895
124
67
14
190
403
35
94
53
76
9
183
59
46
98
561
414
11
316
186
750
42
376
204
145
721
75
264
721
317
1
712
890
167
44
969
278
501
470
151
56
357
414
323
622
477
200
260
25
2
121
110
16
127
165
564
587
208
116
294
4
561
160
889
27
21
89
185
154
578
696
3
114
80
52
15
179
110
200
251
88
35
481
209
146
5
172
959
38
360
87
122
25
437
270
502
938
1178
226
547
183
335
139
27
207
6
41
468
104
283
20
156
113
284
40
1041
488
283
466
146
285
165
267
125
2
45
204
78
218
337
64
94
153
132
92
3
42
274
9
33
189
5
115
232
208
205
138
147
369
232
62
18
287
115
143
335
98
154
5
186
226
230
132
210
472
2
33
223
369
445
78
1
99
112
323
130
296
55
73
196
385
478
25
22
236
220
321
395
500
206
102
3
8
82
408
356
58
155
36
530
388
127
292
880
450
61
11
18
11
176
66
11
127
194
189
354
153
12
604
76
55
91
783
202
51
19
48
82
15
76
112
126
595
17
81
844
57
494
288
148
43
70
72
436
38
24
204
91
267
966
154
51
611
203
247
106
39
407
140
514
359
226
230
322
73
474
44
49
151
419
54
208
94
176
131
166
110
285
323
212
51
127
83
768
201
136
56
26
75
41
657
239
830
10
101
71
175
270
277
56
326
256
133
34
56
61
31
390
204
10
109
131
97
14
90
76
346
12
612
96
141
30
5
22
532
615
271
38
464
640
189
718
21
27
57
183
489
263
349
434
50
155
152
128
16
654
353
76
7
159
558
218
25
114
83
538
10
3
195
127
389
153
188
216
103
371
707
90
728
851
71
24
149
466
456
24
194
510
41
103
267
65
3
65
610
89
300
77
232
540
214
19
143
7
321
458
230
273
361
226
130
192
156
85
433
449
1059
247
346
75
19
84
98
211
243
95
75
325
114
273
35
148
40
293
99
190
120
198
410
302
261
194
570
329
278
261
184
91
4
113
567
18
109
56
103
37
61
633
581
57
191
6
276
224
57
20
136
7
11
29
407
953
61
24
91
82
86
287
567
61
435
66
249
316
66
168
36
111
218
399
17
286
381
81
247
97
201
137
69
200
74
8
159
149
288
498
45
168
711
66
31
194
52
24
82
176
777
23
6
23
179
303
106
4
437
38
61
267
356
55
254
89
33
75
271
190
66
205
95
128
129
127
105
171
102
188
131
43
13
2
77
984
121
54
22
64
235
102
183
487
11
117
40
272
255
64
61
174
174
264
71
188
548
376
494
87
126
77
69
600
65
282
79
649
94
184
302
99
117
48
418
41
52
13
161
499
98
171
432
383
32
135
346
27
208
68
330
63
51
191
93
307
182
40
75
767
45
21
159
331
160
32
51
496
2
466
39
185
259
51
87
575
41
11
69
296
25
1
44
274
39
257
320
48
50
120
140
23
136
303
741
173
200
20
266
170
282
189
390
25
157
165
96
125
193
101
139
434
18
159
35
67
163
251
26
86
161
19
22
141
154
162
22
81
151
64
130
246
166
225
430
91
392
66
211
24
18
87
261
103
135
346
279
134
73
138
86
461
51
632
63
109
81
38
112
72
73
62
133
677
53
113
1
387
485
106
337
234
592
177
251
371
144
16
901
11
19
355
705
37
18
60
32
44
181
50
550
75
53
815
286
20
69
11
111
231
35
81
135
18
68
193
220
82
152
432
390
289
69
75
546
9
45
156
356
63
292
29
14
300
330
232
65
516
740
166
374
156
65
286
63
67
450
321
62
179
35
43
76
142
3
97
218
4
388
239
104
38
1
44
264
248
278
742
685
99
59
354
108
250
36
289
246
89
70
81
214
500
48
62
67
60
17
81
9
37
164
652
462
150
41
150
77
254
1016
323
276
142
327
164
286
17
524
277
80
134
250
62
123
50
273
260
215
19
6
69
115
39
7
498
82
12
455
20
221
1
235
121
137
103
6
72
697
23
472
127
201
537
24
131
279
939
3
155
72
35
25
53
220
74
49
134
232
169
123
244
23
86
48
167
12
65
8
123
187
407
210
4
17
11
35
251
20
78
138
2
9
262
78
728
7
112
64
548
460
725
466
4
109
32
33
25
55
117
225
62
242
5
522
357
22
73
57
156
141
452
461
305
229
33
84
40
70
899
175
419
450
63
752
149
400
95
75
111
363
69
137
329
279
343
261
241
22
52
134
96
130
905
31
391
867
403
179
88
232
10
271
62
163
159
33
171
37
190
259
36
183
78
292
3
260
24
61
273
120
127
246
138
692
129
88
170
239
108
45
373
489
56
169
102
267
1155
192
86
146
5
205
83
56
24
135
211
13
82
616
116
133
287
122
1216
106
336
458
187
145
114
6
377
32
338
21
499
61
459
65
416
175
93
147
72
126
86
94
83
217
150
120
181
143
533
1113
358
238
14
86
841
25
208
203
102
4
182
178
334
509
198
285
6
137
2
11
277
512
324
374
154
460
76
190
93
329
459
77
319
43
436
138
17
32
407
78
95
207
3
142
106
130
212
105
149
380
429
29
259
56
83
13
156
194
518
149
63
192
230
26
151
268
146
89
182
49
5
20
143
183
17
161
97
215
154
68
519
256
156
443
191
4
502
423
141
29
38
135
30
34
99
356
143
200
323
35
183
471
23
223
91
523
108
200
279
36
537
39
201
207
26
218
31
342
183
448
107
50
124
6
35
185
51
178
15
210
37
88
132
289
52
143
86
32
52
413
418
213
180
172
452
198
85
3
96
40
149
105
22
27
322
417
414
24
133
58
93
6
208
189
1020
75
174
294
258
53
74
199
124
296
89
247
327
31
157
248
277
182
558
119
58
169
309
968
34
325
163
103
114
132
391
339
50
7
122
82
177
207
13
125
162
26
38
144
71
30
201
286
1
159
40
278
95
271
189
162
50
288
520
82
24
41
4
16
179
97
53
330
423
72
126
36
159
63
12
206
33
6
27
94
58
127
223
307
374
70
12
630
204
11
38
14
23
310
534
252
431
314
97
143
100
179
24
266
40
289
31
129
835
232
27
884
534
297
568
260
406
86
142
337
76
235
673
82
658
104
1
66
49
209
134
131
278
93
37
103
151
24
209
23
64
127
81
59
369
361
187
130
138
139
529
641
141
228
15
180
15
194
52
151
11
76
46
130
114
713
106
184
4
317
429
85
77
43
8
10
25
1
94
212
197
332
445
118
321
786
87
3
216
135
44
118
44
27
69
766
283
42
44
1182
108
60
59
260
67
33
27
120
53
179
11
180
1111
329
162
154
30
149
281
133
329
153
20
52
321
94
182
40
429
66
133
128
356
511
62
140
34
20
18
302
2
428
155
86
43
136
222
260
330
49
80
193
113
272
234
71
88
81
15
1271
340
831
352
26
256
38
140
205
308
57
765
165
191
28
348
240
205
81
177
258
113
507
49
273
71
173
90
69
242
55
278
14
106
140
92
60
431
88
216
355
385
74
132
156
164
163
1031
29
190
60
57
121
795
131
210
481
3
682
16
14
5
71
293
264
88
142
369
112
124
324
145
130
444
115
385
233
238
87
52
399
51
231
41
13
295
241
632
426
6
74
97
235
362
229
87
15
41
29
176
95
563
324
569
246
63
62
601
40
50
226
323
346
114
130
149
481
123
89
165
31
203
126
117
126
4
154
340
415
67
974
147
18
33
191
485
91
47
457
50
112
225
212
17
215
9
819
1054
175
10
44
732
462
766
299
1094
463
302
730
175
208
417
35
37
267
61
128
133
3
286
460
245
10
572
97
147
267
239
3
481
428
420
538
331
16
7
9
98
261
225
16
34
192
6
41
204
277
320
169
341
552
363
74
9
428
59
529
230
32
438
372
40
352
207
57
290
74
200
153
156
457
186
437
28
263
213
16
206
278
192
16
35
29
41
201
125
937
40
79
48
237
598
52
73
216
95
311
206
646
116
1039
1020
173
338
113
48
212
143
77
131
178
510
26
388
78
100
375
313
211
201
172
382
461
13
97
98
358
122
40
80
24
694
202
397
34
446
237
40
292
43
401
9
80
62
340
84
578
455
101
117
90
420
211
115
3
54
937
25
6
182
2
332
162
174
29
396
55
292
199
520
39
31
30
343
61
153
54
33
34
762
42
113
359
145
135
456
858
86
48
299
29
403
360
36
334
129
200
72
209
252
36
109
243
213
5
448
437
692
106
468
353
284
190
89
1
136
1
60
142
22
219
57
64
224
40
164
25
238
279
17
113
89
42
266
428
383
427
562
535
32
90
78
166
46
145
111
6
21
15
199
729
11
119
1209
295
293
157
62
109
28
173
239
380
212
168
7
748
251
155
52
82
1061
14
49
221
27
49
111
65
714
153
53
140
180
25
21
41
57
98
204
101
144
217
55
98
480
29
170
651
12
69
194
61
301
126
137
39
39
139
274
82
19
48
89
534
663
245
47
66
160
30
29
116
108
5
101
267
301
228
244
153
156
467
170
18
23
133
34
368
382
197
91
5
294
431
109
337
58
248
174
10
122
47
71
213
62
35
114
347
58
776
415
23
224
187
30
106
553
2
70
28
138
78
389
89
230
74
453
111
96
22
13
237
21
627
291
416
77
6
54
306
221
294
195
342
326
23
633
11
168
428
20
53
72
302
99
179
361
46
96
285
27
75
20
209
562
261
66
208
233
11
59
705
247
281
172
146
27
168
64
9
205
559
364
11
67
216
260
42
175
60
161
150
20
58
249
162
323
355
217
54
77
29
163
655
102
188
127
297
225
202
489
206
31
678
464
49
79
21
50
360
195
30
40
35
280
68
157
65
362
154
363
197
2
204
314
161
23
754
25
422
81
107
73
78
102
259
280
15
30
236
344
114
945
124
30
324
103
62
335
456
160
20
341
149
102
103
47
278
159
128
113
368
345
133
126
296
19
582
618
228
67
144
15
22
17
354
95
80
42
138
82
254
306
250
252
87
676
259
204
312
299
222
111
99
249
437
3
473
52
79
36
347
37
20
23
42
188
331
640
78
21
289
147
61
262
174
264
57
9
97
148
26
43
27
44
677
108
31
33
383
40
151
27
1
8
119
215
56
214
534
7
19
699
75
93
61
508
371
37
16
311
190
435
106
154
87
558
269
42
52
227
645
206
44
233
115
786
10
11
11
202
241
358
211
131
395
133
229
54
196
104
107
51
28
86
160
466
370
580
179
27
182
934
319
222
518
309
14
552
358
45
188
74
177
242
281
32
182
12
237
437
3
542
163
47
22
28
205
254
10
182
27
39
38
16
32
213
70
121
156
231
51
194
28
298
7
14
393
82
38
401
238
119
13
81
149
116
43
6
2
286
101
92
216
26
84
146
4
80
371
334
57
373
21
108
10
133
117
120
32
61
250
70
72
345
321
63
11
123
140
121
45
32
66
356
55
182
673
135
197
301
18
17
63
434
328
67
3
52
45
128
146
686
334
76
83
61
51
143
178
216
196
102
744
84
12
210
192
16
92
287
110
109
136
170
112
25
37
146
470
29
208
365
177
89
151
136
404
90
70
495
75
64
188
121
77
32
14
174
64
412
85
239
13
6
147
237
58
236
127
1
331
235
21
89
235
37
101
841
33
13
574
116
24
94
789
326
111
254
182
129
103
34
36
58
112
244
175
575
947
189
127
51
8
250
369
521
437
805
106
160
231
208
16
28
182
427
261
51
252
159
521
65
508
510
161
744
191
487
14
495
193
250
100
58
24
93
28
154
596
53
8
153
38
270
164
26
21
165
76
18
353
128
68
6
124
6
253
4
572
119
78
71
341
231
543
277
310
37
40
64
93
40
50
418
155
76
53
209
218
4
218
88
193
224
436
392
95
37
80
23
588
121
224
408
1664
11
59
865
6
668
41
77
90
600
88
24
533
230
462
9
12
245
39
177
36
225
459
1134
269
407
148
176
97
107
108
142
69
43
859
338
3
614
72
566
383
138
79
94
251
141
85
260
289
494
252
549
280
86
126
286
82
148
482
93
51
35
330
40
151
78
53
231
32
226
217
144
137
196
125
95
127
303
73
49
906
311
193
32
466
471
244
167
226
86
168
841
215
397
17
582
67
138
163
203
12
4
89
135
212
746
177
118
1
387
138
25
214
73
233
165
84
464
234
500
882
107
9
157
22
9
112
669
360
196
1600
74
172
47
122
113
108
10
740
132
79
109
186
28
104
70
44
24
5
55
129
109
49
199
85
277
40
165
4
134
41
121
15
530
294
338
973
775
179
36
95
1065
232
141
65
12
182
110
429
78
24
35
16
291
6
282
641
473
275
195
889
383
11
169
270
79
490
284
686
427
239
143
2
17
154
135
29
305
74
45
642
77
1110
58
131
274
327
99
367
473
400
298
117
140
408
108
122
484
141
70
88
710
797
22
163
113
162
20
290
71
83
991
22
333
67
118
207
56
210
719
105
55
344
479
121
663
325
62
28
241
60
6
19
40
104
333
39
80
203
97
260
226
46
1110
125
24
321
4
136
52
97
316
159
827
26
61
13
400
257
57
31
71
23
474
19
150
208
84
135
212
453
286
158
20
31
60
213
26
177
177
503
301
158
810
195
342
133
108
65
511
52
78
84
466
47
50
50
29
23
57
181
421
219
793
253
329
22
216
286
81
472
25
308
11
101
145
123
3
391
69
17
595
196
72
11
74
535
186
83
46
467
505
10
15
137
31
244
41
284
565
82
363
56
485
510
75
483
47
86
112
103
35
110
381
597
364
13
457
402
8
60
11
412
187
422
432
35
227
558
224
140
225
103
78
69
195
28
472
308
255
13
148
136
196
48
198
614
114
194
214
346
364
283
14
169
98
178
174
206
95
346
346
118
66
120
12
726
56
38
66
115
166
346
85
264
209
85
94
23
112
124
34
354
225
180
273
63
43
32
1
34
90
259
64
108
5
117
506
112
24
316
714
1090
18
84
155
550
149
220
64
180
2
296
164
29
164
134
223
665
310
796
180
26
22
863
283
644
2
324
94
2
483
238
192
77
128
309
85
31
458
1
189
79
45
50
202
45
367
28
150
92
314
2
98
42
109
488
22
85
42
113
129
70
218
161
554
700
293
318
181
184
282
33
285
512
418
542
267
248
49
39
17
472
219
179
3
50
125
303
53
163
88
237
415
15
268
2
283
57
385
131
250
310
111
397
42
266
283
145
334
170
263
59
46
263
245
174
235
72
269
358
36
71
33
111
345
90
379
226
867
33
121
107
254
101
175
412
123
347
102
7
104
474
291
680
389
249
14
67
55
260
20
68
1
974
11
522
34
98
11
30
203
108
28
206
52
82
56
418
52
704
47
6
209
11
11
414
20
114
260
131
15
5
249
78
598
303
100
723
73
185
276
550
329
132
72
230
117
267
292
157
56
226
114
139
65
169
213
143
13
45
151
110
40
528
29
19
74
148
82
327
73
227
228
182
236
147
49
146
36
585
396
141
87
36
36
531
189
54
1204
96
1242
9
33
345
39
102
52
248
125
319
457
29
293
138
546
186
175
106
806
181
310
153
171
92
134
91
82
61
170
10
363
608
57
236
23
409
55
189
49
64
461
464
549
29
492
38
582
108
393
280
155
367
73
67
71
246
230
556
259
467
221
51
65
221
54
194
294
51
36
650
221
359
45
385
33
120
161
4
134
121
1421
412
222
205
69
45
292
13
14
61
646
271
2
44
287
556
132
1
85
1282
78
13
135
110
6
98
18
47
17
178
226
24
170
330
3
385
523
142
14
570
377
113
141
27
68
191
18
30
188
272
428
316
234
276
531
6
34
628
28
840
137
205
772
278
56
76
7
331
778
208
189
353
85
60
223
412
321
88
96
191
79
121
67
222
356
15
177
193
116
266
146
363
99
34
45
245
292
419
12
72
335
66
39
37
677
64
189
64
113
143
27
230
114
129
67
34
475
71
102
27
359
190
78
68
574
82
135
64
1302
231
56
179
97
68
402
96
47
261
78
17
219
97
31
198
360
394
126
57
222
505
208
120
97
45
124
78
549
183
84
255
425
213
181
108
55
289
31
375
218
180
208
148
170
142
184
243
147
98
61
108
127
208
644
123
52
350
244
105
267
175
179
68
121
109
671
748
151
7
320
514
4
162
63
70
344
197
1
27
171
157
569
183
57
103
74
1094
186
155
213
126
75
31
111
40
375
82
10
574
874
195
778
542
13
5
256
162
224
246
47
19
39
157
194
45
153
80
2
401
365
22
288
461
49
87
91
168
69
126
94
122
591
70
38
37
214
26
94
559
818
541
107
280
185
77
59
19
124
319
250
372
88
2
79
170
187
142
66
183
22
187
80
27
82
4
46
441
302
235
117
158
45
247
34
56
49
145
210
190
278
98
112
226
218
120
131
342
52
26
96
98
238
62
30
4
222
828
58
79
135
72
912
578
93
213
77
215
131
141
120
175
254
458
137
16
95
90
47
117
108
512
52
2
174
222
399
237
13
188
350
224
583
53
501
38
27
190
30
13
591
93
32
65
65
88
188
260
45
94
82
252
23
398
255
144
88
289
111
35
51
146
317
22
101
132
747
268
240
205
39
133
63
510
15
118
520
947
319
66
517
385
153
96
353
24
22
503
254
49
170
453
119
165
90
272
41
297
282
191
483
4
89
548
41
228
103
73
290
63
116
87
118
422
76
206
242
12
630
49
122
104
472
394
203
326
15
245
273
157
235
57
41
55
548
97
150
438
36
156
133
397
59
153
272
57
8
41
116
71
50
90
121
114
409
128
64
153
344
13
190
592
13
160
149
5
146
291
53
142
49
75
93
221
74
97
457
128
459
34
86
221
37
65
230
27
279
193
116
59
371
376
106
400
907
462
156
73
10
1075
77
50
64
54
72
321
2
111
17
312
590
36
82
47
108
382
49
5
229
216
336
236
255
17
389
436
117
34
114
53
339
593
468
111
426
106
276
178
23
34
164
34
15
72
445
40
530
616
50
95
201
110
218
308
94
267
290
80
53
197
949
40
124
128
45
55
117
101
302
178
239
8
233
56
1
25
24
13
3
107
591
38
111
45
381
239
16
289
9
50
2
23
185
268
635
96
143
139
43
51
11
169
50
140
509
117
75
202
224
165
77
6
280
21
254
285
361
327
112
17
230
76
64
377
58
253
199
122
54
286
50
98
344
146
123
612
330
393
112
86
391
179
362
168
17
171
4
81
219
247
101
170
309
17
91
175
140
32
31
122
398
71
118
390
545
207
155
285
863
80
187
48
154
69
476
293
127
265
227
195
836
52
63
19
154
243
128
138
152
62
141
21
802
23
208
15
358
94
531
60
43
102
635
216
38
3
48
83
161
112
435
322
7
100
238
123
49
20
194
61
21
160
15
15
64
444
114
540
161
87
120
285
59
80
114
176
341
84
300
585
11
52
229
140
206
124
215
128
45
418
231
1
163
227
155
8
140
19
63
339
255
118
59
154
19
24
353
88
29
13
687
56
317
110
580
366
54
478
135
439
619
101
96
78
386
162
583
197
158
375
121
166
164
263
370
362
252
119
303
325
91
42
139
358
235
5
103
99
362
111
397
115
10
251
63
69
155
72
228
113
89
7
29
134
431
145
14
411
56
284
294
54
86
601
112
72
275
280
191
43
11
503
316
340
27
192
281
117
271
60
126
4
1122
53
71
91
23
76
23
349
417
42
27
110
146
325
34
45
14
13
1
294
21
149
207
237
577
183
18
308
44
847
96
497
188
279
306
119
53
415
140
376
476
180
3
186
458
106
110
9
371
24
339
22
288
177
26
244
86
432
86
318
51
61
360
202
115
192
62
121
384
32
28
13
262
162
121
136
25
219
77
77
92
310
35
203
120
225
62
121
64
106
134
109
273
17
179
207
336
168
62
167
37
74
47
159
350
93
70
62
96
220
64
132
4
236
698
72
32
171
130
143
276
358
64
14
63
216
278
97
38
14
32
117
603
283
72
93
299
12
56
169
140
274
13
639
65
32
8
132
113
68
136
109
463
151
81
193
464
115
288
61
7
71
26
46
179
23
77
163
58
86
370
147
431
117
329
31
248
42
1016
8
131
9
98
235
595
180
29
112
84
12
108
212
4
34
55
119
12
42
143
21
3
240
132
244
147
147
683
101
809
172
75
70
13
65
177
326
46
362
783
75
432
102
378
481
356
60
102
52
483
11
128
633
514
66
100
38
1
650
87
10
382
314
75
10
157
211
391
47
16
315
7
163
107
161
154
85
66
578
83
18
77
714
32
15
551
859
210
120
143
668
23
102
38
6
33
166
422
11
76
77
12
249
68
515
106
347
71
56
62
63
206
2
7
115
331
82
21
111
39
149
349
595
264
252
425
45
362
171
193
168
105
146
272
167
176
202
589
271
73
382
298
2
268
126
101
33
20
196
159
522
261
390
76
161
13
55
5
556
50
66
476
148
550
37
349
8
189
98
237
12
14
102
452
211
454
102
88
9
675
298
147
155
506
95
585
199
65
38
262
183
1033
88
132
120
10
175
18
156
451
83
484
262
112
16
330
106
53
48
118
60
272
181
84
5
45
132
65
60
463
233
52
59
238
545
227
23
50
13
99
44
331
27
121
587
181
7
307
50
245
298
311
35
18
391
116
412
401
8
122
261
330
539
364
235
244
199
108
125
68
393
251
380
169
371
296
24
23
104
43
257
26
114
25
81
846
75
78
68
11
95
54
163
47
4
712
108
56
146
50
251
110
47
26
14
55
14
474
375
373
67
136
70
25
1140
265
172
320
222
184
42
270
73
593
127
213
5
30
218
97
31
44
63
32
74
287
27
253
354
137
924
9
270
55
3
42
275
165
484
47
190
774
49
285
20
152
110
11
1600
557
93
8
146
13
283
76
78
440
6
283
205
293
185
61
326
17
235
222
114
21
172
58
316
59
266
301
132
144
173
206
669
14
48
617
28
23
6
29
98
375
137
582
129
160
663
113
131
282
377
269
63
116
7
72
357
76
346
74
230
3
80
3
472
76
165
270
520
53
32
34
187
15
666
256
297
60
168
323
268
23
262
108
581
66
597
17
76
33
65
248
94
272
66
21
301
165
150
362
81
510
103
63
12
20
180
90
121
462
29
772
146
12
71
167
191
469
52
209
324
354
189
41
241
3
59
37
142
306
529
151
54
61
71
249
298
155
59
900
448
19
179
483
262
200
53
452
464
42
800
109
340
152
13
295
66
261
70
374
835
11
74
593
923
514
162
13
296
27
159
170
584
4
20
436
59
590
529
646
457
188
157
31
388
146
176
91
44
96
220
20
16
152
499
15
113
40
25
57
7
219
304
501
530
131
4
157
531
49
143
34
37
52
124
491
97
33
380
235
2
13
382
49
187
131
270
249
374
442
32
150
138
14
897
231
200
396
601
387
173
273
334
256
266
247
142
38
354
422
58
81
260
122
159
395
96
57
128
153
1
145
5
147
19
78
511
92
74
32
243
32
799
518
98
271
22
72
224
242
182
59
455
243
383
363
225
6
36
66
149
10
30
22
84
40
233
153
11
74
231
471
72
18
447
59
144
31
56
388
36
197
12
483
192
15
84
17
92
11
238
24
7
180
595
71
507
322
33
432
165
235
626
74
972
227
7
76
40
239
174
336
104
109
158
177
634
156
196
206
866
190
228
97
379
93
188
83
321
6
73
214
90
159
308
24
56
66
20
310
22
4
7
47
10
443
93
24
42
14
182
179
22
269
314
338
158
107
280
12
52
378
541
51
17
276
73
227
268
176
263
119
246
167
652
221
584
46
330
103
69
114
195
171
145
319
225
53
106
186
137
416
231
179
325
12
12
3
24
604
96
202
171
35
32
207
50
108
43
389
22
130
687
69
156
362
53
139
564
156
121
220
105
341
388
531
206
252
88
453
65
130
69
340
50
426
68
101
24
63
17
239
128
119
208
26
211
50
132
471
38
280
103
37
155
137
215
426
32
388
285
329
83
99
330
389
54
224
252
336
110
203
30
488
