185
97
5
466
20
369
295
163
219
454
38
6
39
337
109
52
436
77
73
106
219
96
251
7
80
156
154
105
139
268
8
576
312
26
81
32
224
316
1
21
466
730
133
222
298
156
83
33
28
111
513
137
104
330
217
976
184
204
108
129
131
93
22
370
399
118
31
24
97
123
342
241
127
139
33
40
4
190
99
43
126
393
227
298
262
600
13
313
279
488
83
244
19
293
481
102
72
229
49
64
165
160
348
76
63
144
321
109
12
81
106
173
854
28
336
63
84
119
279
224
316
16
502
2
82
213
8
200
312
142
66
42
64
200
19
134
111
102
5
87
283
367
254
27
858
17
158
18
218
301
7
132
635
40
267
101
590
183
153
34
56
555
8
146
72
23
31
87
64
430
97
7
245
29
20
55
890
448
11
111
364
64
228
209
238
197
84
690
94
3
480
39
313
82
32
2
33
51
1
204
95
9
110
187
47
9
302
519
263
24
135
178
257
21
536
45
223
36
58
505
298
32
33
136
304
104
58
140
7
16
30
223
144
69
203
78
69
56
138
306
38
186
734
665
459
62
138
282
301
415
607
156
8
23
244
139
303
43
606
569
438
179
136
93
226
98
140
141
238
61
114
1
135
182
182
8
218
204
164
153
26
43
464
48
285
361
137
42
171
19
346
88
95
162
131
56
18
114
122
180
428
123
55
92
16
211
107
97
7
488
285
84
4
447
149
106
62
25
489
30
37
365
104
401
412
178
830
101
39
422
475
23
7
9
9
60
158
225
120
226
271
202
49
173
5
20
48
244
182
175
337
148
310
145
47
237
128
35
88
151
181
145
54
218
10
15
115
207
265
509
243
228
56
44
145
56
440
60
80
287
143
246
150
25
409
157
249
33
814
172
105
547
50
128
307
714
156
114
131
20
235
841
29
59
250
344
247
515
186
43
46
82
132
330
374
65
17
234
91
207
572
1022
114
139
30
53
410
365
381
417
243
293
232
328
226
87
8
180
77
327
92
10
30
67
247
10
8
667
71
14
176
223
184
106
43
244
217
192
303
36
8
760
23
109
47
219
53
5
358
112
83
218
181
76
101
157
23
114
353
261
192
28
282
351
519
220
460
195
77
314
288
537
402
37
34
101
690
43
221
102
111
19
51
407
521
362
50
34
74
333
112
250
89
224
53
321
186
120
60
504
380
62
9
54
363
255
307
203
441
88
351
256
390
41
477
98
49
312
335
60
218
416
141
214
12
371
82
92
10
68
112
394
52
443
327
59
35
274
103
227
26
126
145
77
466
37
307
300
156
241
86
15
57
36
44
444
127
27
90
105
96
160
9
71
202
403
48
59
288
46
429
210
4
42
141
187
9
80
255
42
43
116
725
498
374
12
24
84
167
87
168
437
117
122
44
230
129
264
101
189
71
460
168
64
38
148
158
23
132
331
11
93
232
49
319
48
704
301
81
151
155
235
41
408
324
14
125
12
91
94
118
304
29
130
62
397
97
332
86
110
32
179
173
215
277
178
463
123
377
101
101
166
324
218
105
143
269
68
426
12
33
4
112
77
87
112
61
81
220
272
182
61
222
138
172
902
82
123
82
61
111
347
77
34
809
28
105
13
59
398
623
489
442
55
95
413
288
18
72
40
63
88
571
109
109
46
306
439
189
15
25
76
91
338
178
183
532
70
76
392
15
98
218
120
396
588
72
41
440
195
184
142
205
5
1
306
128
49
107
130
661
2
54
105
11
699
34
316
249
244
55
86
194
70
118
18
165
105
36
20
727
14
378
2
125
125
93
84
195
453
31
128
1
46
206
110
176
263
115
52
190
59
58
12
14
393
49
350
244
51
479
148
762
66
45
635
200
274
183
38
99
118
25
39
158
547
62
82
313
98
79
798
30
41
99
189
65
48
90
67
52
83
118
138
175
710
66
57
60
64
49
117
2
471
599
138
207
343
1173
49
47
14
40
263
2
14
222
260
383
76
257
212
66
9
211
30
42
238
39
83
224
324
253
109
114
37
264
529
163
343
242
53
20
273
347
274
38
348
15
50
23
794
197
262
54
750
94
212
477
373
121
72
114
111
167
125
82
651
4
165
291
56
46
202
110
55
162
436
306
263
154
957
14
397
390
459
231
25
111
86
176
217
31
319
74
175
43
6
23
401
346
16
713
267
75
303
447
48
30
190
52
101
849
10
134
122
224
31
115
300
178
192
293
53
270
17
66
12
1255
215
389
71
206
278
20
71
310
24
510
38
327
736
21
297
73
129
365
23
321
7
148
201
195
624
267
130
49
1014
167
714
88
1015
108
148
114
123
62
61
93
37
205
124
60
192
49
35
86
126
73
1049
112
265
41
234
56
597
132
39
1
813
177
325
185
295
81
208
198
216
373
75
290
174
465
66
222
298
190
45
554
71
320
34
51
3
440
72
31
65
251
546
2
17
907
90
10
340
406
194
26
108
106
129
208
17
65
217
226
67
159
425
401
87
559
122
77
51
78
37
783
249
404
50
187
498
203
330
644
11
3
55
66
96
278
24
215
131
12
134
99
167
136
151
444
19
16
191
75
76
98
78
97
26
19
80
205
250
191
205
180
137
127
31
556
319
425
581
107
240
57
131
97
205
31
344
274
16
63
43
64
352
46
34
588
125
56
107
109
68
50
246
34
58
215
332
102
141
7
6
136
272
172
48
243
27
102
296
27
659
72
180
269
462
25
101
55
320
505
122
257
10
762
44
358
149
256
169
115
556
213
281
117
251
135
19
401
51
103
273
241
142
225
14
254
62
227
24
313
63
111
71
323
1004
196
205
298
190
148
179
68
27
108
417
306
329
34
94
383
265
136
117
22
160
187
241
231
55
223
257
23
26
306
189
93
262
25
497
21
471
202
432
220
230
46
130
1
75
122
36
25
12
56
493
546
6
8
114
175
275
20
844
214
230
267
502
194
118
201
57
456
435
90
75
277
353
27
917
163
187
897
101
173
38
115
162
298
688
197
9
348
71
35
1
427
100
274
177
46
511
169
43
52
29
251
170
41
93
141
42
407
38
17
395
196
221
17
21
36
140
271
33
70
1076
72
52
43
295
940
347
56
157
154
218
24
77
113
47
18
250
432
44
81
173
293
43
25
253
101
195
186
371
133
51
83
156
38
117
657
114
94
228
81
65
93
483
159
47
666
189
9
377
6
127
75
134
334
396
97
20
345
161
177
74
219
172
301
52
209
310
157
19
143
12
153
236
26
151
138
217
134
3
22
92
505
338
29
214
233
42
48
33
5
215
162
71
339
89
463
552
339
268
57
159
267
231
94
591
12
124
455
199
445
133
312
121
282
99
22
559
180
81
419
384
428
10
509
77
42
167
125
34
854
26
88
243
24
35
389
320
223
846
207
35
310
608
21
429
621
228
131
66
117
72
23
278
136
39
17
626
279
10
237
608
233
20
27
159
104
454
118
179
222
263
188
100
140
39
132
6
34
150
142
250
401
571
22
834
38
372
94
467
43
131
67
1248
219
38
301
37
24
39
17
62
770
221
200
165
18
291
418
383
49
24
100
95
50
603
153
70
123
43
30
560
508
102
100
162
433
47
139
273
117
24
35
89
272
24
146
1042
72
38
224
493
47
637
74
138
171
397
157
3
23
245
212
559
13
39
214
129
153
101
121
160
81
215
166
1058
80
253
9
25
203
230
271
92
111
557
101
99
254
13
269
14
18
49
42
410
122
5
39
47
3
66
291
594
110
194
200
466
76
134
624
115
71
118
108
627
96
61
292
128
36
288
44
701
180
455
688
320
223
2
145
321
566
273
153
104
18
208
39
101
141
294
680
169
45
115
138
5
328
134
142
59
29
9
124
367
8
62
43
415
869
6
254
428
36
4
342
127
106
51
130
97
508
58
285
49
947
133
60
137
212
144
217
80
171
335
159
97
10
40
6
87
104
358
69
234
268
221
216
317
44
231
67
92
322
676
818
38
6
61
118
466
19
175
58
102
33
349
562
458
127
381
188
170
208
4
46
9
570
192
12
26
726
48
333
120
184
69
61
80
100
65
60
92
138
67
61
58
58
229
178
67
95
346
9
728
32
3
465
90
64
26
790
66
799
344
276
77
1225
577
40
222
424
432
98
187
135
161
209
291
701
348
495
4
11
875
101
19
13
21
72
215
119
304
94
47
41
96
58
60
439
974
70
65
2
70
684
513
443
214
82
511
29
156
332
44
1363
175
253
155
63
103
307
153
102
159
31
512
60
183
557
33
98
370
29
76
2
157
196
51
271
50
50
312
67
645
199
132
571
42
3
9
91
431
44
43
65
248
37
158
187
6
476
125
347
57
43
11
366
149
115
1261
74
46
35
152
224
13
45
34
348
261
62
108
217
89
397
110
123
468
70
67
85
13
254
63
279
72
550
379
38
679
653
84
14
490
854
104
67
212
344
15
327
127
109
167
42
130
167
190
152
23
82
117
75
574
103
51
571
117
316
35
101
119
50
552
254
1
139
286
329
105
59
231
62
5
100
133
241
270
167
272
74
205
17
109
13
283
121
173
97
122
37
150
195
99
243
13
41
124
128
10
217
347
262
12
323
84
15
64
218
134
176
98
335
38
64
246
404
112
370
41
67
127
112
179
229
11
93
174
185
198
202
319
785
59
617
343
53
258
75
24
63
468
341
250
70
246
206
448
258
260
2
131
14
595
489
19
26
157
210
665
80
41
238
209
191
441
21
50
180
340
535
68
109
4
533
132
49
186
419
213
84
64
380
141
96
250
533
379
46
337
116
63
540
35
80
79
30
293
319
19
30
185
259
39
273
246
11
11
63
163
202
291
33
147
275
429
19
497
283
314
502
216
23
33
49
489
40
210
360
297
36
374
84
107
122
55
177
230
305
91
85
187
157
20
73
296
155
366
64
14
202
534
687
254
132
377
41
37
392
153
254
196
295
145
450
507
380
9
3
142
43
705
172
30
45
183
218
39
154
42
54
1258
304
95
298
128
410
47
15
716
588
846
145
446
221
248
248
31
187
56
320
177
341
1
71
427
38
82
343
258
148
84
138
482
95
81
131
57
10
214
81
263
1012
23
222
892
92
202
493
117
99
179
119
36
220
43
15
474
840
120
17
57
272
72
318
81
170
21
572
49
58
52
197
42
146
19
86
37
381
20
393
147
366
528
41
81
49
393
224
199
33
42
124
110
497
220
19
31
134
12
273
97
43
154
375
113
2
52
114
152
171
129
24
112
163
43
555
7
104
525
22
332
30
429
249
295
53
198
163
164
48
238
40
192
10
325
21
436
488
459
151
5
121
296
122
162
25
108
93
7
211
472
170
160
98
665
70
216
83
688
179
32
325
180
63
188
126
356
246
82
219
175
617
111
426
166
450
206
12
256
393
681
359
457
146
71
72
622
98
71
91
15
328
336
68
110
272
482
166
6
49
450
213
378
277
93
251
6
213
290
446
80
138
70
73
186
180
375
63
129
435
265
459
461
8
334
214
589
12
474
513
96
98
6
56
90
225
82
67
537
40
87
22
159
20
81
424
77
221
80
197
53
108
404
2
7
80
268
419
6
98
355
184
134
46
154
290
414
46
202
95
205
27
36
28
311
42
51
380
522
360
50
238
6
74
116
50
193
640
151
426
191
193
284
25
151
395
173
145
56
154
115
62
23
94
76
102
159
5
759
715
476
103
85
283
290
194
6
151
108
107
127
169
283
91
188
124
66
305
205
289
106
177
268
227
436
5
61
68
109
172
113
127
82
459
405
14
115
28
15
105
298
103
41
336
180
618
32
21
25
185
167
276
108
842
100
342
26
100
324
34
20
151
62
8
423
15
72
366
27
78
350
314
200
377
208
120
89
115
757
604
1066
40
153
225
101
19
20
89
160
3
16
79
85
70
4
366
322
432
137
64
2
107
109
18
149
457
37
67
97
171
162
109
132
178
14
252
168
662
96
115
140
208
170
18
12
920
12
141
609
149
210
148
91
81
326
36
174
498
105
21
18
387
37
93
259
26
8
4
61
104
199
216
469
61
26
239
42
126
181
30
309
100
73
251
164
263
307
91
149
134
92
199
755
132
654
30
128
69
215
234
428
492
14
23
65
10
444
100
331
68
241
72
84
24
84
593
11
736
2
141
221
106
100
183
225
96
494
148
13
355
132
336
574
259
285
78
264
110
104
92
15
264
64
8
61
146
929
68
100
33
648
395
516
244
38
231
421
41
386
323
112
232
107
116
10
305
194
78
767
3
148
311
52
326
12
385
292
226
349
292
55
14
783
41
318
190
269
155
97
61
120
248
20
7
237
176
425
277
104
177
76
218
119
314
193
50
211
258
235
400
286
99
79
56
56
235
97
178
128
303
18
234
49
125
42
58
485
55
55
2
249
15
202
119
260
132
230
109
134
20
118
173
12
27
135
519
293
14
93
75
19
1342
637
61
141
267
109
590
1180
88
2
219
845
42
112
208
60
536
608
163
373
408
9
152
76
492
219
16
111
127
11
226
212
279
19
138
148
227
21
608
52
389
34
155
144
365
298
291
64
41
11
144
375
117
19
216
132
220
406
93
499
146
71
318
171
167
208
200
75
469
27
74
50
205
284
38
110
94
87
152
87
56
238
418
123
213
305
25
381
61
50
48
323
74
175
1
186
543
451
193
286
138
1065
64
551
168
745
338
235
196
112
428
109
21
241
671
135
355
498
65
12
156
539
254
128
103
749
381
365
78
44
28
185
3
324
81
232
127
15
121
30
426
401
791
272
234
704
332
183
283
422
257
16
79
74
259
37
352
30
23
253
35
1294
164
107
130
52
41
25
31
98
304
109
486
26
47
540
554
142
35
66
233
209
63
52
100
272
312
736
18
76
290
5
381
383
3
189
94
158
274
51
89
95
48
9
596
58
35
578
260
103
134
415
87
320
582
41
139
263
41
343
31
91
6
420
289
102
78
124
218
200
35
84
379
171
425
91
238
440
212
16
483
370
759
169
565
138
1106
598
92
392
463
129
113
254
79
284
55
92
7
15
302
583
299
34
80
190
204
168
77
66
258
705
76
24
155
100
26
141
437
425
232
327
212
161
396
109
72
129
174
179
107
99
191
160
39
235
125
51
12
238
125
60
200
191
259
175
320
49
4
40
73
224
25
84
411
144
329
19
339
42
14
891
119
48
155
20
32
75
467
50
111
198
53
56
370
82
481
257
21
285
54
127
32
92
66
83
244
215
23
620
639
102
568
172
368
39
97
351
244
267
60
146
279
19
46
59
11
331
180
21
140
174
371
496
156
86
302
281
5
30
16
357
6
607
109
125
3
291
120
176
17
4
22
27
289
206
112
482
39
11
129
89
315
18
96
214
347
84
39
207
104
544
136
28
158
8
230
381
24
74
146
325
257
164
1157
32
480
245
107
107
82
111
50
61
128
146
378
110
163
111
2
34
36
438
186
380
57
42
429
8
870
691
346
142
72
22
121
294
87
152
32
167
426
201
126
206
282
713
261
153
146
3
296
151
78
225
29
181
20
66
30
107
52
289
16
77
245
263
636
69
731
50
16
286
97
258
340
118
176
97
647
484
242
390
577
22
195
338
60
160
61
152
156
125
27
160
121
121
8
429
701
19
96
253
27
855
197
20
373
239
192
152
642
14
80
15
662
74
150
225
205
141
31
144
31
288
238
6
186
254
198
81
486
205
440
327
230
349
191
129
20
149
51
9
187
22
350
21
55
217
49
125
103
360
88
27
726
832
227
273
209
145
3
44
40
145
157
25
188
121
169
585
15
32
142
94
58
257
384
258
32
309
176
53
30
145
262
197
6
451
149
18
36
369
649
544
28
96
21
28
52
204
556
545
59
413
64
368
251
49
66
19
8
99
59
414
463
23
77
187
63
87
105
67
47
68
120
89
21
872
7
33
82
273
95
47
21
24
12
183
67
127
44
224
50
66
167
29
53
301
99
2
199
75
49
107
72
7
230
192
96
43
156
88
44
260
292
410
3
90
23
207
249
660
483
70
830
86
168
181
26
65
115
24
2
336
167
101
115
387
16
46
58
560
156
272
158
30
47
98
98
49
102
343
52
296
610
25
174
181
8
230
9
595
36
160
66
1
303
1118
15
28
63
620
560
62
220
36
175
27
3
159
172
91
190
332
150
166
15
213
52
21
126
222
519
270
137
68
66
25
480
343
29
339
24
12
214
74
62
74
769
108
258
139
461
177
36
31
293
183
52
285
26
10
14
222
40
41
175
203
338
130
255
77
5
130
233
6
172
68
107
252
415
88
20
260
212
281
37
43
177
265
186
198
108
242
295
207
229
105
308
61
218
143
238
308
187
61
68
268
367
150
456
292
419
391
19
13
20
367
130
39
17
108
190
322
55
116
52
100
292
29
234
35
169
260
9
90
49
491
109
104
165
116
52
233
14
120
481
224
122
470
212
33
342
235
406
35
235
252
322
165
59
229
20
226
56
269
228
5
214
302
344
174
344
152
199
157
774
56
666
17
530
22
750
5
367
43
49
559
358
19
174
206
108
626
4
141
94
58
59
186
45
309
116
37
221
105
11
57
204
560
428
33
233
233
120
155
211
33
247
246
242
46
93
695
2
125
243
225
187
12
26
294
176
125
117
105
26
284
35
161
150
373
144
17
398
1567
313
70
52
99
199
96
71
324
240
253
55
73
187
166
166
10
89
7
6
542
49
438
37
95
80
13
180
383
507
109
165
130
116
255
3
80
129
49
181
256
327
483
328
36
104
445
359
47
290
281
44
478
93
157
287
32
223
49
60
120
101
14
387
211
160
21
505
770
632
345
152
446
210
107
388
81
968
258
729
190
395
29
57
239
263
209
354
8
1
73
107
254
116
57
309
32
1
159
81
580
4
31
4
82
497
533
4
230
133
126
143
116
421
48
314
46
83
341
62
27
403
121
108
82
297
160
91
228
98
8
20
111
322
126
529
38
1
4
96
236
48
414
556
587
295
421
498
505
122
4
526
168
147
206
19
167
85
455
169
14
4
96
152
49
230
114
25
186
6
16
141
111
261
8
255
139
48
407
39
559
166
163
211
199
551
232
267
65
75
162
86
48
526
52
112
239
59
4
98
576
349
82
111
156
326
103
69
159
180
284
178
573
91
17
54
216
339
57
25
516
12
29
195
24
406
16
9
386
79
156
153
177
612
437
203
70
111
275
10
204
5
665
210
47
297
176
117
22
171
358
125
164
38
177
63
402
74
63
22
61
506
222
73
6
232
214
23
153
325
45
91
107
81
279
76
188
532
105
4
138
84
313
131
347
130
49
33
215
115
903
318
17
69
108
109
374
3
107
65
239
90
52
172
186
14
52
4
186
43
52
217
129
711
76
83
631
3
217
18
293
35
63
312
17
459
29
171
259
211
298
9
345
276
210
974
9
137
85
209
60
29
16
11
288
8
117
224
315
6
484
401
171
21
791
49
190
113
144
110
117
6
45
308
154
349
195
441
207
184
446
173
50
157
75
351
41
348
11
182
280
1337
70
59
156
187
367
222
197
311
184
180
387
70
867
85
13
225
208
144
113
19
145
205
265
116
214
186
208
85
403
230
394
192
132
735
54
270
105
52
219
20
303
231
536
75
68
7
49
184
168
15
142
95
235
30
206
11
36
657
36
79
123
788
259
315
138
263
74
68
19
110
398
235
302
60
258
226
19
200
105
27
172
281
17
190
275
373
95
357
54
121
354
47
55
1
163
214
238
42
144
270
27
61
614
29
221
384
96
233
51
98
204
764
46
247
116
213
385
1
674
119
190
178
375
37
125
264
34
163
306
804
235
79
192
51
60
46
403
695
31
93
93
4
144
27
80
12
793
17
5
76
6
305
97
398
139
16
52
195
484
13
333
252
304
776
137
58
239
449
29
17
85
127
12
246
48
272
37
426
42
42
25
678
305
584
772
261
39
156
131
179
339
606
37
658
336
89
154
278
303
111
167
193
110
118
202
25
152
51
69
57
205
1064
354
185
7
62
39
189
85
431
1
6
121
55
180
62
488
365
92
190
190
52
193
1
442
131
78
90
368
41
183
39
2
54
247
83
41
66
20
464
173
32
114
317
991
31
36
29
71
145
122
41
446
625
17
186
93
127
38
9
25
121
87
218
11
90
31
286
53
279
43
670
158
17
54
49
47
22
74
10
67
45
23
67
492
132
17
297
171
7
16
49
522
18
30
225
203
160
91
507
287
220
66
28
1173
37
268
19
125
307
308
120
63
111
131
44
166
456
22
347
72
142
297
107
112
86
460
31
250
233
119
84
654
51
141
240
312
187
20
224
249
14
251
290
286
117
168
231
78
143
687
8
122
593
384
200
94
267
506
661
80
99
76
3
188
362
91
550
400
74
76
246
142
10
158
94
86
50
49
698
61
378
369
223
6
28
270
84
25
605
350
3
196
761
260
102
15
32
237
17
61
474
58
99
917
9
17
202
256
118
23
276
11
216
54
573
21
158
245
131
178
513
177
27
358
141
70
111
76
3
225
84
25
282
178
100
463
178
123
402
216
151
297
40
602
477
1219
10
381
105
401
119
81
318
146
24
67
268
125
133
456
140
358
436
211
515
408
389
170
117
37
90
8
180
176
461
340
302
80
29
165
207
39
26
129
542
65
273
101
35
152
120
717
498
8
400
42
46
129
99
525
170
8
96
350
133
284
2
21
226
295
84
179
472
117
368
266
504
396
295
232
730
204
212
67
290
138
98
31
22
197
14
134
39
56
34
18
291
88
15
366
50
46
284
104
164
75
110
114
162
196
468
289
23
289
456
39
301
299
151
3
374
101
113
91
216
71
426
699
254
66
27
225
58
396
122
162
237
63
31
131
393
58
350
81
43
266
122
171
473
292
86
107
97
234
140
62
215
13
259
264
85
65
230
359
356
75
124
233
24
211
276
94
16
296
42
42
182
50
14
3
77
253
391
7
95
63
287
136
3
276
347
251
90
566
251
31
54
128
307
160
83
203
124
49
212
169
189
50
102
266
576
187
103
49
10
216
48
260
36
549
322
457
66
88
47
246
220
4
652
185
100
738
193
57
665
239
65
89
230
107
100
202
288
16
288
42
409
40
883
144
26
19
71
105
37
41
9
385
121
127
259
73
51
446
486
84
108
22
364
47
641
372
21
26
224
259
52
499
59
166
151
485
152
6
3
143
151
349
269
141
121
23
124
149
43
79
459
203
115
74
121
148
695
233
276
55
68
124
361
4
19
431
94
11
277
113
222
310
94
1421
446
196
146
27
79
163
39
99
776
229
26
313
120
12
47
47
71
420
237
296
385
121
55
74
305
484
185
169
48
36
228
146
340
5
668
76
229
7
3
71
64
410
6
190
98
463
29
288
109
291
118
281
287
150
154
19
262
73
98
73
318
464
102
68
158
89
176
15
28
539
151
87
189
119
43
115
6
139
41
328
140
133
164
19
61
448
300
174
486
454
402
20
327
193
118
73
348
27
200
91
127
172
139
614
161
136
23
145
91
202
284
432
215
119
153
11
62
158
262
52
274
43
64
815
362
62
243
219
28
220
359
299
267
201
230
180
94
548
273
237
187
113
52
204
253
514
79
145
502
343
29
167
90
155
75
195
246
31
6
163
206
37
97
127
39
23
320
385
13
159
155
108
40
90
525
323
51
4
89
571
171
102
238
53
192
28
33
58
121
440
56
61
64
212
570
47
59
89
154
109
82
567
100
252
259
54
37
45
120
228
155
101
328
73
19
604
16
1
112
236
80
137
31
33
210
1
207
86
211
17
162
13
193
173
231
51
24
50
52
286
94
245
51
147
105
483
607
157
7
9
59
96
332
69
132
237
24
525
19
362
64
75
132
206
14
285
59
35
110
328
85
136
245
265
60
168
101
523
468
508
138
674
47
81
176
580
1061
122
261
936
85
49
56
115
492
28
156
200
107
83
611
374
268
143
398
57
541
95
1018
106
148
20
44
85
80
35
168
131
95
19
65
182
593
196
458
42
109
172
200
41
568
39
52
150
178
3
912
168
7
96
215
287
89
36
169
180
30
14
431
59
71
86
60
937
480
312
324
203
150
28
208
59
19
221
884
97
10
71
581
409
309
185
12
257
524
77
312
658
191
390
435
709
98
15
450
63
242
8
261
44
272
6
186
144
170
109
42
68
54
284
74
37
487
220
16
97
254
388
267
162
48
523
31
230
59
45
27
89
63
68
227
199
154
189
59
133
172
192
1
126
54
415
95
75
177
312
344
39
42
34
3
75
381
61
113
303
127
288
183
10
5
10
398
8
87
74
11
154
284
10
360
131
25
52
37
3
123
299
192
410
286
237
562
5
505
118
290
1352
172
432
241
611
380
110
255
399
179
204
40
416
56
19
69
54
444
133
108
326
204
7
2
179
351
8
163
76
65
210
91
109
18
307
147
157
21
25
462
470
203
52
155
162
192
249
46
882
166
108
171
18
252
159
286
321
279
388
196
219
58
208
223
125
129
298
412
28
174
108
66
70
362
300
273
126
593
133
200
81
20
423
339
16
272
495
378
72
401
468
192
99
202
320
85
465
43
61
69
401
180
48
569
142
140
21
29
89
289
168
365
46
108
350
7
400
56
78
130
56
126
7
264
212
238
13
63
371
214
271
5
275
439
812
46
92
501
18
290
328
14
250
76
440
113
73
360
91
46
155
14
27
348
42
432
123
36
896
156
272
58
336
8
193
237
325
177
9
83
260
106
56
76
63
295
3
2
121
160
83
19
564
57
305
39
105
247
213
56
257
129
102
81
36
6
36
242
84
368
8
825
25
166
550
121
39
28
160
822
142
52
102
345
135
420
101
259
346
162
555
185
1
187
618
50
168
100
481
16
387
539
48
10
113
114
1
429
708
155
332
37
319
199
917
327
275
8
135
210
218
137
370
97
34
238
452
47
473
63
53
119
46
10
283
228
561
612
104
131
303
90
121
83
269
57
106
464
397
4
546
19
57
77
277
44
24
248
11
163
32
135
86
494
361
174
49
4
3
295
553
176
80
40
130
54
384
66
320
119
175
80
573
35
891
154
432
24
99
373
182
137
86
198
76
11
314
36
129
34
24
59
58
2
525
318
53
172
274
212
29
57
57
242
15
562
101
93
76
227
22
143
10
50
222
635
9
446
248
200
285
33
313
136
363
8
136
53
105
9
26
2
57
169
312
19
50
131
15
297
604
483
628
83
62
464
90
133
63
579
344
10
206
10
238
68
6
106
148
257
7
67
299
241
325
35
267
217
198
319
244
105
160
70
59
38
122
223
289
527
181
41
586
230
9
374
169
37
1314
87
26
262
133
510
183
335
77
50
47
325
442
422
19
212
250
299
431
18
36
203
77
258
120
12
142
9
48
145
58
93
298
157
707
526
134
158
172
31
32
116
509
26
546
229
23
191
423
303
84
88
68
407
160
7
25
126
144
362
286
1028
218
393
49
31
91
48
22
247
308
47
136
623
41
116
8
28
266
25
83
44
242
136
13
106
19
258
252
329
168
1
201
44
360
77
8
299
39
240
270
567
102
55
103
99
450
322
339
25
9
237
50
96
207
51
13
64
212
102
49
508
410
234
26
1058
426
31
309
152
424
253
33
268
227
44
283
351
161
127
54
140
43
187
139
35
116
132
49
113
11
91
111
28
50
64
391
55
3
120
395
719
156
346
111
164
842
274
70
342
57
526
182
26
118
358
974
357
584
115
310
361
43
215
1196
51
990
84
347
273
153
17
140
28
345
304
2
367
297
67
179
98
216
414
163
294
32
15
91
35
196
124
100
104
17
6
114
121
39
246
83
70
369
178
314
139
721
176
231
801
178
495
13
5
15
52
23
50
275
260
25
95
149
35
785
5
319
580
15
159
85
101
15
204
113
57
215
11
371
117
172
88
15
129
743
234
86
27
175
46
305
576
185
42
68
84
385
158
155
182
21
243
217
213
5
140
431
10
414
51
414
299
34
70
622
142
115
333
632
512
221
113
435
169
3
282
34
11
213
315
176
437
157
173
441
591
164
171
429
243
11
492
21
54
54
24
15
65
101
68
631
44
98
171
308
40
98
260
637
154
92
164
74
119
66
74
98
654
92
144
45
208
211
141
33
228
743
17
82
297
210
131
1481
269
24
66
72
12
184
47
27
65
78
185
40
193
5
134
21
183
136
586
243
5
741
358
56
44
420
117
290
239
359
52
81
166
159
34
84
48
97
299
220
627
44
213
287
125
81
43
169
798
77
128
87
244
38
48
46
18
308
109
128
128
113
361
311
464
282
306
510
95
72
129
46
137
1290
107
246
290
189
628
548
120
171
213
45
65
52
110
114
401
441
42
215
55
294
15
330
46
30
251
30
949
289
342
561
4
21
157
293
5
24
311
525
166
80
6
101
8
736
248
555
65
257
460
193
392
4
40
108
29
114
126
42
51
7
316
226
409
44
228
311
124
513
36
407
21
1
20
41
5
21
318
77
66
36
226
273
481
42
405
53
176
265
150
89
635
45
379
330
197
84
113
244
3
785
5
227
11
87
78
451
700
24
400
286
10
111
186
147
234
31
76
129
217
127
86
7
317
48
475
78
14
530
91
158
83
13
304
401
207
131
35
661
84
97
170
11
729
17
274
148
49
170
37
585
233
108
90
234
12
392
89
323
44
236
6
116
332
316
78
154
73
360
2
483
76
26
9
171
226
7
26
111
50
7
158
11
47
235
614
451
304
292
12
109
56
249
524
186
149
204
952
99
233
47
57
88
315
96
398
71
876
155
260
935
35
465
6
313
828
282
135
76
261
107
81
590
207
106
157
87
70
478
190
255
219
263
51
1
100
11
22
306
631
42
150
17
47
110
223
275
1251
109
72
246
95
24
759
276
13
163
79
18
212
283
128
107
80
432
60
217
119
429
68
45
389
504
122
209
58
217
1206
23
120
357
232
509
502
6
61
301
95
61
233
74
378
41
79
586
842
135
196
53
4
120
108
70
39
5
106
268
468
158
1204
209
284
134
489
471
64
37
493
177
233
755
4
190
384
6
102
102
37
252
175
242
418
42
627
108
193
25
62
136
136
357
29
268
164
50
50
238
15
96
31
77
75
141
221
232
88
719
98
114
191
14
87
35
145
89
374
141
25
39
388
31
15
29
79
85
248
49
334
111
219
88
188
251
303
885
656
75
283
161
121
75
71
102
26
303
32
18
135
22
333
145
932
4
101
455
789
5
68
1131
397
78
27
201
122
22
384
483
43
89
42
30
51
448
103
479
11
368
240
78
285
80
14
313
118
157
624
109
644
534
174
114
146
243
57
180
70
107
140
22
194
321
137
577
329
196
80
30
63
247
346
416
1227
479
127
1
669
53
634
365
183
331
23
268
435
822
151
124
45
35
503
269
129
238
54
7
291
159
240
694
413
371
436
98
4
36
340
140
61
233
78
30
242
1286
180
126
11
224
47
73
254
122
145
82
598
46
239
74
31
71
87
200
519
322
755
86
21
1040
29
741
5
194
236
30
156
114
971
146
13
93
51
7
398
3
507
280
49
170
418
147
116
24
87
240
124
51
460
21
937
487
211
121
448
348
111
145
385
204
128
30
549
295
57
104
26
28
812
45
106
32
137
59
202
327
720
18
132
396
40
327
480
3
361
76
138
43
184
304
386
269
110
495
217
219
213
4
114
240
294
50
201
90
910
597
38
322
250
10
657
158
12
137
156
835
89
66
109
242
4
69
50
118
118
303
43
544
161
76
54
47
167
245
638
278
147
434
669
23
68
43
367
47
136
7
9
25
25
106
51
115
43
57
21
14
92
2
122
162
287
176
104
271
420
454
113
553
632
41
100
81
200
126
5
403
38
28
7
67
51
26
112
167
88
236
22
142
53
49
84
182
345
624
73
723
112
93
12
204
462
335
74
224
453
35
100
207
135
82
190
638
3
34
152
89
126
146
77
61
73
91
252
51
938
104
287
38
35
11
341
222
217
174
6
515
122
479
314
276
167
10
82
48
8
190
1414
37
44
121
72
108
13
292
105
237
57
276
15
46
52
47
217
549
64
31
84
127
459
234
8
133
54
139
54
239
14
538
61
120
553
17
16
217
46
15
49
89
67
210
1406
148
5
120
141
115
132
1073
142
70
8
348
486
58
12
307
334
224
18
455
255
279
319
331
27
63
213
62
478
218
147
189
300
40
29
265
53
61
286
132
57
667
452
782
38
155
73
349
6
823
73
201
273
251
186
479
107
24
159
238
51
32
19
845
23
341
96
88
241
186
71
309
281
213
257
37
152
548
676
100
79
16
33
190
224
15
483
134
93
210
55
8
404
115
362
668
35
227
321
626
262
273
1567
557
238
27
838
265
233
26
284
23
186
727
63
208
336
208
767
137
442
593
73
77
145
63
83
177
170
179
208
150
24
11
136
333
45
260
91
97
71
397
23
109
56
76
149
452
117
92
317
257
84
214
155
475
328
121
436
261
122
777
100
100
189
1
26
26
409
107
292
33
881
7
37
202
17
78
1525
395
326
57
13
337
164
4
603
145
88
484
134
26
99
403
264
53
607
33
583
111
297
259
75
111
88
180
325
464
113
328
1040
98
24
100
46
58
373
421
299
45
273
209
404
78
107
399
172
12
361
35
279
29
119
323
84
541
674
180
185
47
15
40
7
219
159
3
90
87
712
219
124
90
148
288
129
281
10
40
11
53
522
297
8
135
460
92
107
275
87
41
406
99
58
119
374
52
62
101
101
71
40
105
227
273
47
121
127
221
62
189
143
123
396
364
6
176
186
280
74
67
4
188
198
27
235
46
102
585
97
557
431
20
40
259
75
114
67
2
270
36
152
162
145
312
57
69
212
89
142
411
5
71
114
46
196
528
171
207
403
10
885
27
27
183
33
361
127
400
48
331
438
41
284
1219
386
192
210
36
171
176
4
54
291
457
9
100
76
38
162
160
206
20
31
150
29
145
268
158
129
332
107
81
54
144
83
149
153
224
192
174
37
441
5
610
786
151
57
243
434
13
285
72
84
1047
398
346
209
98
13
59
412
99
67
32
338
309
28
73
299
9
215
284
150
269
408
254
76
815
114
279
53
210
302
408
321
1400
34
298
26
185
240
655
111
13
40
505
100
130
122
25
5
31
58
3
125
117
95
352
207
100
562
58
729
359
225
346
13
244
733
56
254
101
247
60
25
205
116
105
118
464
25
76
540
275
373
274
145
34
358
37
12
55
19
1538
119
87
767
77
104
10
60
40
84
366
190
78
30
63
89
123
37
51
94
391
99
665
389
123
518
413
1049
48
394
83
35
463
246
313
233
24
76
76
473
200
182
387
103
541
501
119
46
4
128
119
653
72
135
58
223
275
221
116
19
10
177
399
103
583
150
171
63
160
138
28
310
268
333
47
153
125
19
2
49
29
977
110
18
305
160
102
206
70
113
155
327
80
779
78
10
50
103
746
216
171
425
125
271
267
7
139
559
417
143
29
183
515
18
368
105
10
23
164
20
434
193
242
75
78
2
165
65
462
157
24
62
255
190
200
172
603
7
41
3
262
59
88
150
197
341
56
16
108
494
48
77
100
89
71
54
433
382
308
58
62
421
550
632
25
11
69
14
328
69
164
197
39
190
152
32
162
799
2
236
351
592
43
171
309
137
158
228
126
497
153
21
225
13
59
17
132
310
118
632
338
2
286
23
657
22
426
166
27
18
88
83
314
102
221
19
28
180
142
49
23
349
233
504
182
121
252
119
30
192
115
660
178
25
293
62
112
120
644
399
375
88
90
162
111
225
35
14
170
538
18
414
117
108
131
299
174
32
327
82
881
165
627
291
353
58
107
92
141
189
221
20
77
267
534
90
115
106
151
222
92
145
5
37
243
278
130
241
65
586
391
136
157
393
8
4
81
296
90
35
255
278
58
65
54
454
347
55
26
119
767
8
398
12
502
15
251
22
184
239
111
95
11
30
452
702
12
82
898
286
27
374
44
60
69
101
99
49
204
30
95
395
12
63
136
1
46
5
451
746
23
268
398
226
106
642
269
169
264
75
307
3
14
23
208
266
258
104
215
323
340
132
236
537
216
115
308
141
35
578
59
17
183
287
147
333
318
24
89
161
29
138
317
10
96
20
96
3
349
53
5
127
209
35
32
37
5
178
92
116
479
48
102
88
5
227
109
124
497
49
199
7
217
112
43
20
25
109
71
28
48
295
159
287
61
149
108
68
254
263
646
103
108
226
150
582
225
92
227
5
79
91
6
84
15
179
56
24
35
37
453
87
375
426
103
550
199
106
297
54
228
372
94
245
136
215
114
53
41
222
141
192
110
26
194
7
124
121
74
296
56
444
62
35
8
101
369
707
170
23
16
39
37
418
144
97
315
579
139
320
151
105
47
17
117
144
13
419
62
119
361
125
584
191
19
59
114
24
50
165
279
97
308
133
321
272
95
40
337
314
248
123
8
89
41
665
127
9
190
396
64
708
94
72
231
354
206
160
6
322
743
27
225
128
596
286
149
81
14
171
457
518
204
55
92
66
506
159
114
226
25
44
185
102
167
24
257
136
321
42
35
44
212
312
233
15
48
345
206
137
282
276
53
155
120
97
152
439
2
345
23
378
3
73
263
14
31
116
37
8
5
148
142
2
432
106
835
88
337
244
318
12
267
189
366
71
481
91
430
423
27
138
22
126
83
362
127
66
540
161
715
87
92
28
22
468
101
165
186
653
177
217
712
329
96
309
183
80
93
394
26
479
10
2
420
465
257
211
761
78
392
116
527
334
136
325
73
153
1
151
111
1941
608
37
139
142
34
194
51
54
304
300
67
186
202
138
268
1375
99
358
283
112
550
322
226
57
203
162
360
143
197
78
38
10
540
489
11
439
196
39
65
19
231
54
283
167
386
364
351
15
33
231
211
342
64
13
239
653
208
192
274
105
63
222
107
32
31
334
210
209
117
55
35
110
50
172
63
88
285
191
30
442
109
259
382
225
16
89
77
261
599
116
115
304
7
4
166
337
306
957
210
120
90
72
26
56
24
89
439
141
137
29
139
250
44
237
442
32
201
162
245
311
172
234
213
32
25
150
412
7
216
324
284
538
51
178
59
7
234
90
8
147
74
109
181
59
18
160
207
87
84
53
419
380
32
59
133
987
326
18
118
60
37
331
5
240
658
9
135
258
407
174
127
412
151
48
564
242
63
126
81
97
232
230
233
20
417
56
89
298
131
69
50
104
69
320
366
78
191
74
190
270
36
53
69
1
180
754
470
246
155
368
148
71
55
521
365
36
169
767
11
494
195
128
856
398
189
298
564
85
73
297
56
637
223
276
598
76
4
447
238
102
63
68
25
26
228
239
416
40
201
1
232
333
319
216
95
137
74
655
105
65
57
150
373
262
21
309
54
43
110
391
91
91
114
205
94
372
291
120
41
259
13
18
254
344
223
193
394
196
32
325
218
182
282
97
264
414
268
49
66
793
146
136
329
221
184
589
430
115
90
88
1
382
118
44
639
65
1
349
286
10
136
631
129
281
55
414
12
226
128
27
167
1008
23
29
290
367
531
132
178
349
109
73
102
18
659
158
163
131
205
129
54
7
73
73
620
36
43
58
343
454
306
352
487
145
20
355
346
422
38
263
294
492
806
485
71
106
102
158
2
238
152
131
70
73
28
582
163
48
49
131
392
284
273
379
134
320
125
91
105
58
226
104
12
171
44
140
124
70
25
364
32
36
250
130
305
15
24
44
17
60
876
59
395
624
5
553
320
14
73
51
309
447
97
111
107
206
68
27
137
215
18
65
34
19
77
339
101
1
900
178
220
191
71
752
88
212
433
12
240
140
316
196
17
48
354
570
36
520
180
157
385
472
397
547
164
206
172
169
222
54
21
428
324
174
3
300
250
131
40
100
98
65
47
137
56
16
31
77
619
45
150
57
355
460
184
24
52
728
325
151
853
97
89
10
77
107
23
137
34
154
89
86
103
141
489
132
17
360
9
30
319
49
189
114
166
737
9
76
94
43
107
45
169
146
69
66
98
85
206
240
266
100
126
157
200
70
93
624
55
70
379
44
7
227
119
7
7
549
153
65
162
95
496
334
133
42
2
879
148
171
297
220
91
19
29
345
72
242
29
1
46
269
128
148
87
64
274
230
14
12
1
584
221
174
486
74
209
104
51
323
179
62
277
103
306
28
182
55
796
290
376
113
76
491
107
86
306
212
71
273
82
15
762
137
639
341
21
89
335
212
52
168
319
160
490
194
178
133
227
17
179
134
60
284
274
8
293
29
248
115
1157
70
86
44
174
74
4
17
60
84
173
436
508
89
232
156
245
289
49
188
316
356
99
365
46
53
147
320
54
164
377
48
350
29
127
23
149
990
293
77
65
90
99
149
313
121
34
73
212
887
566
105
623
49
770
285
187
337
139
86
19
145
62
155
398
299
448
598
26
94
136
124
29
54
151
122
497
89
114
434
97
38
440
62
294
37
74
35
137
41
101
75
49
25
91
564
66
122
221
85
62
137
331
103
451
144
29
8
744
323
22
70
192
463
6
6
115
363
218
494
824
271
287
307
19
239
465
489
84
28
229
94
123
193
227
1176
260
117
38
22
55
255
20
143
35
138
36
5
272
182
230
415
68
185
946
78
293
329
712
506
105
127
219
178
314
52
105
18
435
2
125
553
167
66
220
131
511
918
596
6
18
8
85
381
243
186
79
644
502
50
3
101
529
400
44
4
578
4
207
123
258
460
225
75
107
384
114
26
469
28
439
75
113
704
706
199
202
73
378
44
314
503
330
267
122
112
236
31
44
481
98
444
232
154
73
124
361
9
87
77
44
98
78
177
91
110
52
654
170
751
134
981
54
25
133
76
197
855
109
535
108
9
701
26
74
11
246
17
129
221
252
523
926
584
113
12
11
203
26
170
22
190
3
314
235
55
144
128
39
19
132
331
15
295
16
372
52
71
16
86
168
288
38
294
166
254
57
96
58
18
2
32
470
512
9
138
43
535
245
144
527
1525
356
224
49
222
263
274
37
372
117
454
589
174
244
204
70
80
206
233
76
119
176
85
278
84
7
132
93
12
51
249
333
245
62
440
140
153
72
125
600
799
234
365
9
181
207
70
207
26
82
175
45
198
443
321
143
3
67
177
118
238
167
76
361
484
109
70
41
95
140
190
134
254
158
277
399
138
218
125
41
34
430
29
119
277
75
22
30
330
581
28
54
34
173
155
24
8
299
42
20
111
99
296
310
305
171
225
7
46
303
376
165
50
236
418
42
33
172
341
239
76
2
424
32
595
120
166
373
52
217
85
218
29
90
136
605
193
42
28
280
362
88
24
153
334
2
343
35
101
282
132
80
360
72
20
42
344
253
155
80
83
57
1
515
37
36
69
39
100
208
21
348
276
20
444
561
33
524
115
228
59
62
183
66
101
142
135
607
260
59
177
618
604
157
421
137
108
431
212
274
869
9
6
206
141
10
314
254
39
96
225
221
263
402
203
424
268
32
58
201
373
66
317
47
91
105
32
180
833
611
8
10
2
79
372
44
451
184
97
462
157
32
575
204
8
216
8
166
79
174
7
3
169
90
50
218
180
157
120
5
45
32
408
163
293
65
544
14
504
137
48
189
198
379
27
237
188
20
47
383
82
5
629
130
144
103
441
1042
93
137
480
43
185
175
156
370
76
152
35
111
326
333
307
15
149
629
171
153
21
644
152
91
222
147
194
908
143
216
321
686
34
209
24
19
636
258
107
169
104
166
365
10
897
701
175
176
11
302
22
120
95
100
86
330
586
728
18
26
189
259
480
117
25
55
22
74
57
95
339
137
145
232
299
69
30
270
11
167
263
126
1
81
154
405
751
901
140
26
412
7
19
156
34
92
31
83
107
7
221
237
11
127
368
14
53
25
27
54
189
144
345
5
7
213
435
48
241
328
99
159
917
128
112
98
115
315
379
408
6
8
205
37
99
116
71
247
562
15
12
466
207
3
69
67
107
138
615
176
294
58
98
229
466
315
83
445
196
392
167
182
106
239
324
200
13
117
147
124
22
73
56
159
142
289
350
558
366
149
133
139
106
105
815
312
158
542
277
6
163
322
82
27
133
715
2
64
65
189
390
4
100
160
51
75
148
156
360
145
130
1
119
333
330
123
100
931
79
113
324
22
8
569
520
469
213
110
82
191
48
38
97
495
574
31
280
227
794
49
117
98
619
301
6
250
27
225
158
56
25
106
397
303
380
247
347
53
303
45
16
149
1
119
436
154
92
1
326
131
32
289
136
292
94
74
194
275
134
110
19
86
60
181
144
13
265
190
53
57
45
11
272
50
295
377
419
22
272
213
168
439
55
56
161
255
73
199
385
321
947
36
101
607
166
73
162
69
104
62
16
521
251
77
14
58
180
429
174
228
190
47
122
110
127
331
457
33
308
97
168
21
243
122
158
158
76
118
2
34
158
93
884
22
182
530
1230
146
145
34
571
41
960
94
21
567
1026
250
153
322
77
318
345
48
214
565
86
125
59
148
25
236
326
258
83
116
178
107
245
63
165
87
199
93
91
120
84
211
616
71
40
62
432
237
447
12
384
91
80
426
187
201
80
65
324
49
45
122
462
447
172
19
252
64
5
363
229
81
60
22
121
1
64
807
516
137
66
457
62
166
259
344
12
127
80
197
28
351
95
141
47
17
50
487
543
315
52
6
90
141
27
41
165
89
701
52
87
47
237
82
359
125
141
32
283
75
2
331
84
205
95
311
218
68
121
3
31
445
14
53
72
11
122
28
78
826
32
27
159
117
16
76
126
19
85
169
81
10
131
53
685
349
117
87
419
106
80
2
53
204
15
171
378
210
697
150
275
186
102
205
91
101
169
27
9
165
208
205
415
30
17
207
139
208
147
18
549
601
22
391
14
45
142
7
364
168
188
70
336
7
8
176
25
390
162
105
104
18
149
281
584
215
90
32
103
125
69
253
101
1054
60
416
129
351
87
111
166
221
153
241
128
37
21
190
182
49
194
29
93
692
341
34
172
62
19
38
23
264
30
350
64
52
138
245
60
418
71
107
309
105
27
88
203
3
79
50
13
122
172
200
260
188
18
508
62
48
60
142
3
1074
40
355
14
520
268
85
41
314
287
141
273
362
800
49
44
220
44
277
53
31
119
165
51
138
180
827
777
86
15
65
138
451
54
1011
260
643
25
29
953
24
418
10
30
183
504
173
1251
74
446
98
73
121
132
547
174
50
83
25
34
24
612
619
446
36
396
111
234
317
874
274
98
127
137
53
29
546
739
18
412
51
79
35
577
31
32
23
135
122
7
519
239
155
163
87
142
201
78
15
380
135
529
48
8
178
42
21
95
225
104
258
188
310
26
571
66
167
27
296
189
757
24
420
780
60
269
198
192
50
182
263
171
237
265
458
181
70
57
148
714
56
226
349
683
126
192
120
487
225
78
716
169
213
250
64
374
136
178
67
127
574
101
9
238
214
107
147
221
137
225
54
138
216
134
13
226
347
430
57
485
3
388
20
660
118
250
60
186
13
103
37
64
483
30
133
146
49
45
29
363
46
46
324
1319
156
275
119
115
145
242
263
337
250
15
393
89
105
239
344
8
92
243
125
49
79
689
98
338
325
157
30
212
145
67
201
920
19
176
86
486
69
169
34
198
142
148
86
68
230
701
320
101
108
52
245
119
133
273
496
351
120
24
64
201
199
15
864
122
23
87
127
269
945
248
187
352
256
938
694
59
147
163
401
100
333
549
298
18
300
10
19
61
296
315
201
62
360
120
648
372
836
188
384
148
164
12
5
89
64
129
134
260
58
44
157
50
268
1
438
50
233
37
284
72
887
236
208
1
144
7
139
17
253
32
456
360
5
64
42
199
221
41
1
33
74
88
45
149
805
350
189
473
317
28
199
179
471
30
19
65
30
28
98
160
427
693
83
49
140
262
251
150
4
165
661
531
47
48
9
115
515
4
379
39
294
220
56
57
519
221
17
128
68
304
60
25
213
72
58
40
51
148
16
102
4
58
35
118
172
220
26
158
153
106
389
4
95
53
950
382
9
11
17
621
191
279
175
21
329
173
14
46
138
125
174
14
672
29
261
9
26
82
82
494
96
12
53
102
131
1080
23
124
381
62
454
12
430
146
229
71
241
127
157
268
260
19
97
334
271
69
32
8
205
163
110
16
195
51
470
58
5
383
215
183
151
142
229
16
579
63
252
761
69
381
320
44
107
206
131
102
355
8
53
248
9
98
684
5
3
104
37
128
13
106
171
59
390
45
519
67
272
525
236
410
28
344
68
669
33
21
252
10
73
461
35
77
75
181
102
51
459
73
205
553
264
1
190
430
46
815
127
482
77
27
123
40
90
239
325
102
196
32
296
122
353
197
112
17
153
226
857
194
51
383
72
132
63
222
97
110
154
247
136
37
322
48
247
172
258
3
136
343
193
42
40
306
221
41
454
42
449
375
374
189
147
43
122
494
1
41
82
61
106
121
147
52
108
60
782
44
160
151
370
148
1
88
76
218
227
277
288
323
217
7
549
16
498
232
292
3
86
6
289
63
785
142
110
54
135
12
212
210
288
48
228
288
280
135
98
44
73
265
167
10
46
429
13
87
30
505
54
146
350
103
331
304
920
99
106
72
113
25
598
3
429
60
40
297
520
34
124
600
181
283
43
4
797
292
394
58
139
237
47
32
10
54
120
183
303
348
9
142
274
215
566
359
5
17
391
279
227
198
116
666
40
214
403
304
160
296
357
12
480
6
94
173
245
37
146
1196
67
292
49
467
9
203
155
27
445
71
173
399
61
498
15
273
71
137
36
94
163
242
73
146
412
35
287
126
188
162
226
252
6
97
40
141
2
249
137
93
310
295
157
57
4
269
595
62
288
160
1314
318
271
17
124
376
134
160
280
113
205
132
117
666
29
13
145
72
114
63
107
147
186
165
72
1
97
152
141
721
1271
77
200
4
578
34
76
265
117
416
14
13
310
270
38
110
76
106
34
58
46
106
267
1069
358
620
276
46
447
120
5
302
4
144
219
826
20
423
268
82
6
6
290
482
27
382
14
54
427
58
96
64
71
614
277
233
161
123
25
454
37
94
192
14
109
15
10
183
47
564
115
63
24
27
60
142
354
10
37
4
265
197
324
61
303
117
175
611
116
314
845
19
525
449
61
228
105
32
14
272
106
266
653
202
40
137
71
86
36
67
92
389
93
325
99
18
339
30
48
194
288
462
67
283
834
79
289
579
298
23
88
61
477
97
249
905
68
237
775
453
132
53
102
74
418
60
118
167
218
2
122
802
98
578
63
382
57
242
303
209
471
158
459
695
2
253
519
91
22
135
271
175
57
68
363
99
559
239
193
142
225
283
721
328
291
73
166
69
247
294
328
9
304
64
4
211
22
70
233
60
412
411
92
330
1041
160
21
180
359
7
471
228
70
319
64
78
609
171
25
634
127
1
41
391
739
76
93
13
236
100
515
203
119
10
814
571
94
392
120
424
114
104
206
339
13
61
243
54
179
172
52
247
249
177
21
68
214
502
733
492
88
1691
105
557
64
119
13
79
25
284
1236
227
45
38
145
197
186
1
122
252
500
84
154
91
255
112
173
957
176
161
40
478
300
355
279
15
94
248
107
62
10
144
236
432
43
469
156
305
214
180
169
103
291
28
7
254
404
34
138
22
25
454
231
241
259
76
108
102
98
243
44
8
19
24
80
401
13
102
20
523
7
77
515
103
165
107
9
152
196
24
171
51
45
389
151
493
15
183
245
297
152
143
497
431
61
59
158
122
12
221
438
225
210
43
56
69
78
426
57
151
160
89
91
110
96
162
21
33
297
162
288
140
196
113
108
5
221
91
349
632
4
567
744
186
144
559
21
25
217
119
212
107
72
228
65
54
311
80
25
730
435
292
173
92
16
833
434
201
145
175
136
32
93
222
285
62
259
2
454
101
310
55
199
381
199
172
162
221
35
271
217
498
164
156
863
192
438
489
390
404
21
297
254
60
33
148
803
40
132
163
454
23
139
186
421
130
95
62
70
45
339
169
32
132
7
466
219
686
216
38
47
373
329
143
145
1
749
98
264
352
15
130
44
245
43
25
119
445
132
234
111
296
226
330
81
31
207
180
30
187
175
566
35
213
28
20
270
168
13
92
116
223
413
91
271
24
384
161
264
224
727
140
263
320
58
225
77
83
344
16
288
42
116
190
64
88
202
156
20
179
49
313
427
29
92
158
76
248
14
511
126
90
767
17
359
35
208
185
163
130
19
150
281
360
190
322
123
709
1
177
27
42
364
45
39
186
27
12
160
92
1
120
262
126
251
145
45
47
164
57
361
547
13
379
36
31
15
83
683
138
1161
229
49
603
522
89
307
120
327
216
508
103
115
171
581
126
136
197
30
284
67
130
69
13
121
217
437
37
96
65
101
458
130
1
185
526
15
57
145
1306
37
351
274
191
259
631
428
336
256
563
326
22
245
98
101
38
14
71
219
119
244
438
229
23
100
115
90
206
122
14
146
161
14
285
41
63
357
131
211
505
459
248
44
1134
74
66
774
159
319
338
17
718
315
216
23
5
314
182
105
18
386
53
67
95
118
92
56
21
73
55
245
39
194
472
33
219
36
234
46
118
205
868
165
49
1076
72
73
145
339
333
143
252
205
96
213
248
83
68
298
73
68
162
373
526
169
49
90
325
545
89
173
17
230
74
95
24
59
266
54
110
240
28
64
125
303
94
332
285
432
412
127
162
145
638
48
141
151
9
87
170
440
60
631
209
22
846
207
14
22
24
50
163
293
75
32
257
351
68
65
240
74
43
397
971
79
47
70
45
95
146
138
185
426
167
155
73
38
617
78
611
219
312
498
234
119
380
112
91
553
105
501
221
522
7
83
51
204
65
497
63
16
132
3
1375
89
235
393
40
60
396
48
25
223
88
79
167
57
583
59
254
386
58
610
307
35
483
26
80
756
88
60
581
237
140
631
80
91
58
331
92
343
16
655
90
114
189
313
463
304
148
187
180
505
160
546
27
141
10
64
379
121
384
357
111
97
388
55
197
153
19
190
549
108
231
13
711
398
171
1
95
278
50
76
60
14
59
290
271
171
99
248
324
298
104
140
412
100
159
184
103
21
61
369
498
236
135
368
240
125
133
1015
208
605
101
9
120
342
151
232
211
12
186
43
222
55
384
128
112
15
70
203
199
431
10
107
76
100
5
132
283
81
325
31
79
65
29
74
98
72
290
68
368
272
16
75
103
274
63
69
43
379
154
306
281
73
588
178
21
86
146
1
358
35
46
37
1
245
53
127
270
52
168
139
63
145
459
144
111
301
556
381
55
62
112
77
233
94
224
692
48
136
563
64
18
52
173
29
56
78
45
256
217
469
287
182
385
86
467
18
194
109
91
99
189
548
376
91
335
240
35
139
164
376
712
1100
28
110
10
119
166
70
66
25
289
54
100
45
137
77
196
35
87
85
63
132
77
176
98
438
767
129
165
130
5
152
3
260
14
47
556
400
125
433
110
153
29
252
254
63
11
174
78
248
119
347
182
12
83
5
90
241
141
136
57
151
118
279
39
396
121
215
328
130
104
123
72
250
79
115
52
24
89
102
733
161
44
255
143
96
195
35
326
121
40
32
333
204
206
338
72
205
78
112
109
258
344
126
73
52
90
17
189
96
47
26
65
87
93
135
97
13
18
858
125
209
60
106
13
27
103
26
575
32
37
297
292
99
25
121
159
139
261
505
316
14
94
43
206
188
44
41
343
12
189
186
331
195
127
393
5
213
128
35
95
74
659
156
12
184
211
13
387
311
99
357
485
141
180
34
47
226
96
119
202
217
12
45
6
167
1
218
589
55
172
145
182
449
31
38
254
352
297
5
301
46
298
66
78
97
168
204
344
277
20
145
399
149
57
10
7
140
148
175
71
52
104
407
75
148
188
240
100
430
310
37
174
238
300
78
182
256
749
93
12
395
702
51
288
197
677
152
117
75
36
706
285
78
191
1053
615
211
268
281
582
525
694
108
57
12
290
187
152
444
124
38
46
448
27
1036
325
72
799
25
186
242
147
302
54
164
363
285
223
175
93
164
124
124
166
309
132
535
171
98
30
186
200
600
63
170
28
378
227
49
5
89
175
55
219
160
372
79
220
26
81
124
345
528
54
80
307
97
248
319
141
137
210
502
15
256
818
125
7
102
72
101
304
510
35
79
30
108
534
87
220
30
148
66
404
65
319
256
335
107
15
777
81
92
145
53
80
175
313
765
85
384
318
44
529
162
356
48
570
25
11
243
94
624
160
407
284
183
421
38
324
38
111
211
70
7
103
69
515
262
386
94
12
2
145
79
22
21
345
823
162
666
888
322
69
340
115
481
48
139
116
162
408
10
87
346
23
23
44
40
84
121
13
279
189
62
6
356
461
135
15
175
503
432
266
103
434
12
516
508
107
37
215
20
23
149
32
87
561
335
2
81
8
28
3
11
548
186
24
22
462
287
52
305
119
98
142
189
185
23
130
63
4
99
524
86
169
41
350
570
119
604
36
149
116
56
6
13
108
190
303
427
207
8
226
47
5
172
269
417
377
134
65
36
34
156
397
53
67
239
28
30
270
525
45
410
554
89
32
107
488
125
59
56
205
155
142
80
1116
33
18
842
1
340
50
211
105
181
71
908
56
349
141
78
105
267
431
365
450
31
28
173
279
527
717
191
92
171
154
120
41
104
108
16
105
329
510
202
369
26
66
51
107
113
28
263
140
696
44
53
206
87
120
419
260
92
183
285
65
161
69
262
418
51
345
195
97
60
258
381
874
65
18
408
260
126
445
117
157
330
83
46
131
361
74
128
23
269
3
312
305
697
6
36
353
19
191
120
48
16
229
434
371
336
44
48
18
772
104
94
149
6
258
56
224
156
193
91
193
180
76
36
64
110
248
181
62
15
77
258
32
56
167
36
420
18
79
419
88
23
992
68
469
1
1100
43
125
142
3
106
127
16
339
225
21
183
7
246
429
371
230
618
104
383
411
643
6
5
101
360
95
19
247
314
190
241
2
52
11
402
374
71
80
507
12
127
174
65
101
7
370
218
225
987
40
17
333
98
236
38
164
102
643
57
76
83
10
223
361
423
193
372
42
166
82
125
315
7
4
81
525
552
300
98
129
8
201
45
75
103
279
212
38
52
421
1
71
51
14
15
296
3
72
286
348
179
21
199
1010
43
220
265
129
206
308
125
134
198
440
174
6
333
159
44
344
79
419
420
397
173
4
209
81
373
49
7
63
186
234
552
385
27
282
158
183
48
115
547
82
210
10
228
78
60
438
24
74
7
222
130
532
100
236
268
56
525
118
36
275
222
217
139
307
84
133
505
175
156
294
116
393
81
37
11
67
53
12
74
211
9
560
140
31
135
93
65
122
36
7
280
46
242
5
5
107
250
4
24
111
98
69
46
26
56
68
87
252
15
321
70
19
99
82
281
392
156
314
311
31
317
1163
140
74
121
62
331
179
116
138
123
378
81
742
12
99
73
106
75
32
590
82
37
18
118
132
26
35
12
36
102
231
106
81
44
116
149
81
278
97
14
4
102
69
341
63
107
38
295
141
297
338
435
87
190
74
535
654
176
368
101
37
340
236
568
845
255
241
89
208
83
16
136
216
127
468
27
17
68
39
57
144
219
232
278
1803
508
215
491
83
51
110
285
583
88
950
218
437
10
488
56
21
210
39
589
124
68
169
92
316
66
84
229
85
2
116
58
476
696
58
323
28
49
29
43
26
491
196
44
531
58
192
74
10
91
103
4
115
172
422
147
61
179
342
91
417
510
128
548
37
53
106
84
366
341
535
174
295
920
384
138
729
135
15
150
77
277
240
193
164
32
32
100
320
4
792
523
611
192
467
46
82
293
239
202
522
101
135
215
121
224
35
422
381
6
58
254
47
221
52
5
303
468
104
201
44
560
109
87
100
101
169
71
119
57
420
26
348
101
44
1
43
207
56
900
90
48
388
158
130
174
93
370
4
378
104
274
245
84
563
635
754
215
6
71
1400
491
568
171
541
93
37
6
128
41
5
345
64
134
71
144
91
152
255
7
34
16
190
15
13
319
171
107
124
454
160
29
642
195
21
28
196
629
51
2
60
35
202
251
78
101
249
703
169
37
21
431
10
293
50
311
119
129
168
260
166
238
28
171
289
333
294
60
54
443
505
8
753
8
115
86
48
168
594
24
62
262
156
10
145
48
29
543
153
29
98
58
743
265
131
54
77
145
186
292
16
1436
147
17
150
421
1
278
195
262
174
707
18
10
71
142
88
302
742
95
120
28
250
231
89
309
6
173
1094
91
126
343
108
46
2
499
64
81
28
68
44
242
456
113
31
157
377
180
78
556
20
362
319
106
121
14
82
254
527
462
204
173
116
498
142
148
18
44
10
205
351
223
156
102
477
49
3
56
425
739
33
59
162
408
205
148
259
303
142
136
9
87
164
730
346
468
164
13
40
102
35
210
79
650
55
349
83
451
269
279
74
225
154
95
29
428
148
183
414
163
115
36
659
512
154
662
30
695
283
5
113
376
95
313
16
163
372
18
202
421
367
67
60
11
32
13
82
27
119
93
122
126
214
416
949
118
343
160
27
208
58
243
241
251
563
19
274
45
410
94
662
110
71
202
17
333
191
33
94
229
446
36
58
525
224
413
34
182
27
80
267
334
35
137
166
3
166
37
51
763
329
776
47
196
166
46
84
1
159
174
44
137
321
451
59
239
618
136
43
460
206
136
34
232
170
429
77
182
109
56
193
79
23
67
681
113
163
717
351
3
146
97
121
83
175
16
228
421
573
36
168
254
5
351
296
359
158
117
820
38
35
25
58
4
45
289
167
197
220
150
157
176
14
229
148
367
26
331
674
502
10
106
124
61
100
247
46
36
23
377
70
66
459
44
219
37
128
928
9
370
281
9
249
318
243
239
139
125
293
317
289
189
207
373
296
174
84
24
67
515
59
397
242
74
51
129
197
56
69
197
34
162
32
68
299
15
476
269
44
147
85
80
580
18
17
41
26
171
545
184
13
250
571
85
96
136
41
158
25
11
850
112
97
16
202
196
101
38
28
49
31
36
29
70
184
347
223
52
363
793
241
83
328
128
24
58
50
471
72
178
80
268
388
58
501
171
134
3
121
49
307
196
179
99
446
38
9
209
241
413
809
98
202
16
2
130
217
197
360
127
170
97
232
323
38
8
228
11
115
1180
9
214
60
165
144
9
378
8
313
256
110
25
81
48
47
35
95
90
123
188
160
583
120
71
352
16
37
345
72
90
229
261
132
69
466
248
181
331
238
162
183
162
12
9
94
267
89
153
363
20
85
114
107
574
406
71
188
274
10
273
28
43
456
568
75
61
10
388
56
49
182
902
114
1
313
355
78
15
134
263
153
893
28
113
43
486
51
571
22
82
915
6
56
18
50
693
66
12
724
410
177
200
41
44
129
61
311
279
23
39
127
428
358
243
175
5
93
32
95
97
186
248
30
952
111
107
61
267
92
140
600
259
125
66
162
194
28
410
39
39
95
382
210
246
76
55
121
253
33
308
222
92
197
18
184
11
42
106
20
287
284
298
46
131
118
50
66
74
3
252
10
165
139
274
362
149
306
561
121
29
124
334
462
53
460
4
125
250
283
30
62
35
406
100
544
69
329
87
101
455
726
6
129
125
167
86
75
56
60
138
62
670
561
11
85
488
94
106
295
174
17
143
315
202
80
48
73
106
161
111
107
191
14
93
132
151
95
986
343
91
733
579
156
4
582
38
270
547
50
140
158
85
345
67
34
136
799
117
122
40
103
7
73
67
170
222
17
140
122
389
176
914
101
215
463
38
164
232
72
110
343
430
295
321
91
12
73
194
460
199
133
7
313
188
145
79
820
40
54
50
11
650
69
330
44
89
542
110
172
618
241
18
307
133
104
346
334
64
218
144
92
222
128
142
421
114
616
278
4
140
445
187
26
38
19
23
63
23
44
364
145
39
19
54
555
174
93
100
815
49
26
57
438
317
121
51
155
198
2
36
191
177
624
235
84
44
187
284
262
76
48
182
188
102
17
295
79
312
167
174
109
5
8
139
42
177
117
462
92
35
149
288
502
258
73
176
26
178
549
56
487
264
131
641
337
141
289
43
46
16
374
159
96
216
54
156
46
682
108
87
228
365
346
84
74
160
311
140
168
271
204
193
92
123
124
68
324
53
233
177
13
274
10
162
366
608
3
54
22
46
79
133
140
77
235
68
92
9
50
276
149
460
273
161
402
519
179
8
658
34
420
204
179
120
666
599
138
164
29
7
61
487
19
70
180
21
98
172
486
146
96
254
159
32
278
70
101
510
62
275
105
235
346
196
253
40
93
40
289
849
353
984
65
9
175
422
107
147
201
310
682
209
6
473
475
104
197
237
36
170
394
13
679
23
132
108
172
65
1271
307
301
175
327
282
682
449
222
110
35
292
198
18
303
116
418
454
183
119
330
43
184
86
248
253
41
141
68
130
148
108
163
101
99
156
53
164
93
24
38
47
262
408
6
54
338
58
196
93
81
447
45
344
86
13
27
156
81
368
29
399
28
199
255
267
37
460
273
54
269
226
421
189
284
242
715
178
285
294
519
21
156
44
39
48
63
416
95
120
99
477
98
53
44
67
28
200
104
155
122
47
159
509
161
21
176
743
12
20
144
10
106
598
93
218
172
177
120
68
250
126
13
85
425
349
263
19
103
947
23
40
559
138
134
148
502
53
64
60
86
71
45
123
224
432
236
116
253
285
42
31
86
237
298
200
505
133
679
22
24
350
1
101
56
255
127
136
228
219
187
579
100
81
35
269
66
627
19
143
95
31
2
199
125
83
220
21
65
206
87
261
333
54
156
182
425
17
196
43
139
34
18
69
42
538
602
629
290
76
408
251
323
270
208
67
48
237
182
478
43
79
163
245
4
108
429
8
360
95
71
81
4
155
522
97
48
109
88
151
200
45
12
260
248
33
13
800
248
34
32
17
95
34
127
27
51
213
488
339
164
2
13
629
358
282
15
36
106
247
90
49
86
601
100
15
69
164
113
574
11
45
191
128
2
86
43
108
421
82
54
421
706
619
238
123
148
364
39
103
44
76
44
26
90
990
84
24
44
282
32
264
68
106
3
302
263
247
12
89
105
539
37
2
125
328
47
172
197
480
192
261
120
85
67
232
15
382
17
12
160
25
349
60
119
123
17
161
219
205
183
13
47
4
278
368
444
266
348
98
212
42
134
186
149
136
67
247
397
31
143
619
588
193
72
295
149
23
64
39
101
31
176
1138
204
60
273
375
176
143
812
75
18
865
184
85
54
12
14
78
17
174
58
247
119
345
194
402
133
50
281
428
706
321
1144
682
7
104
196
85
82
137
85
27
93
249
135
22
409
494
256
1337
7
661
202
12
174
442
12
133
61
274
110
277
500
319
7
27
232
75
178
138
107
209
316
532
514
396
104
412
42
163
163
168
4
44
255
173
85
172
22
473
278
263
438
239
52
486
25
635
407
518
161
75
159
146
111
42
29
7
76
138
107
11
22
43
64
61
66
244
48
52
124
286
351
77
130
133
88
146
418
75
343
67
32
201
559
57
161
237
86
475
476
220
56
15
23
96
7
59
331
246
24
307
12
4
80
270
55
259
54
171
39
90
272
146
258
35
61
173
253
180
453
63
179
467
358
406
153
879
130
87
146
241
121
305
9
928
13
79
561
402
60
206
19
203
335
389
89
110
212
366
224
92
15
1054
136
175
343
74
167
48
294
349
82
206
23
87
298
83
321
137
14
46
71
414
469
1
39
193
360
327
256
631
100
380
27
11
121
513
73
356
188
178
8
9
486
82
110
48
366
13
69
290
338
413
229
3
31
227
552
50
220
152
158
121
14
49
70
139
8
805
384
134
67
2
96
125
192
112
46
228
8
142
57
273
25
393
49
104
149
48
41
36
17
224
221
115
23
745
296
138
151
219
141
476
113
238
388
207
153
105
265
220
100
91
88
30
189
891
39
761
2
142
658
11
4
30
23
191
32
1161
262
70
524
255
292
79
23
51
141
53
128
188
287
226
30
218
61
266
213
530
71
61
289
333
70
176
32
230
83
69
6
132
72
53
604
268
191
167
181
142
80
679
611
47
140
327
266
307
176
115
81
44
315
94
38
245
36
158
381
473
78
89
344
787
179
278
9
34
136
9
99
332
70
233
50
53
208
273
393
118
502
49
114
32
84
6
371
27
150
344
54
59
130
72
335
97
222
96
87
58
75
293
47
262
86
78
54
154
85
301
105
249
341
35
132
749
19
156
184
85
74
97
25
2
234
47
142
526
175
271
283
31
121
87
766
49
101
449
228
362
51
309
135
943
330
115
248
267
211
327
135
831
103
74
7
73
78
277
197
43
83
164
388
326
294
848
394
165
75
147
598
230
95
56
118
8
98
75
15
76
25
78
295
1
222
279
58
24
44
44
24
22
491
206
641
9
174
127
51
101
597
106
37
128
90
47
341
563
3
31
55
116
7
40
521
250
569
756
268
59
189
107
28
518
61
456
22
143
222
41
216
243
26
411
37
118
48
87
97
32
26
97
184
234
110
13
214
285
4
82
44
100
81
384
11
63
71
79
6
247
71
25
743
322
188
72
140
231
110
497
28
113
25
175
64
133
304
56
422
30
221
63
9
6
178
169
133
20
465
4
48
762
43
355
45
88
37
42
120
25
657
283
61
522
90
95
17
18
14
183
264
41
198
77
104
144
18
47
55
235
548
36
372
140
155
140
176
95
146
26
1
145
63
75
48
22
45
140
171
185
245
179
170
175
185
25
30
9
948
1
88
247
50
9
351
75
2
442
177
50
86
301
411
136
58
192
193
295
550
311
4
849
182
65
717
89
63
99
335
208
591
309
18
29
157
6
310
66
259
87
454
175
78
539
134
143
64
72
86
20
379
34
101
6
23
75
261
419
63
625
254
48
13
856
462
69
221
178
15
26
71
356
108
139
13
121
1428
408
41
176
134
167
41
193
106
93
15
552
383
385
48
263
402
125
485
194
138
385
79
69
270
102
312
417
62
90
37
71
65
252
70
68
82
9
33
68
135
137
311
1090
172
85
229
257
777
677
156
73
308
373
48
311
173
144
270
194
308
451
45
149
463
9
97
336
105
242
548
90
297
259
8
507
86
278
52
7
142
29
126
55
448
195
1035
354
18
251
35
317
155
38
242
65
41
226
242
38
120
18
233
31
26
54
11
269
362
336
92
384
190
50
220
53
38
445
74
61
130
20
145
258
71
187
37
322
32
72
664
636
108
14
150
4
23
7
159
15
531
195
179
129
40
79
183
224
41
242
284
4
238
177
282
79
14
641
15
113
152
115
89
91
133
397
156
129
7
743
242
29
266
188
86
66
333
101
40
161
254
117
494
28
102
706
70
24
11
82
384
180
323
119
155
39
11
9
313
19
500
293
35
261
172
159
15
275
351
48
325
120
303
383
79
256
639
410
3
41
238
40
511
339
30
156
199
291
259
145
71
151
136
620
8
62
1169
163
32
118
63
105
78
157
179
3
136
3
129
280
61
56
209
67
214
251
115
296
51
25
85
151
13
166
48
512
514
266
286
22
555
7
447
123
15
183
181
84
465
77
282
522
391
175
303
303
103
1255
77
8
96
305
643
228
9
11
58
468
403
262
376
821
301
65
40
229
359
812
120
189
1583
9
82
158
20
19
41
33
129
128
25
15
200
539
367
478
38
591
138
730
100
114
123
89
672
4
78
55
431
211
9
534
46
231
125
189
253
57
37
48
35
8
446
125
751
77
129
138
88
71
167
12
134
194
2
252
293
48
54
30
609
33
124
282
451
362
24
638
653
26
61
30
243
228
108
204
428
67
170
15
123
55
302
473
192
218
31
452
111
443
161
51
56
200
6
432
114
42
686
66
147
98
47
113
81
135
40
409
67
299
12
185
78
2
42
30
244
150
247
17
30
42
199
43
109
354
66
124
30
146
115
21
161
72
744
588
55
208
102
64
178
79
16
104
281
530
165
45
33
293
310
313
19
81
153
172
199
16
701
680
72
243
208
313
235
255
277
430
172
109
1406
325
220
13
1025
30
151
113
96
99
344
156
222
459
106
206
12
289
130
70
16
54
42
248
116
170
8
20
537
304
130
40
201
62
400
245
100
321
100
5
381
368
10
179
408
193
51
152
245
729
9
2
303
117
4
185
96
140
35
126
32
148
8
99
221
73
948
172
16
268
12
77
451
155
204
60
25
140
186
142
247
65
398
79
140
21
1387
154
277
134
21
128
52
83
76
182
42
106
80
175
12
206
47
4
34
74
397
128
91
122
187
38
3
176
652
633
405
15
70
287
160
64
88
84
55
322
88
121
1
500
195
52
174
158
136
493
875
343
124
288
299
253
56
50
67
210
342
46
260
165
8
194
139
120
478
454
124
346
33
242
202
1
20
189
22
345
153
472
129
177
207
58
271
420
141
117
457
16
98
631
32
26
82
161
8
122
46
164
98
220
227
39
79
236
111
109
73
44
499
713
108
670
19
212
406
404
86
252
676
72
18
246
107
202
60
18
78
169
33
83
265
541
421
330
8
372
297
569
16
261
46
43
78
35
583
64
789
650
238
5
73
193
325
153
6
86
380
374
51
489
29
366
115
170
215
193
121
38
288
12
152
354
498
266
114
47
353
4
26
302
116
113
122
34
460
25
255
364
26
161
84
121
1298
61
207
411
451
260
684
51
134
54
1
58
161
408
241
1
345
96
162
67
118
22
227
431
46
254
112
6
11
4
882
1
15
102
265
127
115
84
242
101
141
156
10
18
171
615
318
65
131
120
286
303
155
71
586
197
1
47
75
40
177
32
44
47
29
202
70
83
21
291
136
540
375
203
113
299
108
116
25
186
348
484
116
501
149
92
637
9
16
8
279
491
207
559
250
171
118
612
29
330
218
103
445
496
3
302
31
22
129
417
287
105
86
9
142
237
37
281
28
203
205
61
86
40
24
135
3
117
262
519
66
155
430
270
40
64
694
332
99
43
27
460
169
586
2
248
23
118
47
1471
179
286
106
149
497
65
365
824
66
1008
41
255
771
156
132
91
84
299
34
38
183
146
242
57
18
81
53
97
178
379
87
267
45
187
159
13
136
373
212
244
110
61
126
21
241
37
32
626
21
8
127
467
109
443
144
275
171
144
503
25
152
548
63
234
147
48
239
244
81
415
85
6
14
25
250
108
27
25
156
68
408
146
69
199
247
128
363
77
5
67
115
168
261
15
186
227
374
122
672
425
478
236
225
108
163
64
148
194
35
113
68
52
336
147
124
171
162
285
499
781
29
66
192
747
43
698
724
193
41
14
529
188
487
729
93
115
623
71
657
60
509
135
837
264
316
42
70
161
60
184
685
364
81
918
290
41
33
232
616
146
62
186
201
140
60
266
29
273
10
177
171
124
281
6
45
395
102
145
166
726
83
41
38
21
280
267
212
198
12
195
21
129
153
134
181
291
15
83
198
19
80
100
90
646
49
24
124
285
540
81
148
371
152
10
226
11
61
234
147
81
174
148
503
233
34
712
317
46
240
134
134
76
5
331
321
18
18
35
66
222
109
77
438
285
322
12
187
20
116
396
17
490
188
127
479
117
2
34
231
47
249
53
78
89
14
291
358
273
89
526
26
530
186
1065
374
482
77
118
10
247
172
24
141
180
56
461
148
27
240
762
42
290
452
658
240
58
25
10
417
122
58
149
110
672
586
260
11
18
132
291
12
128
238
31
119
39
337
178
41
47
160
53
234
124
59
108
36
25
160
63
331
78
44
101
183
72
198
256
198
213
471
546
219
12
150
135
4
14
398
211
67
62
182
157
11
126
3
225
51
39
123
472
795
10
382
81
6
163
158
7
37
184
109
45
395
52
151
161
332
60
34
162
42
628
185
99
182
162
189
35
89
267
215
62
49
493
18
125
11
116
78
162
264
133
17
35
189
373
411
163
408
83
219
22
52
9
9
19
27
18
248
202
4
47
228
138
317
342
868
64
937
280
68
7
384
126
33
274
377
393
119
174
256
138
183
117
239
94
24
321
460
4
43
50
194
19
297
185
131
54
406
175
27
102
139
9
150
72
28
58
128
77
400
157
89
141
93
15
407
451
260
151
212
465
33
90
159
740
481
111
136
56
60
163
247
92
267
4
51
81
250
70
88
91
121
47
54
268
196
354
791
207
147
28
178
428
474
397
34
161
300
209
151
141
458
245
654
274
134
52
419
141
362
378
81
53
61
41
67
35
48
451
55
283
372
69
94
238
1069
400
291
183
304
322
279
67
286
426
16
248
670
310
447
88
206
53
48
56
12
497
464
79
46
316
335
122
294
161
33
225
38
384
224
1023
10
59
315
115
6
67
48
154
21
214
32
2
137
21
297
347
78
246
614
98
467
100
379
13
19
69
150
275
105
215
30
244
110
52
279
106
21
119
136
179
156
202
755
42
736
119
284
135
61
235
299
20
339
478
124
954
73
265
174
112
454
121
97
313
127
301
45
58
182
62
4
82
213
93
45
48
436
199
426
378
318
378
37
307
226
450
261
277
211
595
385
357
10
284
191
106
127
336
38
177
92
629
381
77
151
88
20
875
58
81
348
186
169
2
105
100
114
58
241
557
15
377
91
220
137
113
1066
337
110
17
39
214
125
22
6
44
705
507
104
4
72
177
55
162
573
369
53
117
59
51
101
59
52
42
180
53
17
225
217
85
10
37
41
67
37
189
160
246
140
56
87
104
140
296
273
177
999
391
382
12
151
102
322
132
141
166
137
111
419
9
253
115
306
145
208
423
750
275
99
233
92
86
195
362
150
188
532
232
147
108
582
610
395
247
410
142
2
110
134
260
37
111
54
197
311
102
128
124
185
24
133
14
150
20
93
182
64
35
88
535
8
253
217
115
17
112
153
74
164
10
124
52
122
12
60
153
554
564
9
200
817
211
276
401
217
44
50
167
379
355
156
137
302
329
190
105
51
39
227
594
235
171
297
182
127
147
316
423
349
24
48
179
63
214
12
46
38
46
62
49
181
95
833
204
242
170
437
91
163
483
38
183
221
726
59
23
32
267
349
130
290
252
69
29
359
290
58
69
38
144
14
190
12
448
33
259
130
273
8
102
165
581
363
144
126
14
44
192
209
736
71
52
310
106
16
205
63
604
34
114
140
91
212
108
2
342
128
47
138
462
18
42
552
524
132
9
304
143
90
178
88
374
28
30
208
239
345
21
96
156
157
6
254
369
148
424
114
548
86
198
413
124
147
4
185
381
409
202
6
337
908
15
402
73
47
70
330
483
58
16
44
44
39
166
20
413
208
383
158
93
33
200
113
234
73
276
238
11
270
351
83
80
302
245
1201
208
96
442
124
55
164
270
678
523
298
200
192
52
122
298
292
181
49
605
255
235
399
383
170
49
321
58
168
56
459
266
309
146
130
46
145
251
105
392
34
19
5
475
2
149
392
228
276
110
385
107
2
109
21
98
330
91
254
202
68
181
944
878
134
468
68
188
180
47
537
306
119
95
177
36
233
50
53
45
86
3
83
571
65
219
94
1
44
401
32
319
306
63
36
442
169
29
169
172
8
113
261
125
274
359
19
64
335
190
106
161
212
399
493
161
53
15
148
574
274
115
233
211
14
817
952
124
263
426
12
220
503
597
405
117
38
370
28
42
58
385
248
164
648
347
320
86
70
25
378
11
237
28
525
47
398
75
148
76
425
36
118
154
3
37
439
383
14
29
64
704
175
539
486
196
317
17
37
156
187
28
27
288
134
85
108
166
194
217
63
215
32
84
102
543
347
80
318
112
852
297
11
289
25
229
62
282
447
38
40
109
6
65
181
21
316
351
223
499
140
69
49
69
422
26
163
245
168
151
14
137
250
41
673
335
425
303
132
160
48
666
594
96
31
171
669
231
140
220
40
163
101
72
338
187
207
160
148
309
42
242
206
671
56
26
136
120
190
275
280
44
537
233
168
465
56
422
107
264
255
69
101
399
455
199
852
180
52
5
406
47
82
197
557
88
314
235
14
23
301
596
265
132
118
464
19
168
85
443
179
11
294
130
274
76
81
15
26
360
202
63
30
21
98
517
361
291
314
83
22
74
162
181
158
308
91
146
157
10
41
34
188
9
44
85
195
132
268
57
15
141
19
94
365
221
117
14
231
462
457
383
735
222
369
267
305
16
149
305
516
22
50
13
12
245
288
88
99
6
414
204
38
94
7
287
121
54
74
88
73
11
796
93
7
461
60
63
141
518
756
70
44
181
191
366
786
197
119
76
94
246
49
165
48
325
27
45
111
47
148
610
780
21
29
94
176
328
31
544
57
134
965
1038
68
131
63
168
482
876
122
95
423
94
668
39
124
278
57
316
39
17
81
383
128
152
217
227
503
67
158
76
1268
148
12
36
22
324
310
36
359
169
45
6
38
733
7
136
210
292
137
1
19
119
244
456
1
109
21
121
69
80
56
366
54
93
430
112
144
242
140
99
48
270
78
25
135
158
10
88
778
1157
43
198
146
1758
81
296
64
112
41
46
498
5
263
301
441
757
101
284
88
107
123
389
705
126
226
333
8
50
93
124
27
40
402
328
307
145
195
2
115
345
435
312
937
159
50
57
92
420
267
127
115
62
111
3
143
73
83
208
888
51
14
85
50
206
65
6
41
408
240
716
28
122
100
104
222
39
202
46
157
45
64
50
152
226
431
34
237
106
185
134
135
424
532
98
412
76
102
26
740
7
104
436
120
302
22
178
18
64
200
120
285
218
177
2
99
36
9
109
391
149
778
159
210
183
126
335
36
250
109
59
99
13
74
332
704
359
206
52
79
72
172
201
351
178
131
41
253
83
343
312
329
926
46
98
161
438
467
234
204
612
278
614
193
26
231
208
260
60
377
160
124
337
162
57
6
430
718
114
46
465
393
20
332
270
50
457
57
87
42
533
75
271
6
16
362
120
155
31
52
65
304
28
151
124
94
192
22
11
73
314
138
211
148
1008
189
72
45
81
275
229
813
69
218
95
19
351
39
103
179
444
117
255
254
415
149
842
162
522
66
43
534
202
50
129
432
3
108
315
152
63
10
221
225
92
209
281
3
281
268
105
65
80
345
1
35
11
111
50
85
44
55
965
152
230
626
89
274
139
480
535
343
210
20
44
91
187
231
91
16
278
184
1583
281
263
65
30
338
61
37
20
241
69
30
270
1278
1342
62
96
195
216
54
5
443
271
345
55
409
70
218
67
311
11
324
327
460
51
42
260
196
122
219
201
73
496
183
76
119
986
226
248
275
155
1
734
310
37
26
400
267
165
571
43
410
55
88
156
74
295
104
723
267
498
312
612
164
199
252
42
48
108
228
192
16
5
75
65
297
438
374
56
50
97
86
89
63
54
55
4
69
42
57
221
150
68
99
62
173
347
11
110
371
91
271
122
67
370
242
5
80
48
363
197
71
171
40
206
30
73
102
32
422
26
141
44
176
155
67
410
45
269
199
231
24
64
70
229
283
173
45
449
34
309
441
92
218
320
44
141
396
14
282
502
350
16
113
156
253
1114
58
38
777
124
615
51
1
535
268
367
187
208
72
37
37
187
297
489
267
165
201
995
8
125
43
115
184
98
281
65
624
80
10
216
43
496
949
434
262
124
117
171
219
75
635
251
140
3
51
323
209
48
43
281
132
327
165
425
100
56
221
167
158
155
100
502
352
417
40
25
252
82
275
191
130
229
186
1
149
229
593
218
58
583
10
5
54
261
234
154
23
225
358
38
608
831
751
199
184
617
109
587
187
92
633
313
75
244
29
18
322
205
194
52
25
319
355
203
157
50
92
300
92
161
97
122
394
90
124
166
567
189
19
2
62
252
88
5
33
40
497
190
28
60
432
75
151
209
214
4
436
190
88
15
147
181
499
89
38
250
127
178
1214
33
6
148
302
425
39
81
240
270
307
365
146
58
87
356
142
50
21
40
620
172
96
773
200
89
141
112
3
109
184
220
204
250
159
73
118
247
206
342
95
411
9
182
46
221
185
316
295
18
46
273
216
28
31
35
131
58
232
320
253
48
110
382
120
70
113
290
305
99
535
236
81
461
123
79
200
492
42
72
293
212
135
493
28
200
74
90
168
147
125
45
377
36
125
69
268
258
515
476
153
122
44
57
109
1014
65
10
128
265
196
158
219
40
542
136
251
314
145
112
24
59
76
634
41
231
53
52
150
231
274
81
214
306
163
412
50
37
47
97
191
48
102
340
85
290
929
408
783
213
91
71
11
100
41
911
255
155
43
1014
164
236
17
51
79
180
21
12
7
65
113
160
36
305
703
139
105
87
174
8
250
191
112
1552
11
249
133
328
224
354
312
5
70
25
177
93
547
120
432
93
404
5
179
88
117
50
286
15
39
259
20
171
500
105
59
216
129
361
20
144
130
1
114
364
497
36
97
34
22
61
553
136
126
608
326
45
1103
204
36
21
233
147
99
215
341
24
85
137
110
53
92
331
309
380
138
12
78
429
14
157
215
65
58
41
66
121
213
18
178
142
156
56
244
46
312
12
387
34
41
344
246
46
27
861
127
141
81
97
29
39
240
23
213
21
314
73
132
280
45
179
45
200
51
63
243
22
20
30
235
71
50
9
395
493
209
540
194
119
59
199
229
304
328
1
90
214
135
332
656
543
623
475
6
35
144
5
420
94
168
378
46
214
408
213
29
89
240
28
159
138
155
235
5
66
99
815
63
55
58
273
82
487
500
333
138
176
225
120
32
5
563
276
137
231
146
59
138
95
139
207
300
344
119
164
548
22
495
102
18
129
550
57
512
121
158
223
55
275
588
180
30
460
108
756
420
40
146
152
203
212
275
34
12
527
45
78
479
148
78
42
264
80
100
162
301
36
290
121
24
350
154
174
47
240
220
65
442
68
43
62
653
254
184
486
88
224
797
34
34
209
3
440
90
26
110
1035
219
135
736
252
43
86
192
205
111
620
354
719
68
134
359
80
182
587
238
301
381
58
625
81
187
117
396
198
81
140
325
872
15
265
9
189
293
40
81
20
175
11
144
1087
9
191
243
236
98
161
28
45
608
46
58
51
482
246
48
28
52
132
66
11
44
7
72
430
90
155
313
87
42
47
317
399
85
370
7
108
446
182
129
50
66
108
641
69
114
19
415
244
383
103
169
311
682
90
161
415
237
742
17
513
126
138
50
234
187
233
3
216
102
830
290
130
223
25
33
17
62
17
28
63
51
591
86
480
5
162
15
146
256
101
56
106
91
356
325
40
124
2
338
222
473
124
143
45
42
419
386
58
48
2
258
79
176
35
64
47
257
65
182
82
190
8
72
142
160
656
6
203
280
4
172
313
29
194
230
48
24
190
17
153
316
11
421
679
99
106
634
170
33
9
84
122
278
135
56
1
104
136
373
604
160
59
102
124
146
456
262
526
534
175
311
297
60
55
65
439
76
109
1103
927
21
48
781
177
274
234
5
303
6
397
226
191
30
191
88
47
50
169
165
91
92
99
528
451
165
112
16
94
59
59
575
155
17
806
218
9
110
473
166
337
56
90
106
245
5
82
134
216
24
287
165
27
88
810
105
513
98
80
456
73
79
77
79
98
83
102
1
255
344
286
285
39
179
26
105
467
527
1047
328
154
309
116
174
105
10
211
22
728
29
138
362
33
395
92
204
325
349
87
19
26
47
49
129
7
81
23
135
129
317
147
69
207
165
107
543
2
334
7
389
60
505
80
121
735
106
137
85
32
48
170
129
79
13
172
155
202
115
33
633
67
306
38
441
450
127
82
107
74
56
21
135
17
175
12
299
117
274
31
422
401
436
202
39
6
18
137
277
83
187
467
171
308
64
169
147
68
59
246
64
69
33
40
307
366
226
298
73
327
385
19
204
144
670
653
233
138
44
657
419
178
59
417
170
7
400
218
14
480
100
403
55
151
164
541
136
6
130
104
2
480
577
125
1113
258
64
337
704
188
150
77
215
508
146
108
211
220
94
278
96
621
15
1
143
43
253
94
82
52
728
252
78
44
117
268
69
54
89
72
121
350
117
57
321
714
56
253
855
530
361
130
69
243
43
31
270
8
20
386
2
27
427
80
33
244
1046
258
350
417
134
94
6
47
143
292
728
126
1
340
49
210
141
349
176
151
99
34
14
112
91
15
35
132
199
240
402
12
125
174
427
167
209
347
15
104
150
59
350
51
19
181
118
59
390
28
6
458
1567
288
19
73
117
14
111
40
92
28
76
132
544
332
242
77
155
69
104
217
142
107
682
35
142
300
58
289
175
12
84
95
19
149
418
49
118
50
102
37
665
289
328
313
245
60
139
57
177
60
83
344
227
74
764
65
898
528
230
311
180
199
52
193
117
371
673
71
248
62
209
141
1
182
26
101
72
24
122
162
535
11
208
76
136
82
106
229
753
125
59
154
4
47
89
94
163
683
91
64
324
64
243
83
316
124
141
72
121
467
259
152
114
370
168
38
193
55
301
168
203
203
582
331
46
139
90
134
212
881
159
129
137
215
15
484
89
7
228
22
28
144
112
172
222
205
333
2
570
23
170
51
383
159
48
1369
256
159
369
447
222
368
123
340
312
40
49
164
116
356
353
911
138
35
208
37
568
73
163
10
170
93
57
7
52
31
705
20
88
275
95
197
61
73
143
333
456
575
177
248
138
51
188
279
624
105
118
429
61
154
120
18
355
329
52
128
17
45
191
228
23
358
141
329
330
1
177
166
60
100
178
439
251
110
31
289
26
37
372
102
93
424
187
153
61
152
471
23
119
89
1352
524
46
436
269
215
103
103
8
294
146
78
182
249
920
129
5
1
345
231
370
129
251
257
191
98
200
2
207
187
21
19
121
187
18
81
163
135
385
332
226
260
160
398
653
439
569
65
75
6
24
164
104
728
128
71
149
53
498
10
299
259
138
250
295
18
107
542
104
246
240
97
321
77
120
137
1134
51
473
170
154
1
61
262
123
377
151
230
392
59
78
314
182
76
381
99
49
75
15
327
243
335
42
26
35
6
149
9
848
193
557
564
241
232
285
130
476
32
140
316
188
52
60
270
96
79
15
26
150
372
32
103
361
102
68
393
754
518
72
219
41
13
336
335
63
108
75
114
195
1
252
102
54
151
93
262
89
309
309
288
457
346
697
146
34
33
235
69
615
228
149
419
328
205
5
123
39
31
378
165
117
214
50
21
220
25
144
566
268
364
88
1
1
872
