193
161
15
124
44
154
178
194
64
198
126
54
171
177
15
292
165
8
5
105
3
18
44
112
380
42
777
373
16
309
79
169
24
166
270
365
124
521
323
15
617
177
56
523
134
278
67
275
162
414
52
25
118
124
589
280
116
385
95
126
353
148
158
91
34
288
77
14
117
85
93
27
347
3
150
90
96
87
15
93
156
597
15
411
426
100
89
32
229
621
58
69
13
170
170
128
14
644
27
554
145
112
31
862
1191
74
421
185
326
132
441
1319
43
1083
21
291
323
41
60
407
163
75
458
40
533
47
88
318
407
334
577
365
63
33
530
679
76
243
80
76
150
176
39
18
462
178
82
132
469
132
118
63
288
175
19
180
341
8
331
84
78
336
8
278
145
367
147
124
79
69
94
279
156
117
81
38
299
32
65
70
24
68
234
316
250
65
10
172
78
4
342
44
441
74
28
57
65
35
220
652
74
920
844
284
11
41
257
472
209
550
419
17
162
542
261
778
156
270
131
300
60
118
55
161
288
131
105
136
328
25
19
12
60
173
182
299
134
64
235
4
13
13
168
70
182
22
62
124
21
38
164
114
219
661
451
233
377
89
157
59
167
14
129
109
425
222
25
367
135
151
157
81
68
129
56
1
330
342
781
664
634
183
507
95
317
164
172
763
294
340
219
432
56
244
134
352
189
256
484
174
524
23
163
301
73
701
64
385
830
121
144
74
105
483
225
7
27
165
9
446
414
170
94
81
265
16
280
33
181
8
355
49
424
144
722
91
345
42
134
20
30
252
128
105
123
352
102
108
83
206
6
985
51
41
266
31
37
163
404
84
243
286
41
169
210
178
2
46
61
187
44
168
139
219
118
63
359
505
30
33
88
345
51
547
183
12
69
118
429
430
101
124
148
432
276
9
284
149
373
139
287
162
36
241
147
241
748
1138
803
182
104
113
72
123
72
127
140
114
10
758
116
27
414
214
88
56
299
208
571
383
201
158
42
45
203
149
403
167
177
306
15
25
41
14
150
61
445
116
34
107
130
13
189
240
324
37
52
143
800
728
36
120
136
265
24
165
79
215
112
86
288
496
744
172
523
119
182
64
186
303
136
529
150
190
102
90
212
81
428
48
162
49
180
155
145
160
363
134
103
77
74
131
648
304
74
508
163
165
71
444
2
149
38
284
188
32
4
49
402
173
304
247
33
36
198
230
279
168
95
232
147
75
362
266
186
383
97
551
123
957
202
379
210
319
169
149
185
288
464
251
381
113
23
48
437
42
432
310
54
124
127
241
315
9
161
54
19
242
56
59
136
491
356
52
8
340
303
237
397
36
244
206
836
140
280
297
91
61
44
23
620
1182
166
495
328
140
50
116
296
914
207
85
874
21
80
120
207
452
192
173
46
207
71
30
191
143
84
69
203
622
188
54
422
7
363
168
189
67
345
34
892
130
14
153
267
471
312
67
524
116
189
80
499
19
292
225
12
59
47
139
55
112
102
24
551
148
40
263
264
169
162
152
8
3
244
741
2
70
20
363
71
587
3
585
284
728
113
17
179
201
106
887
38
113
11
5
7
143
45
79
36
30
367
14
41
159
129
228
150
335
82
169
32
3
317
64
604
96
332
146
129
204
254
41
451
76
64
178
7
30
51
25
88
89
76
182
223
24
2
137
140
187
359
65
344
79
206
881
43
695
213
137
520
90
198
88
87
4
1080
308
298
206
74
244
56
44
358
72
241
372
215
25
185
108
28
22
209
218
662
197
205
2
530
404
30
716
87
193
574
16
90
518
15
86
48
159
51
48
128
243
118
690
138
16
683
168
692
153
503
467
431
165
537
85
342
357
62
278
338
539
158
193
265
219
237
225
110
554
36
161
149
226
11
328
76
283
46
980
81
101
450
3
57
1
36
115
259
529
117
13
223
22
139
92
239
2
100
31
31
3
101
675
141
113
200
293
192
97
100
47
105
404
326
11
193
4
477
78
64
9
284
92
69
292
193
204
11
72
415
89
71
283
257
316
31
149
62
91
200
6
16
79
188
125
371
41
65
143
45
204
72
104
67
50
279
111
40
84
342
52
350
6
149
1022
109
681
98
387
1
45
74
180
62
11
166
10
41
210
52
51
159
191
401
174
10
63
405
104
548
797
54
351
456
566
42
101
51
3
104
222
391
646
73
368
120
235
26
341
618
319
41
280
516
16
58
135
12
59
35
430
22
213
287
128
247
1018
90
128
86
12
178
162
349
117
3
93
174
29
86
80
62
14
179
152
300
116
586
100
67
3
409
434
90
11
16
434
378
38
378
176
127
328
157
116
388
150
152
196
16
408
151
129
42
779
183
366
4
252
225
444
218
130
652
65
414
123
14
29
415
158
36
536
265
171
19
184
418
42
227
439
347
783
38
133
286
38
19
321
5
144
92
540
23
221
25
285
61
281
382
192
75
70
155
164
286
61
65
214
301
138
1242
70
41
31
1169
572
1159
88
212
95
212
6
39
331
137
241
261
446
192
106
290
20
214
226
535
87
200
91
91
170
111
193
275
339
859
194
594
297
419
84
186
97
50
11
129
33
223
310
504
15
140
136
89
213
93
12
3
10
465
701
359
211
208
332
467
64
149
67
42
56
86
9
745
129
144
726
382
569
120
53
150
152
579
217
102
273
438
436
39
50
181
290
98
158
56
110
36
78
165
176
20
637
79
120
146
31
310
297
26
139
193
115
22
90
118
38
420
31
188
250
150
68
44
6
554
57
802
459
555
130
81
172
61
426
237
219
241
266
295
5
73
136
521
433
516
134
716
407
1
739
469
39
454
144
224
195
198
20
184
305
91
17
154
466
143
74
75
408
247
115
215
452
211
532
21
38
816
227
645
44
45
251
24
2
360
1
119
4
335
295
329
242
71
79
85
323
421
419
1245
86
121
64
23
32
198
36
341
692
945
161
76
41
25
39
155
8
186
251
110
65
14
72
64
98
72
59
103
22
193
173
159
129
164
25
60
29
504
445
278
12
96
168
106
127
189
145
124
42
44
115
628
9
41
11
206
211
223
273
331
54
46
271
253
251
93
233
243
328
112
34
148
70
70
6
19
62
296
53
27
129
73
332
443
168
39
265
150
108
107
147
32
49
80
9
55
202
600
158
145
245
65
83
262
209
188
15
216
100
458
39
272
1
90
76
150
234
65
105
143
231
60
32
124
213
460
135
334
438
17
20
52
693
323
37
551
38
471
240
474
61
144
154
138
780
141
66
202
368
532
129
30
165
208
9
62
291
11
121
21
51
61
173
386
80
167
252
227
2
135
268
16
419
86
369
156
242
180
411
124
10
334
225
533
55
274
123
156
85
28
201
269
135
251
20
404
22
86
103
122
106
99
404
435
358
93
717
931
163
46
23
247
546
327
21
94
1
116
137
272
311
240
18
82
193
94
171
47
49
31
793
272
243
84
188
148
78
278
32
554
6
205
366
165
250
4
38
522
57
81
20
313
18
160
42
124
207
465
320
70
39
37
164
762
78
336
80
206
28
432
540
116
241
495
296
217
43
298
227
2
114
270
10
16
332
231
235
213
234
223
99
1
19
384
175
170
309
814
53
92
201
99
54
146
55
290
120
28
299
193
262
4
31
246
764
120
32
80
221
113
721
299
334
233
211
390
370
458
252
277
94
69
329
20
73
38
105
206
61
159
122
75
315
76
7
928
92
57
394
504
157
63
330
7
96
37
35
11
129
74
344
263
210
128
49
11
269
92
15
254
115
701
350
364
224
53
403
14
150
60
76
27
18
191
184
676
56
260
138
148
607
25
471
62
321
117
4
152
130
7
40
438
11
503
14
101
147
13
135
29
197
279
127
339
103
431
379
359
104
27
33
174
22
184
404
104
105
45
713
6
324
14
303
285
6
98
632
103
350
17
381
22
218
123
409
21
607
126
33
185
242
177
41
283
19
5
241
522
463
49
110
55
83
85
3
217
28
354
405
137
114
147
876
190
136
174
219
68
152
249
42
657
345
329
64
317
110
182
134
78
161
111
74
21
13
242
24
206
658
40
287
153
146
179
7
3
328
309
179
499
67
582
271
77
70
588
225
218
614
146
105
326
129
52
37
278
66
588
104
127
760
356
45
178
188
125
48
93
30
50
759
273
239
123
235
320
134
205
57
157
428
571
268
72
197
141
28
164
212
389
76
196
127
211
81
631
171
67
375
132
413
133
280
270
182
144
1
56
196
842
115
367
276
1268
370
126
334
180
482
22
41
39
88
75
172
747
466
33
196
36
86
383
54
218
115
21
35
82
267
50
286
161
69
39
115
306
41
217
225
74
359
43
50
191
30
123
67
188
59
459
77
40
52
248
68
70
31
53
461
28
11
2
324
96
116
99
39
90
76
772
247
518
328
362
118
394
90
243
106
342
78
34
162
99
18
1664
585
102
169
289
230
11
44
188
138
710
25
155
153
290
428
51
57
44
81
67
455
165
349
104
200
86
198
18
173
325
191
99
682
122
6
159
248
57
146
272
115
73
32
472
113
1406
200
490
125
83
142
836
600
83
109
206
123
106
71
16
755
107
186
60
591
109
105
211
152
338
118
376
12
349
570
841
27
8
101
71
96
9
6
195
79
303
28
49
58
228
9
265
229
38
558
248
81
246
45
89
8
355
146
17
200
117
148
136
50
335
23
83
402
121
38
19
19
117
7
203
47
73
37
435
684
2
180
168
105
48
132
38
127
82
88
76
69
156
134
91
219
55
308
248
197
45
346
137
207
383
71
32
94
461
176
172
121
332
203
93
73
69
532
343
103
83
226
33
1225
694
8
278
274
44
160
341
49
95
120
40
274
141
43
238
203
161
305
14
22
118
54
94
1078
293
339
56
286
343
71
447
166
10
688
5
22
150
188
300
6
158
27
235
135
401
16
624
262
337
382
359
50
268
209
164
72
574
1
182
334
260
26
174
206
165
217
299
245
10
64
111
73
263
138
321
76
91
102
78
53
247
130
175
122
136
50
194
427
174
577
63
37
769
32
654
262
294
21
338
433
157
532
76
28
115
357
136
1
103
249
458
162
259
544
53
328
130
103
719
56
480
237
382
305
123
126
142
38
102
389
38
73
288
17
258
112
199
704
809
229
86
212
147
691
349
20
499
187
112
262
277
267
202
448
37
619
5
64
104
32
204
22
19
695
113
74
208
716
272
88
236
344
158
627
263
173
115
111
1069
155
10
364
326
161
523
306
57
80
135
371
164
235
34
179
7
55
55
69
310
96
232
5
63
54
71
120
321
82
122
765
9
199
4
121
245
261
111
44
85
434
214
162
182
224
17
232
235
327
367
324
176
23
353
181
171
18
425
12
247
8
58
107
378
57
731
100
274
32
54
161
564
644
66
411
402
333
3
81
657
248
406
248
41
123
4
73
237
400
156
313
36
76
211
694
113
22
153
169
534
150
561
416
256
51
20
90
111
219
5
16
719
84
499
734
120
173
164
635
521
112
136
286
177
214
675
135
4
58
65
1106
924
118
173
301
183
238
312
225
13
203
210
10
13
111
161
211
734
122
54
713
316
637
491
38
26
98
672
106
12
21
278
295
93
73
222
126
243
265
8
167
63
769
453
768
308
7
74
434
13
523
71
86
8
981
649
76
194
224
442
279
51
97
129
19
54
92
44
270
97
10
130
417
64
302
55
45
517
174
232
510
266
221
124
229
187
105
279
177
223
153
120
30
102
44
555
55
125
263
186
1067
46
227
244
157
2
730
196
194
130
351
35
20
268
45
484
37
233
109
94
127
168
344
349
309
236
674
180
187
220
83
345
50
620
5
71
182
29
84
125
284
214
419
37
361
152
442
73
177
223
181
437
156
80
55
216
140
112
127
403
218
35
729
54
991
203
343
321
36
5
142
203
251
455
39
25
219
71
578
290
78
38
371
76
128
231
80
16
233
33
350
33
797
823
64
243
136
130
32
252
125
294
549
137
43
384
146
99
45
538
108
431
84
5
108
213
6
20
133
209
83
194
138
332
51
456
244
161
134
490
111
152
327
43
552
394
130
101
7
80
34
12
46
258
49
64
472
405
15
258
541
115
10
345
69
38
33
96
179
172
84
189
111
234
181
343
219
4
125
192
46
58
80
2
9
336
22
44
59
438
158
128
280
658
975
603
88
154
190
195
20
9
3
118
59
188
82
465
26
258
197
346
378
116
196
361
147
34
279
66
272
192
143
577
398
50
619
113
41
39
161
158
49
231
10
146
93
225
193
106
30
46
9
158
30
32
7
77
13
47
146
54
1
507
21
128
6
217
73
448
193
78
2
301
331
242
178
32
171
56
28
7
106
34
95
150
171
181
202
606
568
499
83
793
1102
206
156
22
383
50
1
45
362
41
25
224
167
291
96
396
1
200
212
38
125
267
452
268
3
740
192
573
64
231
275
221
9
178
38
183
312
70
191
110
91
539
22
73
5
4
279
111
32
30
13
641
223
174
120
90
215
118
57
51
3
97
415
217
324
153
107
119
29
276
68
388
15
252
67
124
164
13
199
326
359
5
79
55
58
311
135
318
9
29
451
118
672
89
117
156
64
51
300
388
5
493
292
3
37
207
16
210
103
760
152
44
54
142
141
169
60
530
12
221
11
29
5
709
301
108
293
23
323
93
413
273
116
184
101
196
48
320
882
21
193
75
169
2
414
322
282
54
183
9
313
341
502
145
40
444
556
366
286
97
16
216
104
280
47
16
22
205
22
52
193
281
26
16
121
407
187
13
80
55
5
199
501
73
48
74
4
3
304
95
512
187
28
269
37
56
1271
18
109
52
19
591
218
66
217
282
132
200
204
112
169
71
27
222
62
104
375
146
66
384
133
58
87
55
84
53
12
70
80
356
125
300
278
601
488
13
371
72
159
90
147
1
483
383
81
187
58
192
18
25
322
217
15
30
271
593
112
257
10
243
159
1230
608
446
5
42
57
45
24
29
31
84
31
399
436
12
532
87
426
213
150
8
142
102
103
45
94
203
122
297
52
841
399
263
43
102
41
178
207
146
274
32
86
17
271
10
26
311
8
69
291
121
26
45
111
271
42
13
28
109
359
475
285
95
77
209
18
84
379
9
39
161
427
234
360
71
457
168
81
206
196
63
22
37
35
129
222
20
776
330
132
195
75
194
493
357
324
355
28
796
795
107
1
165
136
181
419
555
154
103
82
529
139
187
233
37
64
248
121
169
39
2
136
324
861
94
11
5
9
360
106
322
436
151
96
150
102
35
82
36
505
138
7
230
76
20
465
9
118
256
17
2
4
233
349
261
71
185
194
84
195
229
192
138
49
43
219
31
60
31
221
86
218
296
110
213
170
844
261
185
1021
69
587
663
177
86
264
99
6
246
38
451
617
396
4
999
667
38
72
341
174
306
517
21
256
24
185
75
189
2
271
423
177
39
159
249
332
623
13
963
71
12
84
146
74
82
137
111
126
46
349
238
248
303
278
51
99
93
285
374
191
88
23
25
54
20
126
56
123
586
59
668
178
985
401
278
306
152
141
32
105
934
410
195
373
73
97
292
76
93
38
36
191
232
178
302
68
264
97
63
33
52
85
606
245
342
171
401
83
86
23
265
332
48
37
38
4
1022
211
759
131
469
49
430
133
30
156
161
117
283
15
51
84
37
663
340
335
336
98
373
289
33
630
789
9
142
150
199
25
642
841
81
49
264
90
89
558
74
482
83
271
313
102
59
82
191
81
207
106
50
76
100
241
293
71
462
341
136
409
2
386
301
103
147
44
176
38
210
155
63
56
61
170
114
79
52
65
418
62
265
83
59
130
542
198
144
693
258
44
273
46
8
331
136
145
121
115
34
70
154
233
161
224
217
214
57
465
262
34
266
38
186
317
20
14
187
412
33
104
463
170
337
198
34
98
194
152
61
72
25
135
148
202
38
542
21
15
290
67
15
332
116
12
1619
74
452
99
64
187
527
200
22
236
50
83
152
375
31
58
70
136
22
181
350
128
181
85
85
53
136
245
63
486
244
148
415
279
300
350
143
368
160
64
47
207
121
195
11
68
143
15
25
13
250
160
98
28
295
353
104
454
464
143
15
851
254
279
104
87
350
404
193
114
45
155
82
391
648
398
75
209
209
707
145
101
150
98
391
101
24
447
134
37
113
26
546
101
30
154
857
222
22
19
190
18
146
55
322
24
39
155
204
255
564
156
137
54
18
51
193
430
140
207
7
137
135
14
10
87
18
58
54
191
198
36
52
84
196
301
33
148
133
49
15
29
58
622
66
216
442
68
288
14
68
305
235
221
122
626
72
467
33
404
778
115
103
387
494
178
22
33
32
161
59
166
91
90
461
797
75
20
113
433
22
58
68
183
82
343
224
142
77
596
101
621
65
265
97
5
382
13
2
578
295
2
337
82
1
257
234
816
59
72
33
111
38
180
313
778
11
113
124
149
114
52
88
224
100
117
143
195
524
361
399
85
51
9
125
96
38
96
423
498
771
101
128
104
50
19
162
105
35
78
22
463
242
79
5
297
339
376
227
239
279
353
215
28
516
31
128
210
317
82
46
82
179
353
295
110
49
175
328
612
39
214
376
201
458
220
409
186
60
171
287
98
213
327
380
221
142
34
15
40
140
117
406
95
105
104
106
35
376
283
54
68
382
596
505
326
146
149
355
23
206
181
182
530
229
94
93
517
358
59
129
21
209
100
156
309
646
61
245
102
149
31
2
222
34
11
143
181
292
3
75
341
25
51
954
210
184
798
191
123
721
686
384
204
72
257
89
445
2
432
621
4
93
24
281
621
63
35
298
65
175
20
41
398
9
25
257
706
454
524
120
110
51
36
86
26
58
335
538
194
148
23
108
808
53
424
171
181
181
333
370
50
188
166
312
677
1
64
153
105
297
86
48
164
20
12
16
603
2
438
83
135
237
22
77
88
220
143
8
199
281
450
334
426
49
16
573
118
326
9
30
169
34
51
242
48
76
46
25
207
320
4
27
191
552
98
394
70
654
467
41
238
179
204
274
341
135
24
514
46
124
25
50
35
227
97
43
75
369
140
145
321
169
24
71
242
422
340
47
10
26
331
146
5
36
191
227
226
54
3
131
280
48
149
113
709
246
138
111
99
366
44
70
24
827
514
87
11
92
186
138
622
384
342
4
116
274
267
190
45
766
600
352
42
147
206
99
459
78
16
188
165
238
414
116
92
112
12
53
162
128
71
357
124
187
92
26
89
364
62
147
51
646
603
214
44
12
43
229
521
76
130
111
157
4
126
477
121
1
615
89
243
130
306
68
20
153
265
273
315
34
327
84
227
31
421
26
15
253
54
406
28
47
464
4
206
199
58
195
85
150
462
195
173
439
72
461
129
143
9
64
86
202
72
843
176
47
116
364
228
194
42
129
229
53
101
1
289
171
373
130
23
157
6
97
386
112
113
232
79
29
60
160
51
111
10
80
13
162
42
478
140
20
313
1110
377
84
376
126
104
25
48
82
484
75
74
126
325
8
21
194
122
250
43
459
47
460
223
50
77
71
147
443
185
237
32
452
855
48
885
652
209
265
213
5
3
325
167
37
67
426
167
213
300
67
137
23
238
210
35
128
216
65
226
337
206
42
236
187
160
53
101
144
41
28
352
85
283
255
121
58
284
82
119
244
67
181
222
114
216
133
352
406
133
10
269
40
414
166
48
150
19
145
133
186
67
51
257
15
182
129
133
606
64
1275
239
212
16
25
12
183
227
113
85
36
68
428
202
608
32
7
353
7
54
433
149
46
346
32
227
531
14
45
1
695
128
234
190
89
80
8
364
322
498
267
256
17
208
299
30
169
451
4
4
122
265
447
194
266
62
61
94
202
323
278
47
129
181
117
366
204
82
61
10
240
30
403
74
73
57
115
398
550
36
36
179
23
104
326
255
21
220
31
365
390
149
238
28
23
129
145
90
69
125
109
161
112
239
142
326
138
397
72
63
112
170
83
245
61
38
186
196
213
229
174
116
56
13
79
212
761
153
95
142
16
42
379
16
177
156
164
57
69
89
143
212
427
86
196
401
36
11
1116
671
56
162
178
433
103
77
208
139
216
317
256
617
250
13
194
37
56
49
32
5
64
237
559
37
191
74
77
491
6
33
104
52
37
27
102
55
488
74
99
56
45
405
124
252
485
278
144
56
554
387
186
399
3
520
38
322
104
394
586
9
8
225
684
270
44
352
124
449
80
29
1347
68
25
652
257
34
82
1191
6
159
225
43
139
363
10
45
144
98
139
2
56
305
85
504
159
222
171
234
118
183
37
803
205
447
97
418
389
755
191
210
96
37
537
158
187
90
418
288
846
183
193
87
38
2
14
65
257
6
2
81
54
117
497
33
44
35
124
2
113
53
90
206
144
9
211
365
508
43
705
580
82
667
588
17
462
586
69
51
314
226
227
674
571
381
7
4
63
6
63
83
53
73
31
2
18
603
57
174
217
115
296
40
5
374
31
725
356
35
17
86
294
76
53
104
437
185
541
13
40
68
43
122
60
559
140
405
125
145
183
419
60
155
233
847
53
120
78
109
172
159
121
76
100
133
306
10
191
341
4
378
689
166
20
153
269
48
610
118
280
45
13
112
93
69
21
824
385
359
18
97
681
93
106
446
24
172
501
438
438
626
211
10
101
83
70
84
25
159
704
11
287
77
118
148
398
354
85
431
144
441
135
115
12
51
486
558
22
345
235
147
233
350
35
107
541
512
182
55
10
251
1
19
5
6
10
11
356
200
277
135
158
89
14
266
25
9
448
105
60
71
195
27
49
172
368
318
305
133
61
42
108
344
128
13
306
76
194
135
175
146
179
241
1
349
338
7
199
24
59
84
41
517
244
132
434
242
686
31
388
5
5
268
77
78
284
164
4
7
99
498
208
212
27
142
218
252
46
229
75
13
402
439
47
125
101
640
84
8
299
136
311
101
17
7
16
4
49
64
107
391
10
1255
293
160
169
1045
4
72
36
193
18
386
167
65
98
149
198
148
114
295
127
751
534
69
24
330
48
11
38
775
94
79
287
1073
490
13
26
85
66
240
23
96
20
334
35
362
130
162
316
262
55
110
51
346
88
56
57
102
137
481
485
163
6
329
35
289
63
96
529
353
95
402
461
20
244
178
111
871
685
382
287
265
12
394
41
86
380
202
21
260
448
109
242
729
50
146
84
279
54
11
28
337
638
186
445
131
139
41
23
57
13
162
401
66
99
72
124
712
520
236
272
76
183
281
292
69
144
146
425
1
114
649
338
288
101
165
443
392
66
598
508
51
231
206
479
246
733
71
29
44
331
133
261
65
5
114
75
219
42
249
334
34
244
81
11
52
297
52
40
30
14
169
159
194
129
571
36
600
287
277
60
197
118
502
14
76
315
76
137
85
57
378
205
114
24
271
414
388
453
540
139
348
21
17
202
53
316
27
94
154
500
468
370
612
138
281
55
264
285
188
122
226
104
147
85
220
524
22
67
100
69
392
16
3
354
387
331
609
254
244
274
176
357
86
426
693
88
178
46
111
917
393
71
20
23
35
91
63
212
224
59
223
44
6
181
100
566
192
212
288
11
8
634
332
24
2
80
162
24
404
95
420
294
646
21
28
142
10
193
60
1
13
255
195
172
71
46
58
80
113
260
272
72
78
35
148
172
37
23
233
182
415
208
39
185
33
443
105
132
72
133
53
475
47
182
63
24
98
154
126
22
241
163
14
246
186
669
194
64
117
24
116
85
271
94
915
49
1
236
210
195
452
336
100
149
105
285
258
45
367
227
144
182
40
203
906
51
298
123
186
126
312
47
690
193
118
97
181
157
119
131
218
57
203
516
153
51
70
12
46
654
12
43
121
91
682
113
425
149
166
44
166
201
148
50
154
100
321
718
378
281
275
45
89
97
40
186
9
183
375
71
3
53
65
24
597
39
138
94
43
1282
159
45
39
130
68
596
137
90
127
472
48
51
146
298
263
306
5
25
451
122
98
64
158
168
176
533
59
4
163
395
125
283
32
624
258
497
17
37
68
565
629
108
265
162
247
18
420
500
142
38
221
347
174
261
70
55
473
193
49
21
63
63
84
198
196
112
17
19
55
188
122
62
192
46
12
163
196
819
825
733
340
771
151
591
114
100
378
56
3
190
65
375
23
529
165
35
18
10
242
85
117
776
198
42
203
117
111
64
463
71
81
393
802
44
56
71
73
608
431
69
147
339
127
473
434
34
578
192
133
244
211
63
253
619
152
66
12
292
217
616
151
339
71
45
416
595
34
161
441
14
39
333
437
186
110
31
286
50
109
862
191
293
175
208
114
40
892
354
285
69
45
16
364
72
85
83
48
373
52
193
52
91
178
613
108
343
89
201
54
93
1050
719
24
16
268
136
72
61
486
373
125
178
11
80
139
132
9
83
162
604
943
193
244
116
18
177
59
296
20
231
33
341
308
1159
124
527
639
9
96
306
74
12
272
244
362
195
153
12
8
840
74
327
178
441
10
392
256
71
99
56
9
340
242
274
951
45
906
21
228
270
14
71
66
470
2
34
284
19
71
234
19
299
251
107
278
1021
80
35
206
99
213
132
45
292
109
73
483
118
399
350
519
60
23
77
5
164
142
508
192
16
139
4
8
534
410
58
321
247
652
361
19
440
262
46
38
137
40
192
539
74
21
346
77
132
178
81
348
464
87
123
331
33
42
208
340
99
249
62
212
7
248
91
103
155
30
181
31
39
46
293
156
19
161
62
15
146
573
322
14
154
129
230
78
21
278
32
124
328
3
396
345
39
226
42
2
321
55
76
465
46
12
341
76
322
511
324
1078
236
579
31
52
303
221
859
265
516
530
13
21
164
103
527
107
173
73
250
112
380
56
131
351
44
206
313
521
40
283
160
135
159
250
282
419
226
166
52
52
382
324
468
552
271
84
336
27
442
99
76
67
180
47
235
441
819
50
229
30
229
117
19
162
376
248
1286
226
807
200
264
166
79
313
33
71
37
32
83
57
835
14
85
66
207
5
1
214
192
95
122
335
130
48
131
297
170
272
46
98
39
43
71
24
1332
219
57
176
92
662
308
223
607
328
24
52
84
114
592
68
92
12
9
461
123
31
55
82
508
650
222
389
121
105
42
350
285
153
190
71
182
319
494
417
22
115
474
5
270
4
150
154
258
156
85
119
54
33
89
3
76
392
220
7
261
67
29
60
242
385
200
6
341
133
614
541
643
27
756
211
190
47
46
277
101
123
54
183
30
1
72
40
99
65
113
613
202
220
83
161
31
111
217
127
258
251
180
144
65
95
159
47
121
64
496
406
73
301
159
175
48
73
949
320
1758
99
36
279
149
59
128
118
194
97
5
100
255
3
1161
415
3
10
327
403
129
80
15
113
184
336
20
263
51
143
353
113
51
259
10
212
128
174
226
63
439
51
2
229
542
284
319
416
90
80
483
465
186
81
155
165
208
51
206
125
217
477
228
51
88
34
50
751
61
6
164
591
505
292
415
72
47
35
20
656
251
295
954
229
137
19
219
815
5
2
587
70
259
205
418
525
465
443
319
30
104
339
43
1
475
43
387
75
23
67
122
40
242
59
32
219
144
56
60
3
154
146
253
363
84
235
51
425
184
134
387
208
28
4
28
160
61
4
32
410
479
6
505
36
35
1
115
105
271
68
184
166
45
115
203
313
32
427
1061
4
102
375
119
21
96
158
96
70
189
22
501
53
193
32
1044
32
33
180
453
163
965
160
117
30
61
321
88
611
140
433
532
393
125
48
179
43
346
34
111
152
327
210
72
263
623
51
213
582
604
565
152
387
308
48
1089
351
37
797
136
49
136
49
55
153
41
37
64
253
367
116
51
35
485
47
104
334
89
244
85
840
12
73
75
30
91
70
605
80
187
245
204
164
475
51
183
281
37
211
119
162
153
378
42
221
49
225
71
1
773
393
739
65
42
68
39
82
236
218
125
518
126
7
86
14
63
26
35
351
55
544
9
228
261
220
49
30
51
67
5
527
240
340
533
109
64
362
8
128
120
6
34
138
396
95
33
468
330
570
153
213
116
202
594
36
639
5
214
55
212
189
178
74
24
156
13
192
126
56
291
216
7
547
26
145
28
133
156
84
132
175
332
266
7
254
6
38
134
454
85
58
121
175
755
614
150
368
229
217
31
31
49
24
165
310
496
9
337
120
790
265
645
294
155
34
139
135
25
644
69
22
170
6
305
126
30
295
776
94
176
564
442
143
45
30
413
346
173
275
236
253
466
155
203
18
272
183
157
182
1
424
13
72
22
7
4
414
819
286
50
201
6
114
147
222
139
27
148
27
184
418
278
14
247
71
195
560
491
85
17
8
126
95
50
1255
39
75
288
285
103
4
253
669
262
249
12
68
408
172
305
193
621
66
44
196
292
214
272
186
3
61
56
32
55
899
447
158
132
143
355
109
58
257
217
161
442
582
279
94
7
15
209
17
16
101
122
397
109
85
159
41
125
338
101
188
6
86
559
30
46
404
60
139
85
36
626
111
38
454
15
66
226
69
354
26
403
62
39
181
687
44
72
199
37
14
24
118
140
41
522
327
714
49
71
843
131
249
53
122
243
503
235
242
124
2
284
45
243
143
50
754
237
27
970
266
135
216
40
6
76
76
32
114
458
754
112
46
109
364
349
89
19
656
148
230
3
20
175
195
112
89
223
145
367
32
78
31
62
379
191
14
15
212
186
275
165
39
83
358
439
22
329
239
100
169
230
187
537
139
38
152
87
194
354
11
194
95
250
79
319
128
210
194
88
47
7
75
1
109
556
435
178
36
627
415
34
419
146
46
303
68
23
501
59
248
49
298
49
4
74
193
389
636
265
19
250
17
409
157
269
502
89
260
41
291
298
30
97
191
174
156
20
185
243
192
97
200
170
50
304
90
679
42
232
83
154
49
220
124
69
235
280
129
592
12
74
284
131
174
162
23
213
8
93
234
764
73
122
785
380
61
114
321
63
10
1029
54
570
18
241
208
37
393
138
130
64
531
169
16
3
30
188
63
264
122
19
426
226
140
218
593
53
27
61
340
142
12
644
388
13
29
64
3
24
918
446
501
26
265
156
278
6
175
641
191
7
445
229
188
60
171
214
78
23
92
78
957
243
486
53
4
48
30
327
9
117
408
80
96
137
47
287
475
462
158
135
58
893
320
166
100
473
263
164
130
21
461
206
1080
179
35
511
25
587
47
236
72
44
28
216
7
193
112
272
288
261
135
161
414
59
665
24
384
146
5
670
98
6
750
50
181
196
43
193
32
5
336
71
121
29
56
49
212
546
344
672
199
78
259
644
300
240
149
221
241
249
87
547
192
627
43
3
208
732
54
94
244
110
285
599
60
262
151
317
183
22
34
417
496
49
105
2
376
107
625
162
267
349
119
1502
80
33
132
616
22
153
92
249
701
85
44
600
167
41
32
215
353
1
154
442
26
214
153
118
167
248
18
10
397
487
467
35
65
21
29
596
3
488
143
194
255
47
192
167
77
106
23
155
447
268
110
101
360
192
583
140
1
25
15
105
15
276
31
416
329
141
293
402
146
116
111
166
79
213
392
7
165
9
59
205
548
193
191
274
276
307
80
410
354
95
111
379
117
349
115
19
393
73
90
157
377
36
254
125
279
153
23
165
110
113
68
200
238
41
58
61
205
167
48
252
74
122
1
168
35
88
460
46
706
202
52
309
82
376
372
256
163
517
422
78
28
209
266
212
140
41
344
55
99
19
668
221
69
157
1
253
138
63
136
21
63
402
5
94
102
769
20
46
444
26
11
123
1
132
832
76
67
184
34
550
638
43
331
351
52
8
658
113
343
49
4
23
130
172
275
11
161
287
188
57
140
200
356
18
121
118
60
234
165
194
109
175
107
119
324
287
35
166
292
323
178
166
26
10
482
169
276
150
106
26
93
209
263
43
302
65
934
286
195
79
117
213
31
94
483
28
377
144
260
634
208
449
90
102
68
44
131
401
251
135
222
234
45
230
142
278
316
19
50
95
966
54
203
81
39
132
240
56
239
175
35
67
38
273
303
149
391
72
233
243
228
177
29
361
299
20
90
129
26
156
353
632
26
471
118
141
260
8
26
141
552
591
66
340
59
88
179
126
2
176
200
155
4
116
232
203
186
19
107
281
84
192
189
436
188
68
286
55
86
32
190
88
2
12
140
12
35
238
198
128
283
262
1
11
122
203
76
438
10
86
95
43
100
63
119
63
458
318
16
338
524
430
247
596
41
337
372
251
135
246
346
137
709
443
19
29
11
266
21
23
72
4
165
193
160
113
77
504
65
80
125
273
243
68
7
37
178
188
478
261
43
71
44
51
90
237
290
465
49
61
46
152
107
249
404
15
113
858
68
97
417
54
187
276
59
93
72
182
43
68
448
58
162
86
401
11
129
52
141
233
240
248
460
24
63
146
314
340
1111
326
148
497
221
87
296
292
141
24
80
162
322
38
180
211
48
243
9
21
249
13
94
9
182
157
158
147
187
884
111
82
162
249
66
138
128
678
346
664
257
124
4
16
15
10
100
149
32
39
7
45
75
49
7
269
86
44
181
33
1180
32
119
79
283
143
484
346
600
377
49
253
146
81
94
470
139
38
64
225
226
162
52
486
88
43
268
288
268
15
180
24
397
131
31
246
181
677
396
73
188
52
1
197
374
189
134
145
112
63
329
29
127
177
28
143
299
652
81
78
443
152
40
53
125
606
94
193
105
342
222
17
317
330
351
142
1
33
158
21
9
153
36
32
153
1225
77
868
84
634
60
374
66
505
19
13
486
906
187
107
416
297
692
1342
243
285
522
101
203
302
352
160
94
200
23
40
51
130
128
11
219
19
160
755
251
158
33
394
34
135
471
221
5
140
133
201
93
256
29
159
261
67
249
142
69
234
829
504
54
229
91
31
47
256
365
174
88
229
68
194
866
343
498
40
51
212
8
64
227
324
410
115
188
111
218
75
143
75
279
62
190
56
402
101
64
244
85
269
246
171
143
10
10
336
439
612
41
358
155
516
86
173
36
280
611
545
57
5
181
167
601
84
266
278
545
234
1
86
434
281
189
115
533
161
344
297
216
52
655
197
1513
77
601
21
193
105
301
143
26
111
593
880
252
133
81
301
197
187
100
113
409
32
60
121
279
69
199
129
219
118
646
175
147
456
455
406
118
153
117
338
6
5
341
177
303
60
131
384
19
121
64
46
73
212
40
295
63
24
207
34
532
66
509
49
70
354
117
425
118
129
213
135
337
6
70
365
125
117
179
132
164
59
78
96
304
54
60
144
415
183
424
149
16
194
540
4
190
1086
233
176
3
324
124
29
109
97
76
231
233
6
110
29
96
277
13
33
137
14
244
291
11
11
43
288
77
169
111
118
390
1758
171
456
29
71
59
79
415
274
215
156
652
53
18
58
776
104
385
37
53
156
19
179
95
131
67
146
125
121
39
498
141
36
441
48
99
702
295
183
73
136
577
68
100
136
3
56
422
102
484
163
91
65
78
2
149
197
238
467
493
336
72
356
27
149
62
98
628
9
20
128
512
250
206
64
226
123
3
132
238
198
67
482
412
22
209
4
60
561
343
141
221
108
62
159
95
369
38
274
187
602
203
110
10
51
13
76
23
1
47
77
31
251
409
68
77
16
220
174
115
181
435
95
76
55
417
102
6
181
541
19
242
91
40
448
17
164
89
247
172
50
17
15
4
1015
105
50
397
124
77
199
3
132
721
9
7
133
66
229
503
745
246
224
44
34
346
74
150
670
150
46
163
107
121
4
52
147
132
246
60
276
431
14
8
48
1236
135
187
170
723
220
1
467
139
55
206
112
6
10
728
107
107
7
27
24
135
107
283
15
147
49
385
209
930
287
207
25
259
40
103
30
315
179
76
2
36
863
41
138
179
127
24
180
239
426
595
14
241
131
239
29
315
229
179
18
188
161
15
54
288
9
97
7
507
216
906
208
98
177
165
457
214
445
257
481
484
497
69
56
557
104
51
512
108
143
1
45
11
57
209
84
165
128
24
84
427
10
58
431
248
39
22
98
246
189
228
135
112
294
2
342
103
87
190
93
85
172
50
91
796
193
313
503
107
83
267
87
158
454
110
145
144
91
267
548
172
436
608
40
125
157
156
46
199
118
53
27
99
50
649
35
101
108
4
38
123
705
2
173
26
78
486
10
4
52
786
267
114
587
184
154
17
323
570
4
142
306
154
160
42
59
159
97
204
87
566
4
228
39
61
278
38
103
53
243
70
76
590
45
321
922
307
376
39
176
371
21
62
113
18
267
54
639
432
13
104
23
60
23
466
52
113
343
179
41
823
114
60
204
85
642
153
41
278
24
140
103
130
142
128
109
149
135
394
18
131
111
257
81
295
314
319
401
9
614
197
236
394
467
214
228
129
392
368
217
369
11
213
51
218
149
9
280
182
82
57
371
112
553
700
211
91
34
418
71
50
156
397
481
211
137
21
100
52
684
64
151
138
21
14
138
347
208
56
104
30
144
107
523
109
65
405
210
6
957
138
46
227
42
54
316
55
75
4
45
20
169
252
394
58
108
2
30
682
176
221
76
17
825
51
134
272
81
131
433
362
344
395
263
257
251
3
63
184
38
245
829
34
38
106
238
254
423
191
147
242
65
63
99
117
113
98
33
65
50
49
431
648
418
3
138
60
38
348
52
329
193
70
24
19
138
551
10
198
17
375
139
51
417
83
142
85
59
122
2
134
66
349
31
221
24
366
175
301
341
196
151
4
475
284
103
35
133
49
438
309
81
145
101
79
280
143
146
1000
168
352
195
119
11
104
26
77
45
16
158
94
30
256
2
137
4
485
34
53
72
146
39
22
220
64
947
101
138
285
53
239
48
271
5
335
76
100
59
90
153
70
104
259
348
291
126
178
207
109
30
292
78
120
341
171
364
194
159
108
510
106
115
384
268
67
243
366
12
170
574
85
50
497
212
25
325
279
221
272
46
309
172
334
31
697
246
70
75
456
313
620
11
28
425
612
111
95
204
94
131
15
164
486
20
47
58
106
47
4
87
138
352
90
39
2
178
95
237
120
66
69
483
41
29
509
69
175
61
316
61
392
3
88
115
316
237
64
195
17
102
56
50
133
93
83
24
184
234
75
185
80
207
351
171
401
203
32
87
110
660
33
130
80
74
57
434
342
69
13
222
39
579
121
614
113
103
281
4
108
242
284
51
70
7
96
479
87
56
138
261
56
633
476
216
105
50
455
41
481
413
93
283
87
207
4
43
34
47
135
1481
426
21
11
78
348
316
221
146
181
381
4
9
484
101
91
212
79
362
334
170
17
31
364
253
388
142
209
159
170
327
63
205
4
170
394
193
130
854
58
127
29
178
19
453
100
31
221
291
446
123
359
63
117
145
584
390
150
292
104
184
235
492
214
821
113
7
46
342
479
100
151
73
23
318
116
380
266
312
332
303
148
186
34
120
44
31
5
588
322
413
230
463
188
833
15
157
82
190
118
177
408
145
280
5
57
6
31
117
20
203
195
574
49
3
73
64
203
420
53
52
241
136
52
689
149
40
288
73
152
214
68
163
46
170
4
23
417
15
192
38
242
250
305
730
170
209
36
387
35
73
180
106
375
145
28
69
260
97
359
251
106
265
302
82
376
140
58
137
480
485
192
142
466
284
335
12
304
227
589
68
57
251
640
223
123
10
340
77
182
45
52
239
639
199
75
137
357
660
55
185
395
296
57
453
27
54
16
381
199
140
51
195
128
28
7
216
83
105
14
131
189
580
261
206
288
86
195
172
67
80
183
75
361
18
627
273
434
79
307
130
137
266
464
438
144
67
90
136
448
32
1100
38
84
218
687
105
1061
25
314
19
108
238
324
723
152
141
153
112
331
516
885
149
86
47
53
17
29
198
80
277
26
5
15
276
119
24
110
77
112
93
56
145
159
416
34
104
56
460
25
71
185
212
176
13
285
728
328
36
42
83
38
135
184
5
20
159
235
293
105
39
109
300
269
72
17
103
337
450
387
91
40
217
15
377
75
190
433
72
168
15
202
73
641
53
149
84
49
399
505
353
18
54
529
48
102
398
146
148
301
45
379
46
159
333
24
167
282
40
131
228
320
240
147
30
193
682
222
103
531
693
18
47
125
54
142
297
222
178
119
47
432
158
71
606
97
1003
253
172
84
52
446
341
27
505
796
36
477
35
104
360
16
21
49
154
99
96
72
303
89
354
165
33
345
196
410
87
45
114
727
95
84
238
13
205
146
171
59
113
115
261
236
140
362
123
121
38
163
82
9
293
182
482
204
279
26
184
352
92
375
77
13
39
414
846
149
70
69
126
221
248
214
17
20
130
265
51
5
40
140
56
15
136
425
27
163
31
32
23
5
42
149
334
58
471
446
729
105
32
22
95
207
132
394
17
286
11
204
154
55
89
187
247
73
517
8
259
66
35
27
55
482
47
295
8
484
49
46
1
115
295
624
10
238
609
42
12
115
271
287
143
147
46
21
336
62
60
54
602
413
94
24
170
150
13
128
20
140
128
120
428
512
748
44
42
113
9
194
337
126
65
217
51
93
617
8
22
15
468
1061
1032
136
14
2
31
144
173
389
9
173
288
27
447
303
305
142
134
163
101
830
200
301
187
54
262
101
161
83
176
109
135
40
5
98
53
168
121
21
348
138
503
311
448
163
307
143
111
524
180
405
93
596
56
461
459
263
10
69
216
287
277
193
405
991
39
458
181
95
132
22
16
74
261
415
99
529
296
48
91
357
27
59
10
6
398
620
157
265
34
366
218
464
158
164
22
813
160
126
180
420
224
583
350
159
117
223
135
61
158
172
65
571
226
242
50
174
37
214
32
39
4
526
219
46
101
261
131
9
52
196
97
84
563
206
318
343
1187
24
35
108
60
437
12
78
320
67
105
325
73
75
151
81
163
152
133
614
42
48
140
105
55
937
368
456
218
318
497
16
73
48
16
23
151
5
343
95
5
40
374
272
439
349
268
341
219
257
218
67
66
230
459
213
187
69
165
142
236
186
84
183
56
20
206
426
123
123
455
399
363
208
134
69
2
235
8
184
47
217
123
37
138
106
188
250
72
80
388
840
86
396
118
7
214
676
724
30
186
60
367
413
249
10
2
38
47
1219
466
864
2
188
376
109
31
60
313
376
65
4
284
806
109
613
338
85
90
30
476
25
1124
17
109
375
16
362
314
704
148
113
9
196
415
488
150
245
697
230
351
221
118
88
4
1199
35
394
61
402
31
1375
1481
463
29
41
197
167
81
164
623
22
114
63
91
142
169
5
487
152
50
265
76
28
236
114
23
94
70
34
334
60
278
10
149
109
827
105
218
35
378
384
79
354
469
95
4
735
359
128
30
57
179
12
16
153
415
117
47
70
4
2
251
153
477
409
128
117
818
45
655
21
673
122
120
61
90
52
86
246
93
453
11
9
60
442
30
147
338
216
54
309
1196
40
114
9
73
31
164
175
8
181
37
43
912
44
182
86
245
408
554
261
387
5
52
624
385
14
285
16
73
125
331
260
90
5
212
132
184
205
48
72
146
50
30
184
44
952
276
431
72
660
173
106
537
222
626
406
136
2
108
151
22
77
65
356
246
135
66
450
110
52
174
462
63
70
656
353
358
394
188
142
779
278
66
125
48
279
57
141
276
265
318
162
569
313
240
215
23
26
113
219
92
406
153
150
185
204
563
254
24
485
184
243
10
16
65
576
65
65
346
113
220
394
335
38
146
153
392
191
22
12
119
147
1758
192
215
38
71
217
179
124
48
86
405
315
66
90
4
59
223
85
29
13
288
180
181
267
138
71
60
578
235
4
444
152
385
192
60
219
186
92
213
179
69
125
63
597
483
208
38
29
508
34
84
211
4
264
136
633
145
524
25
272
88
83
156
25
114
25
89
232
55
87
19
786
125
212
96
41
213
158
197
225
143
876
81
71
441
224
15
431
39
89
93
571
8
542
99
7
47
118
243
284
98
330
15
384
342
102
140
89
234
65
134
74
447
54
246
589
70
103
25
474
12
196
227
79
32
75
213
98
193
8
279
56
243
147
1029
296
108
65
212
37
217
206
17
328
137
91
310
97
193
140
201
287
235
374
108
143
170
175
295
195
16
108
232
87
76
399
129
208
66
637
166
35
233
11
583
69
248
616
191
55
258
33
374
151
181
56
226
678
215
116
100
152
605
44
104
30
333
339
84
259
105
48
235
255
87
137
380
50
462
218
574
891
556
24
44
200
57
29
64
1
52
40
99
58
183
18
150
135
59
565
211
187
287
456
46
18
246
167
298
105
102
58
59
593
12
279
85
365
21
490
270
300
166
234
382
59
81
449
99
35
39
102
223
52
64
667
1242
80
65
118
496
1167
138
168
271
67
84
6
38
61
164
19
80
67
111
119
19
92
113
146
9
256
169
571
443
416
371
124
229
92
11
482
238
133
128
164
78
1001
150
135
296
87
4
59
1
90
8
150
201
280
33
593
63
187
478
507
4
38
84
150
175
707
135
82
278
248
163
62
197
542
338
66
127
478
354
20
122
243
21
182
52
512
251
64
162
19
28
64
766
19
189
102
278
272
148
227
549
382
636
336
2
317
421
31
315
16
77
99
20
356
291
501
360
262
75
221
24
65
200
154
502
569
121
102
603
29
158
140
80
115
381
115
155
25
384
103
140
84
296
4
8
26
224
86
207
93
21
106
418
29
70
364
46
99
209
619
221
116
111
647
50
81
95
120
2
64
86
859
168
152
121
566
31
312
506
81
12
98
46
399
136
124
122
461
107
112
555
173
23
321
137
318
27
279
210
64
521
136
118
108
41
345
180
52
639
454
16
494
239
217
259
135
80
469
530
9
86
106
8
426
43
43
164
86
293
58
278
105
146
373
229
328
286
261
98
7
301
85
40
265
103
111
261
374
129
619
1121
37
7
5
199
166
164
119
443
162
24
264
260
122
261
55
17
391
521
25
1
187
183
435
267
4
53
57
57
172
263
583
104
306
245
70
92
111
170
53
53
549
75
115
183
25
52
114
25
419
152
41
172
69
30
23
257
179
126
9
66
111
197
12
93
891
346
187
400
87
74
13
309
192
288
617
87
38
100
6
273
281
205
132
48
148
361
119
175
411
183
16
327
51
103
73
175
129
13
228
252
81
169
70
55
75
15
49
573
144
80
123
99
780
157
471
775
357
377
41
52
409
86
587
283
480
4
162
43
148
76
172
129
117
403
27
265
80
13
137
71
24
389
4
546
202
269
234
516
375
11
115
8
43
210
185
10
139
34
147
352
3
240
243
222
385
115
186
438
169
295
106
74
8
146
365
272
101
625
106
12
67
9
39
406
8
211
82
162
24
49
278
173
110
158
337
318
358
54
194
309
152
127
527
359
121
169
444
204
150
29
1201
88
622
28
48
8
45
262
299
27
643
76
206
2
332
105
1
76
267
543
466
793
72
203
87
248
192
879
1058
504
457
115
251
290
293
86
44
80
13
129
473
168
85
69
115
31
366
12
251
216
5
512
6
137
167
715
81
265
430
128
334
86
659
55
39
47
256
119
200
1
188
236
10
225
220
239
49
133
289
130
258
54
52
76
108
344
182
101
399
225
238
113
376
35
296
31
80
167
477
456
385
303
106
107
401
44
108
331
472
1
113
422
36
104
1
542
81
496
64
9
67
63
180
1
120
11
702
660
131
237
146
437
11
394
202
433
93
383
40
193
66
27
67
234
138
143
17
81
427
48
11
62
64
51
46
9
337
44
317
268
63
108
351
78
59
470
10
170
486
82
203
366
622
291
87
162
159
390
66
298
4
184
1015
209
388
47
61
25
746
55
17
256
227
149
49
355
80
9
1122
35
43
72
165
461
99
71
63
82
126
259
152
57
151
120
280
754
104
413
174
145
340
66
57
98
9
300
32
281
1803
422
115
159
57
96
340
603
425
163
59
26
284
89
379
120
13
183
171
63
198
351
17
57
13
461
77
111
8
468
42
35
348
131
482
397
126
37
92
392
174
395
27
46
62
689
84
332
19
86
70
280
176
211
285
9
65
32
470
274
223
186
963
346
46
96
161
117
171
52
63
48
129
867
70
23
41
269
47
126
584
126
87
424
224
449
260
84
412
150
49
132
76
158
75
58
100
179
20
374
207
20
219
76
103
41
285
172
8
343
277
66
320
45
295
77
205
16
39
76
23
7
11
804
219
90
837
215
129
177
388
382
20
64
322
43
7
38
27
165
249
81
88
356
215
60
38
617
170
229
101
368
18
24
325
334
300
213
616
855
99
75
286
123
226
54
2
175
453
29
171
56
110
91
142
108
98
337
294
453
456
37
291
150
267
230
124
283
8
1
58
445
496
39
77
422
139
108
258
616
87
259
457
3
263
738
310
10
228
147
94
126
101
650
291
235
392
30
188
345
42
574
993
277
226
14
200
160
3
52
126
133
190
15
129
136
161
42
400
126
18
135
97
48
41
121
668
94
17
82
109
53
73
904
105
213
30
79
103
26
1
11
380
16
259
290
64
141
29
1414
141
27
937
75
321
448
257
1
6
82
414
184
216
111
333
193
322
110
188
302
506
127
188
52
179
83
179
402
397
23
15
94
167
44
199
7
47
136
346
591
246
11
164
264
241
14
129
66
174
173
57
250
16
229
72
16
135
191
592
470
103
169
72
55
1
167
16
40
314
47
199
175
395
251
71
944
135
7
106
100
57
96
9
430
85
14
481
419
118
636
96
424
208
96
25
140
396
380
58
272
80
123
206
39
113
57
20
24
176
111
14
82
101
315
375
146
329
34
182
433
120
32
76
61
559
57
28
6
67
95
493
41
43
429
237
682
122
65
318
71
27
165
57
127
248
142
83
73
27
236
410
78
180
221
5
778
51
20
78
216
138
43
228
111
84
83
681
35
15
34
22
49
384
712
20
24
720
529
11
107
165
207
178
95
10
267
194
118
8
15
1
46
365
14
972
406
84
452
880
530
138
633
157
2
21
108
19
164
13
41
87
129
713
44
572
47
19
67
14
152
142
156
360
114
259
130
33
96
83
382
197
109
13
128
141
67
307
402
14
15
551
26
124
175
328
276
130
588
19
624
36
173
88
18
337
20
223
202
69
70
18
254
19
271
38
47
47
26
114
145
44
415
221
70
116
76
23
519
16
232
139
27
161
102
453
139
69
465
69
124
101
107
484
52
567
749
83
100
256
12
35
295
1400
37
106
931
43
242
142
168
680
136
430
410
263
63
9
338
588
155
66
181
69
2
284
80
17
39
36
685
639
25
218
62
82
26
106
48
124
59
56
263
256
102
431
2
6
580
71
62
347
212
116
101
208
347
33
43
272
87
82
185
225
297
58
376
105
403
3
227
371
583
29
240
60
106
57
11
196
204
281
74
70
404
216
585
745
14
47
45
149
139
212
229
127
867
339
176
292
143
215
348
296
51
184
665
356
136
323
58
155
9
24
195
17
293
514
9
203
108
208
660
88
169
996
73
305
39
375
285
73
26
415
333
150
1062
211
56
10
180
132
166
203
72
209
21
55
495
75
45
354
5
298
73
143
134
82
69
468
52
110
423
60
275
68
143
53
209
449
128
387
192
75
223
197
10
56
386
43
360
907
212
183
137
136
64
186
33
273
41
661
140
50
221
46
101
190
147
379
6
150
325
157
117
104
742
13
92
94
51
227
4
52
89
357
514
72
26
186
107
98
56
550
349
143
14
15
10
220
33
44
122
84
187
274
493
741
180
83
354
22
281
321
540
98
832
61
394
67
83
340
24
148
116
204
136
34
54
26
207
87
114
501
254
259
129
117
381
79
89
239
123
19
50
996
2
489
523
126
80
27
195
442
9
139
129
266
64
188
162
677
24
223
27
147
16
216
49
613
8
387
354
50
282
177
186
9
210
89
70
399
339
23
441
342
773
291
287
262
100
520
195
166
80
252
233
84
58
252
389
585
50
12
66
361
232
118
27
16
50
91
491
253
68
20
66
565
212
391
114
713
162
276
60
48
33
225
76
167
114
14
209
113
27
143
242
76
234
22
44
166
14
215
82
29
37
162
33
552
297
106
85
213
543
76
137
161
105
352
481
51
70
125
11
283
116
463
328
64
220
183
128
76
135
16
348
14
87
158
16
357
3
32
14
338
37
123
177
169
425
160
22
42
644
64
282
197
349
1
5
37
1028
164
336
136
293
152
92
73
48
255
371
1111
4
440
430
82
90
184
2
182
83
74
53
39
7
116
216
16
481
226
142
73
145
46
73
183
32
10
219
136
172
79
129
31
101
160
331
545
21
291
122
73
141
222
91
274
174
140
435
136
69
440
26
348
155
87
56
130
366
261
31
23
280
44
44
79
261
30
169
42
109
166
359
249
17
67
67
72
31
185
301
185
150
236
120
257
374
107
34
76
6
302
560
131
144
294
123
576
168
282
189
139
363
46
65
40
264
473
134
20
258
127
443
132
35
54
328
354
232
100
299
210
399
137
499
301
21
16
532
274
113
182
21
29
83
132
27
106
20
95
44
48
323
111
2
156
234
283
47
349
299
431
13
88
126
62
213
3
49
259
139
339
327
592
483
41
95
319
627
122
297
201
87
180
77
99
26
157
176
182
102
52
72
17
44
210
520
173
120
10
10
569
64
177
32
44
214
181
404
29
160
246
83
247
185
3
232
415
118
178
69
41
369
104
500
293
167
22
71
2
77
171
54
152
171
360
422
335
213
34
46
17
490
461
82
258
81
21
311
812
109
28
48
8
253
167
278
79
311
193
188
52
1011
31
463
453
583
226
101
93
583
135
56
324
63
25
64
465
200
76
734
108
237
601
260
301
518
285
99
255
240
120
385
1
539
31
197
7
34
171
13
154
68
17
75
16
12
299
199
161
76
692
14
125
31
43
41
25
18
433
457
149
85
44
1142
44
74
327
126
150
39
83
45
13
34
55
46
61
570
209
385
18
492
50
85
3
382
79
453
388
149
229
328
452
1319
310
699
278
2
46
563
167
49
24
26
324
277
28
42
77
323
373
91
918
228
13
171
159
30
40
33
451
74
264
24
178
33
145
225
256
206
61
9
520
233
101
18
241
785
285
986
318
265
344
157
409
175
82
749
30
147
493
44
52
47
126
66
590
141
1
774
57
158
270
53
755
53
6
80
319
133
755
347
363
12
94
274
106
74
263
57
122
279
10
59
542
253
34
59
498
945
49
258
164
285
57
114
231
244
41
13
51
190
129
87
40
73
208
71
100
62
298
158
283
318
109
147
45
10
481
113
7
281
131
252
876
11
53
10
187
40
99
123
47
115
313
248
35
54
27
134
232
173
365
141
459
364
55
32
70
27
237
234
109
34
117
263
618
482
939
570
452
607
146
218
14
275
73
145
239
341
203
172
62
20
31
52
81
66
9
62
176
186
73
93
322
305
24
145
733
154
218
120
71
153
303
307
49
11
56
364
76
57
89
316
43
94
269
67
21
274
251
723
152
382
101
67
136
113
353
303
214
384
52
93
33
213
263
469
37
171
221
52
27
548
329
83
193
242
156
244
361
16
133
81
237
612
120
250
105
27
68
47
244
140
145
813
99
62
64
16
144
62
138
239
358
143
370
95
320
16
70
1
295
79
508
95
251
251
327
104
10
23
145
121
490
372
43
5
156
154
209
74
618
313
133
261
271
342
223
10
16
49
176
33
263
297
575
24
83
216
203
173
143
348
445
29
39
627
295
244
258
384
118
183
66
152
52
65
272
534
367
119
424
166
384
181
29
507
333
142
102
7
680
498
134
654
30
362
129
204
189
243
215
346
181
456
93
178
39
284
80
29
56
212
278
63
95
57
842
132
27
141
349
315
217
173
61
107
77
26
434
104
490
37
208
63
94
29
46
308
187
14
172
515
25
247
74
49
66
134
455
99
358
3
207
195
112
41
251
69
365
144
176
135
256
247
181
55
102
43
378
216
214
163
36
7
8
195
65
1031
151
37
14
317
52
472
693
508
341
353
76
531
121
141
358
381
517
109
1071
903
200
573
127
129
72
12
89
103
527
94
124
500
539
187
68
16
564
7
3
327
53
15
29
424
59
167
971
35
59
376
566
2
97
49
79
45
87
397
5
42
13
484
294
4
32
180
565
339
608
48
17
24
465
579
351
485
231
26
145
326
68
4
25
870
71
328
289
155
130
269
194
298
10
33
46
10
219
97
3
354
176
50
167
102
503
582
210
3
149
173
591
455
117
109
313
383
94
133
54
465
40
502
44
284
362
769
391
130
358
241
16
31
140
339
668
547
47
9
119
101
467
73
534
63
807
3
371
268
592
924
64
111
335
22
100
623
263
58
498
135
361
270
71
1
251
255
397
253
156
223
220
132
68
203
45
125
4
52
266
1
242
6
144
634
166
125
120
104
94
307
218
1036
242
37
115
416
172
194
555
123
153
267
82
501
137
432
173
276
137
645
149
49
215
63
227
16
128
205
46
89
276
95
127
193
72
23
382
118
307
39
665
176
206
190
19
169
230
79
946
24
48
172
401
39
42
90
180
13
109
270
15
69
42
309
328
246
88
37
135
190
95
4
331
58
38
31
31
146
87
45
121
59
326
483
1
454
1
486
38
535
28
83
17
445
90
272
54
78
110
108
455
140
272
269
113
77
62
202
77
14
86
258
16
182
283
63
298
186
36
141
108
105
37
133
365
16
68
579
106
56
472
98
47
122
187
472
437
95
489
415
6
262
393
17
12
67
101
108
191
280
14
236
113
559
589
235
162
704
80
12
18
735
11
19
33
6
9
11
79
264
609
23
62
59
110
110
240
39
438
185
161
2
120
867
107
234
260
565
6
518
43
253
22
266
630
1176
10
1
126
229
832
106
13
10
202
180
478
401
98
382
58
152
47
61
106
423
209
156
185
232
214
141
510
151
102
124
161
12
347
93
201
62
46
33
281
438
80
517
157
139
188
187
82
98
315
191
95
348
147
21
147
375
111
139
488
14
1
335
193
227
830
87
212
55
106
108
103
66
28
207
435
97
561
123
378
331
26
101
27
57
142
228
62
336
490
482
461
402
9
36
301
273
203
96
691
4
28
98
48
86
107
91
379
157
11
31
81
503
177
32
293
156
39
80
126
117
72
650
663
118
264
187
137
187
132
23
93
765
758
660
54
231
35
503
230
716
250
25
39
72
43
199
299
14
43
322
184
14
88
20
150
66
99
633
18
18
331
104
1159
125
219
288
93
87
523
90
795
202
304
156
189
2
149
351
603
34
75
170
828
127
117
719
89
338
108
276
240
124
141
91
78
316
1019
26
89
418
424
627
232
125
47
77
251
164
293
559
118
23
99
371
304
525
144
129
169
129
76
52
81
138
11
71
38
57
402
20
302
61
295
45
16
90
9
12
104
592
241
97
279
42
92
150
1058
37
26
238
190
203
228
93
357
109
149
259
246
17
64
123
13
711
586
315
306
43
109
18
118
202
235
320
247
205
67
59
130
101
107
627
68
217
44
389
423
500
178
103
117
145
71
243
130
578
86
220
298
324
173
119
118
160
244
8
137
220
64
96
501
66
27
314
266
407
206
21
1
35
141
69
52
269
26
9
31
176
145
670
91
1002
373
487
382
18
72
41
205
117
165
750
390
628
177
628
118
161
456
50
174
295
28
170
61
487
4
104
3
291
168
11
48
158
206
674
658
24
199
147
2
23
127
356
225
8
259
111
56
699
529
15
347
387
487
213
18
36
87
116
449
356
54
143
78
45
133
333
495
652
116
166
341
301
106
121
180
185
13
98
74
87
321
46
317
814
452
35
173
177
177
146
113
180
355
31
7
223
818
93
237
116
14
10
194
153
441
15
229
43
246
59
33
456
218
481
102
43
251
509
734
58
65
256
24
80
62
677
8
207
365
67
26
338
119
504
77
110
144
197
383
346
92
215
204
297
294
42
96
823
184
2
373
41
14
392
64
309
9
51
92
293
376
493
404
357
24
86
34
126
696
312
396
756
85
118
710
24
126
280
81
83
96
235
23
100
241
122
20
42
60
93
104
218
461
84
119
241
38
257
251
209
11
566
74
188
154
230
241
5
41
10
235
241
126
127
3
379
4
278
178
49
186
18
395
498
805
89
49
21
86
210
543
522
207
41
201
29
111
214
253
171
124
52
266
783
411
13
39
136
563
247
199
6
92
60
330
19
38
132
96
37
586
599
18
51
255
83
28
119
20
412
60
331
498
38
177
165
46
101
154
53
138
2
506
56
111
2
210
243
203
607
747
152
412
223
312
115
87
589
499
469
50
11
465
269
64
127
49
69
216
199
98
581
326
11
4
634
58
220
31
59
208
254
457
64
194
16
2
111
241
62
785
81
15
31
171
84
83
115
112
136
7
29
90
130
15
613
76
265
472
308
94
47
164
122
418
566
65
205
10
4
5
64
29
6
143
71
156
168
5
22
420
597
247
139
115
208
185
161
11
184
12
29
311
1180
350
162
134
166
151
15
162
4
225
218
8
279
1118
458
107
81
78
51
14
510
222
154
561
53
319
103
75
12
607
243
38
5
1092
27
33
199
213
67
151
43
21
384
45
271
173
159
32
147
82
61
81
29
134
63
152
933
32
300
6
15
117
240
206
210
247
1017
28
21
147
107
73
66
357
736
705
240
461
12
8
830
56
106
396
302
81
595
51
206
54
223
654
16
689
159
226
50
239
250
151
102
181
342
167
790
143
427
156
313
45
127
264
161
81
173
231
147
648
8
93
420
274
317
267
744
166
450
19
9
312
158
73
112
539
16
82
739
389
32
588
216
75
7
48
3
718
98
224
135
265
51
221
88
119
174
331
33
391
186
7
100
480
130
57
160
42
756
791
470
237
11
15
107
215
51
335
27
203
40
157
68
182
105
34
242
48
39
131
116
16
287
4
145
15
48
1211
185
188
154
50
96
548
191
204
198
60
264
46
195
431
5
387
817
20
248
50
145
1058
120
452
34
6
219
426
195
96
39
8
437
7
795
22
843
178
164
49
86
261
128
103
45
93
242
3
25
90
129
177
90
385
869
10
15
28
360
339
457
10
140
235
40
439
290
7
63
280
80
48
19
64
170
293
148
380
248
63
232
28
60
80
295
551
20
293
119
95
3
88
136
90
13
28
251
48
163
282
273
197
20
439
364
236
95
3
53
36
64
246
39
257
366
399
58
133
319
267
957
95
34
94
150
252
110
91
47
192
55
88
471
137
263
84
9
96
124
39
516
56
78
63
150
12
49
599
63
358
362
128
452
76
114
21
19
182
438
60
357
78
517
62
46
272
378
145
195
80
185
214
40
28
147
261
34
209
185
235
62
107
225
84
335
769
59
18
54
173
129
141
55
29
544
61
14
375
290
44
687
25
334
42
154
561
56
249
543
181
114
153
212
274
136
161
402
273
50
56
939
82
496
212
158
121
335
124
432
95
147
3
560
495
74
379
141
452
174
231
50
184
90
63
328
119
42
35
210
177
38
350
88
200
220
19
81
66
78
79
5
1000
412
117
396
140
154
14
167
74
86
629
359
628
61
6
15
54
96
11
51
15
34
113
68
79
461
11
212
45
118
219
331
123
72
322
152
54
35
187
37
177
17
230
13
160
50
70
291
468
104
765
25
88
118
1049
256
94
142
186
7
102
96
198
157
195
1264
58
48
15
11
174
257
52
6
396
212
395
159
439
38
89
76
147
81
43
150
324
164
340
21
227
124
212
158
245
138
112
428
321
204
166
75
116
195
346
34
81
371
658
298
739
157
178
445
22
81
550
24
131
222
322
1159
7
102
81
174
270
468
497
176
70
3
385
61
863
49
13
34
306
78
149
207
14
22
229
195
1047
12
148
26
1023
447
163
60
64
297
103
84
481
707
50
124
113
1
229
114
91
356
261
113
270
59
328
27
2
7
337
256
77
480
134
245
219
7
107
208
383
794
110
460
270
412
166
172
271
276
95
176
12
282
237
24
173
63
218
102
2
140
61
25
6
289
637
52
32
409
313
207
14
440
156
161
22
280
63
259
189
392
406
231
441
59
522
9
145
126
158
409
182
202
99
123
519
662
216
63
117
32
47
123
11
357
143
334
47
257
276
108
61
107
224
530
9
160
135
305
186
108
137
36
219
149
216
25
216
77
478
200
453
173
63
2
311
190
217
105
188
398
143
415
289
609
469
261
7
374
156
192
285
35
32
24
117
56
197
39
254
24
190
82
45
371
229
560
23
141
548
69
48
51
34
10
6
137
63
248
255
74
79
158
256
44
266
305
137
337
556
116
115
19
65
194
97
182
55
188
224
57
387
199
60
348
96
183
330
148
14
258
74
15
43
68
18
143
17
119
271
58
82
115
950
125
1025
575
350
122
360
21
1
11
157
333
82
210
719
486
244
841
43
365
86
54
171
67
67
155
185
188
117
146
213
104
104
536
124
800
57
3
120
45
121
182
251
117
94
214
338
19
36
74
30
83
261
427
1
232
182
44
75
781
45
164
351
75
156
206
658
199
248
343
36
114
51
6
225
86
210
294
430
620
126
94
753
259
234
10
23
94
33
402
335
137
653
66
413
357
23
50
95
1
196
105
33
8
90
643
80
170
304
429
58
10
275
159
100
260
329
272
185
563
472
102
73
73
4
165
483
92
215
284
38
113
269
63
221
639
280
132
38
95
264
389
16
194
781
212
210
67
2
594
72
241
226
23
175
309
1
58
33
8
179
339
109
127
34
405
18
417
28
31
69
56
332
149
193
213
811
844
190
164
163
190
23
230
25
311
6
149
455
35
457
226
31
112
299
434
73
203
375
39
15
686
94
408
217
230
53
378
108
75
268
524
14
210
6
206
256
237
198
82
4
15
160
367
102
19
137
222
738
754
140
724
906
119
238
40
67
22
89
191
312
393
17
928
136
587
32
10
362
160
606
55
8
271
183
326
68
289
112
6
70
60
237
20
34
156
27
73
3
146
155
18
119
83
65
167
29
89
212
18
207
160
37
134
641
444
200
164
172
451
3
100
260
342
34
18
225
225
28
186
151
203
104
25
177
484
168
233
198
246
359
215
39
89
8
158
31
48
79
341
431
98
67
103
20
676
249
49
137
278
292
212
393
29
229
65
56
51
309
189
675
308
13
103
71
22
500
21
65
89
122
3
221
188
407
505
159
750
68
126
108
28
234
57
94
211
43
383
70
96
89
333
130
87
323
211
266
99
282
9
105
651
434
69
53
105
1036
7
181
20
450
158
15
211
31
100
304
324
376
391
126
637
73
757
357
30
192
130
10
67
20
143
502
192
174
146
256
19
129
9
16
154
208
416
589
192
662
79
31
37
214
4
81
2
54
5
11
367
37
214
199
79
15
361
155
442
180
67
27
117
254
127
41
131
272
181
92
319
178
137
383
70
256
303
71
8
88
16
137
27
45
236
269
146
108
173
84
76
15
447
66
246
263
11
121
17
132
167
139
114
10
168
216
243
54
74
193
6
127
133
403
199
162
326
125
83
120
147
268
101
59
93
390
186
24
271
281
121
59
91
90
55
611
115
210
427
134
132
102
117
710
341
49
634
39
530
269
263
21
211
135
183
132
123
98
78
9
258
75
234
157
69
331
98
150
45
59
67
395
482
172
43
377
393
549
229
19
259
85
24
397
43
243
92
41
193
51
145
77
99
235
376
524
90
156
150
171
43
58
83
358
482
570
221
229
192
287
85
110
168
463
88
386
173
346
24
426
7
177
73
76
88
318
610
16
75
22
301
138
586
279
113
712
148
27
262
208
75
297
121
100
160
422
341
296
123
204
48
43
182
148
67
1
120
426
1600
285
181
433
255
70
53
52
532
570
142
183
245
144
97
101
136
76
134
176
77
476
247
68
2
348
532
521
145
607
261
157
610
356
97
25
106
161
7
131
36
140
83
230
99
207
138
100
471
178
484
39
30
32
108
56
339
176
93
156
151
77
124
253
272
57
167
419
92
122
155
215
114
140
49
155
9
1087
152
419
24
255
15
208
9
709
445
81
516
94
724
604
78
389
29
234
64
11
283
18
176
305
39
61
2
436
11
38
104
26
175
73
137
72
554
367
58
121
218
253
175
40
144
175
91
494
122
18
107
100
67
139
147
463
174
26
26
239
130
113
224
35
703
129
106
4
45
117
123
61
130
484
3
19
131
245
178
115
88
417
1201
136
43
264
22
301
188
110
753
13
378
2
147
386
53
150
40
209
61
811
356
216
72
290
105
66
19
115
104
599
744
94
365
233
59
54
265
702
82
235
283
48
55
118
18
154
25
598
21
16
58
358
1169
138
77
130
505
6
62
265
230
179
229
56
248
101
583
72
65
200
11
316
183
125
113
25
729
28
184
170
111
60
3
47
12
53
526
177
230
241
219
103
291
16
12
129
89
30
130
14
13
141
65
574
193
54
562
58
62
33
419
168
98
62
23
38
175
452
283
762
313
283
211
17
126
259
461
110
138
144
296
145
452
545
265
239
449
6
915
493
142
253
88
121
41
58
345
198
188
29
207
426
74
278
76
63
14
119
54
298
328
53
126
129
11
380
95
621
130
119
150
4
249
153
220
19
774
126
33
78
207
38
210
404
64
81
122
70
74
276
71
165
556
19
520
189
64
303
94
649
97
42
49
78
90
465
215
230
490
59
344
371
217
360
10
383
230
56
185
82
107
256
159
35
144
756
52
117
288
372
25
72
185
8
118
110
105
252
102
305
19
10
62
201
23
156
84
20
143
77
1071
107
15
13
216
70
26
419
36
78
46
285
46
483
19
427
74
285
64
125
38
65
174
97
205
676
451
73
56
45
240
133
183
101
113
10
152
5
76
404
60
121
272
355
124
13
291
237
200
196
376
52
132
105
111
431
347
684
104
257
232
25
34
294
19
874
25
167
65
285
197
26
272
421
1118
656
558
94
151
157
613
32
134
228
12
276
203
63
106
185
133
1
347
27
280
69
408
273
52
18
52
58
159
462
170
134
10
211
449
330
56
182
153
71
4
20
358
52
44
86
250
230
123
544
6
412
85
59
12
13
77
223
541
182
156
168
109
3
121
821
332
224
262
24
86
462
269
80
730
24
10
6
288
394
24
467
447
81
273
669
134
39
110
830
37
53
9
172
224
7
52
208
98
193
320
114
20
191
107
373
393
2
23
75
75
202
240
442
51
348
266
349
252
40
8
66
497
574
119
127
119
641
411
490
156
203
48
3
42
582
64
236
19
418
62
68
352
86
590
127
11
4
15
79
4
900
28
103
99
387
29
441
167
14
83
215
107
15
246
100
284
56
5
144
130
3
93
32
139
40
11
330
192
502
126
10
97
97
30
316
3
116
113
170
174
120
13
85
88
180
985
44
216
241
351
159
13
13
58
38
55
37
226
221
100
430
194
226
150
733
669
135
114
143
212
84
284
15
536
7
584
54
271
34
126
88
81
197
20
2
239
263
218
40
596
104
13
188
42
799
422
51
849
26
145
51
16
26
17
251
77
92
764
91
183
18
125
18
206
39
11
39
126
71
26
544
128
682
148
29
320
357
177
112
9
472
82
18
557
528
59
6
12
185
125
237
38
473
217
191
82
48
197
58
70
114
226
905
76
456
464
371
10
42
147
270
119
218
46
546
124
408
240
135
121
172
202
66
10
195
312
145
123
88
260
55
409
317
24
278
4
81
155
126
138
22
62
32
771
323
200
676
347
33
164
111
64
254
561
148
296
82
69
45
149
326
133
142
405
28
514
126
174
1
949
16
232
258
28
131
436
79
91
248
39
14
236
1
286
13
10
36
398
56
81
499
145
91
57
285
504
67
82
51
132
53
9
18
25
71
28
110
439
356
90
10
205
1
228
55
197
50
377
70
332
198
316
297
435
112
174
9
200
43
68
671
221
553
228
60
59
34
4
135
38
144
315
43
73
120
341
954
10
106
118
84
14
418
67
246
162
807
64
280
171
433
112
126
160
200
28
235
159
261
58
11
98
33
12
248
51
831
27
636
224
118
36
18
13
126
25
143
487
190
79
195
69
135
31
86
2
109
338
362
102
155
2
75
217
28
293
144
112
65
81
232
193
256
159
206
40
669
82
329
339
135
673
264
69
52
147
17
102
1149
102
132
43
46
43
80
178
107
286
378
480
20
450
165
126
55
90
130
312
8
242
16
180
99
201
142
12
103
94
692
152
217
276
291
62
115
108
999
52
172
18
76
200
70
858
340
64
176
175
100
51
117
232
202
8
221
922
250
7
112
55
38
242
71
619
36
569
8
5
10
23
297
2
381
151
355
139
151
163
569
107
156
298
6
135
208
109
68
494
124
203
320
91
232
218
97
80
138
140
476
14
17
53
286
4
268
139
277
9
193
75
19
64
107
252
271
6
24
125
314
142
47
60
24
254
88
205
1187
101
544
44
8
77
142
14
433
357
186
108
43
571
377
1236
102
319
383
67
195
527
433
96
81
18
277
56
11
940
392
80
326
469
808
58
145
64
188
156
19
92
109
25
99
58
347
157
355
371
8
231
324
160
215
358
207
40
52
504
103
178
263
444
14
343
137
384
145
30
138
15
467
299
138
105
223
263
1169
85
586
134
135
19
142
637
676
670
12
160
29
174
8
203
84
640
203
79
223
36
76
380
29
147
124
108
138
14
124
409
218
62
457
5
18
209
12
590
43
97
140
38
69
133
513
782
483
201
686
351
11
74
67
12
77
55
132
413
110
359
64
410
648
208
113
627
7
126
401
5
164
37
136
52
420
393
27
41
137
132
22
577
145
97
414
27
239
7
67
593
190
112
253
214
410
68
432
6
433
197
117
108
29
390
32
30
106
474
319
149
1
157
223
146
71
121
208
30
286
42
299
218
287
152
136
406
50
122
43
40
160
40
98
15
356
128
36
151
275
313
43
2
39
78
482
187
671
163
57
475
369
119
124
59
462
316
103
402
228
464
427
178
62
32
100
209
104
137
384
57
20
209
209
87
188
320
206
135
116
235
110
614
26
7
116
40
105
359
80
261
286
354
16
202
194
141
58
154
122
417
22
91
1
175
186
1007
268
106
67
219
721
355
1400
148
191
197
102
26
1
56
61
59
343
503
132
527
160
50
373
360
111
8
104
35
91
219
182
20
367
16
376
375
39
493
491
170
43
98
196
664
277
171
66
626
13
77
107
70
79
49
33
92
183
399
366
32
106
565
56
148
9
39
555
688
906
383
42
306
165
548
1167
355
12
89
160
16
149
205
298
296
166
95
54
223
24
255
17
8
260
109
62
421
73
162
281
41
247
148
557
164
64
92
888
11
225
19
84
164
22
719
12
199
53
172
62
2
545
113
103
308
54
17
130
129
118
155
19
400
674
293
95
3
258
56
219
39
241
52
3
18
151
405
88
85
202
204
138
87
436
68
216
158
45
404
305
84
24
490
80
185
270
105
326
809
34
178
231
754
170
47
3
9
94
86
85
193
111
91
67
103
199
13
77
239
54
243
40
52
325
546
122
46
88
51
194
6
211
475
72
117
16
113
449
156
13
469
75
93
179
148
15
169
222
787
110
367
71
127
291
188
397
80
8
242
128
706
78
107
30
37
92
304
81
63
70
107
382
138
26
267
129
378
99
910
89
277
193
314
229
5
260
221
129
68
58
83
22
92
133
31
97
322
77
109
337
12
585
45
387
161
54
16
282
11
428
145
428
155
31
178
7
41
84
76
222
130
381
175
185
23
321
508
2
251
42
1268
83
22
228
39
5
701
255
626
123
324
64
253
67
835
356
132
81
276
865
38
77
6
44
25
219
372
7
40
127
67
189
98
13
231
108
76
32
25
51
40
620
275
95
432
117
45
23
596
493
128
29
178
30
155
53
370
82
48
11
15
15
87
329
221
133
10
38
81
399
346
954
280
622
137
24
6
17
284
884
228
121
19
82
196
235
17
140
432
982
322
338
123
607
51
179
31
122
103
11
208
217
101
399
484
146
200
133
409
293
245
19
177
660
69
60
13
95
43
32
175
93
40
97
539
24
233
94
79
35
535
62
101
397
186
65
22
8
242
182
396
501
164
192
320
330
276
208
104
119
415
447
138
154
429
463
318
95
866
35
652
29
311
22
118
203
238
58
1038
62
51
207
37
307
71
93
217
234
21
85
402
975
188
14
103
478
106
189
16
113
369
157
2
58
20
636
93
1428
94
106
130
68
234
488
220
126
95
276
275
215
568
69
99
591
83
174
72
57
55
378
143
311
115
255
205
263
540
76
127
328
340
710
213
151
160
311
670
475
251
264
364
23
385
145
199
20
128
606
103
212
324
9
167
344
112
128
59
31
91
278
284
283
226
271
383
297
53
274
97
449
243
478
561
295
95
31
667
11
453
67
32
171
144
253
109
264
560
40
124
100
108
553
719
102
14
26
191
29
28
88
645
12
44
120
65
262
4
100
134
67
638
65
40
325
275
135
707
173
166
334
21
261
18
205
168
25
169
24
243
16
184
66
122
411
150
28
68
105
61
171
2
23
131
50
96
128
383
15
367
59
89
556
49
278
79
253
251
32
56
70
22
104
778
65
85
214
133
74
204
170
160
21
14
225
275
1462
361
13
31
61
91
139
393
253
17
102
17
27
73
166
186
387
1
63
167
45
351
169
83
562
46
82
73
124
471
812
145
22
387
99
470
667
181
454
13
470
41
596
56
468
592
68
209
172
361
37
198
996
337
194
343
174
19
32
472
59
138
413
3
181
692
197
99
38
74
417
114
373
54
8
231
45
733
16
359
346
53
540
103
238
565
215
28
93
184
333
250
38
152
7
534
33
509
66
339
658
1214
245
488
132
36
197
58
56
113
158
19
165
10
277
20
115
164
94
566
10
67
126
10
912
108
833
114
5
228
45
95
149
416
141
466
86
22
7
269
91
18
31
333
87
88
31
418
119
270
73
100
583
442
185
45
176
64
23
34
17
112
179
53
27
409
52
65
170
112
498
537
856
109
35
402
85
122
740
453
10
65
359
19
926
100
10
114
511
586
193
43
284
168
876
142
29
201
228
96
421
254
66
171
194
203
268
178
67
386
126
62
207
222
41
24
241
822
737
721
15
1
171
24
23
257
65
72
3
151
141
5
175
300
125
95
423
219
392
305
144
68
38
13
279
34
110
1
42
16
465
5
39
258
424
633
287
265
232
225
76
209
44
131
180
194
35
5
125
31
86
254
658
242
958
82
699
222
124
302
36
70
235
270
138
24
67
54
605
215
310
220
232
316
18
142
108
135
103
36
38
112
422
31
36
63
37
23
991
438
12
515
503
135
157
63
95
424
96
493
140
298
138
65
408
135
86
77
32
370
168
109
442
185
639
59
53
94
69
90
189
42
329
99
89
263
3
249
57
128
182
118
353
174
16
130
243
803
3
185
130
88
94
95
187
125
595
271
426
195
68
12
245
224
35
180
660
73
849
31
206
9
50
269
578
315
27
47
25
52
544
144
235
518
437
182
103
150
10
277
111
368
115
24
59
36
100
112
342
248
243
181
42
127
93
39
122
84
179
96
28
486
352
224
221
218
145
186
116
6
73
445
289
16
88
112
78
45
208
57
183
226
272
19
183
85
3
188
164
98
290
403
393
113
57
39
428
469
3
446
928
502
184
59
100
175
2
396
17
9
440
432
171
31
6
184
236
806
651
88
10
69
67
146
147
465
175
175
102
45
126
522
107
415
224
100
103
375
240
57
305
220
567
200
187
63
352
17
93
108
403
45
74
212
27
33
107
36
17
514
415
77
79
30
35
67
21
79
128
169
17
96
303
293
125
59
34
116
279
115
202
100
52
104
78
66
187
156
558
295
339
239
168
57
92
528
301
61
70
158
431
220
31
7
146
287
663
817
62
57
282
166
173
98
98
236
217
44
102
120
177
1233
259
410
78
45
254
221
474
200
148
3
142
66
53
567
154
305
311
148
177
144
30
75
99
175
149
60
138
212
143
181
581
363
173
427
174
184
382
238
66
571
446
33
328
285
4
332
126
229
29
9
88
63
155
142
85
440
226
287
177
25
70
221
236
1
846
201
95
20
174
76
261
125
88
402
365
230
153
76
8
6
7
41
103
298
583
553
350
536
249
83
68
61
119
79
184
502
106
140
84
156
13
331
38
39
245
147
60
375
32
21
13
25
92
11
34
139
235
91
71
12
86
177
159
1
2
45
155
270
33
80
240
6
322
108
196
308
175
575
74
61
168
294
125
607
401
51
198
30
118
147
78
78
32
173
485
124
92
426
126
82
89
110
60
389
203
88
44
252
125
118
356
34
385
493
56
61
19
276
116
184
51
21
162
144
143
375
145
696
57
558
115
68
4
167
115
159
289
325
19
23
229
318
60
792
105
17
141
137
123
30
318
4
101
292
274
28
232
103
18
20
256
472
183
462
678
2
53
363
251
492
185
342
103
54
193
105
697
309
117
335
50
94
137
264
214
36
270
100
291
253
603
187
47
67
44
46
425
125
57
231
91
332
27
113
204
130
152
78
199
147
85
21
130
484
541
77
13
444
129
56
232
268
6
143
124
159
166
558
66
27
221
63
540
172
30
56
58
237
48
356
340
265
182
635
39
221
21
164
1298
148
761
80
52
419
349
4
178
29
28
167
153
205
67
771
852
63
52
62
550
154
126
60
75
387
223
248
21
8
169
123
47
184
95
8
2
3
121
167
8
120
109
62
375
30
127
114
113
504
12
55
56
26
241
33
51
65
31
101
418
413
150
55
290
201
443
121
137
140
186
324
182
423
10
552
64
47
45
126
147
147
100
190
162
7
476
62
5
90
221
295
852
141
267
86
21
22
355
100
1
35
172
185
103
290
258
45
246
484
9
28
378
7
21
167
23
77
227
176
146
116
2
76
273
260
165
116
689
121
185
99
231
64
59
12
533
110
60
98
446
303
34
231
88
99
27
815
756
143
44
75
380
332
4
51
76
327
643
102
136
23
245
237
154
184
26
129
2
29
157
164
106
335
68
200
78
137
146
131
18
180
55
401
147
270
205
107
240
128
132
78
27
118
266
65
102
92
56
97
314
34
171
133
233
129
317
223
96
49
108
96
42
6
39
425
91
127
490
145
277
522
64
149
216
346
95
344
633
62
70
152
321
245
114
217
1142
245
191
264
136
101
12
266
455
271
700
49
165
46
697
425
35
372
14
157
56
166
106
269
273
123
154
428
426
756
73
71
121
475
66
653
783
360
293
74
219
30
41
565
204
25
8
175
125
90
45
29
90
638
251
34
28
174
346
194
54
28
122
79
3
619
514
256
138
76
698
178
308
16
676
88
126
86
113
106
10
19
181
64
369
63
59
484
81
262
184
33
103
67
61
101
133
43
62
181
10
172
39
300
101
439
14
694
59
3
169
416
28
21
297
31
393
258
20
171
105
130
498
20
61
157
38
411
142
112
194
97
747
82
1
319
130
98
342
145
165
44
635
45
301
571
375
36
539
148
99
111
62
388
104
69
11
712
279
372
172
572
462
23
710
65
31
69
392
364
36
561
67
564
45
81
478
200
148
659
507
354
99
124
211
95
71
322
82
185
207
25
5
134
188
1
14
10
102
191
47
839
193
108
223
63
923
559
65
209
22
98
6
304
116
105
34
3
107
462
7
115
179
49
5
65
371
153
204
62
216
382
8
8
76
80
74
37
25
103
130
581
130
141
329
132
712
240
49
48
39
19
103
120
113
96
184
1567
70
94
105
150
484
321
247
224
639
67
27
178
124
345
640
576
30
184
32
1
148
136
23
433
181
17
10
172
19
171
193
332
57
108
116
97
53
705
109
8
400
23
101
124
1
5
2
153
36
40
67
99
251
218
626
106
65
331
494
262
178
130
311
81
174
299
30
91
310
186
48
278
534
368
273
227
329
156
277
15
53
684
318
210
62
331
261
207
107
112
71
310
11
135
217
213
291
309
60
648
378
211
767
450
213
278
28
21
9
204
36
98
191
467
189
288
920
55
54
460
330
75
350
180
232
261
200
85
410
1664
452
205
298
309
120
5
27
76
394
163
657
69
14
295
38
33
977
227
315
892
28
689
366
10
132
665
317
7
572
112
162
42
135
358
4
103
46
35
6
54
176
379
510
44
25
943
89
18
162
75
224
329
475
23
136
118
176
231
301
610
226
105
15
81
344
562
26
185
213
314
203
113
71
275
91
291
349
66
52
74
58
159
258
36
487
8
83
152
325
141
27
292
285
57
62
210
4
81
261
51
15
428
347
8
82
837
352
30
155
84
110
203
96
56
29
57
81
629
158
164
32
33
112
127
668
97
176
165
160
86
171
330
165
392
11
106
96
63
586
35
121
85
41
23
175
49
41
656
42
151
416
857
652
73
89
291
474
257
12
251
54
70
133
196
15
194
98
28
123
65
119
103
183
522
83
706
375
62
58
557
90
427
230
140
614
202
236
20
9
204
76
717
51
119
97
215
102
151
127
787
549
209
32
35
399
45
76
245
140
32
320
146
167
193
500
2
35
289
71
181
227
724
174
109
6
11
67
190
40
110
161
809
151
1045
648
116
687
267
29
1
51
179
99
289
89
329
27
197
672
68
30
31
626
8
221
88
132
78
71
479
458
185
130
91
69
461
456
670
131
177
105
292
5
70
231
124
32
849
114
240
21
298
61
79
407
190
892
71
305
116
195
235
427
372
222
172
196
487
12
42
337
61
83
30
63
519
113
23
40
36
175
304
199
282
342
117
58
588
159
946
123
162
164
339
71
98
36
68
64
160
203
63
51
274
265
122
217
26
127
504
158
331
441
213
759
265
11
147
298
284
559
100
100
312
138
402
35
554
173
98
78
72
516
20
330
135
829
70
58
131
270
368
40
411
65
76
460
41
72
73
680
53
89
224
319
53
512
30
79
227
28
734
46
194
72
61
143
109
17
114
112
174
65
150
400
289
58
752
139
156
884
58
43
5
176
54
56
556
106
207
137
59
193
97
238
535
56
21
26
496
182
424
530
657
44
88
50
92
512
16
51
49
205
159
212
59
1
232
201
549
201
27
49
306
122
33
492
199
78
205
62
371
253
391
362
30
258
108
250
6
871
62
401
178
416
19
106
148
174
399
51
50
89
7
413
377
201
9
79
16
46
209
109
150
47
333
170
175
38
149
213
170
269
108
163
1
103
136
88
429
433
341
188
279
116
155
241
141
272
8
261
184
204
181
463
288
113
101
463
276
566
48
45
67
13
194
299
299
5
21
52
409
17
342
259
126
360
154
296
64
671
83
66
140
133
230
416
337
85
138
557
11
154
263
84
502
117
42
85
43
206
628
192
132
488
88
391
61
178
200
3
31
17
90
128
12
232
345
85
108
139
47
30
411
159
11
528
243
580
205
114
139
57
375
571
41
266
29
201
3
371
35
40
173
122
275
31
134
66
209
35
292
8
379
70
169
219
391
205
81
57
264
158
513
518
60
132
497
134
18
5
162
356
36
425
140
12
86
129
3
102
144
3
157
242
627
163
127
220
165
2
682
184
111
154
212
386
104
85
17
245
86
83
237
424
105
169
77
117
56
875
324
63
133
116
420
340
67
104
388
113
67
105
55
407
473
185
378
74
49
137
161
145
70
56
47
107
97
157
437
291
257
163
1216
48
89
348
97
76
325
223
1078
512
414
11
59
138
172
68
203
214
84
264
224
206
139
262
369
571
69
543
158
297
72
99
251
205
205
99
29
249
247
152
25
47
445
1275
170
151
12
129
25
88
33
243
59
102
293
33
74
17
11
260
21
324
246
10
7
13
164
45
227
26
106
139
107
115
194
35
54
184
43
99
85
653
259
457
172
240
27
44
69
151
74
277
338
309
449
112
1176
17
12
39
6
58
154
116
12
402
13
64
280
573
7
187
91
27
416
211
98
9
321
446
117
18
111
222
116
59
6
297
201
97
323
14
220
102
559
161
40
360
536
553
21
96
405
9
39
176
27
30
471
152
59
195
95
204
129
1
39
79
138
224
513
293
39
126
159
123
230
99
439
304
223
177
250
79
42
613
275
39
249
97
340
384
37
22
234
39
60
22
248
251
480
13
349
25
66
354
19
516
11
370
59
54
116
139
144
320
247
582
5
356
185
57
65
70
115
103
542
293
68
37
41
263
19
47
61
102
561
115
41
413
162
33
78
349
23
320
423
102
92
671
478
170
130
117
477
264
37
508
203
181
325
58
49
65
16
266
28
233
236
110
43
791
489
434
21
63
64
120
217
79
76
73
67
146
265
147
327
205
240
109
70
497
283
55
444
373
30
186
68
33
317
281
534
146
15
768
166
94
57
62
40
93
509
180
1042
413
135
418
150
18
174
856
92
20
345
390
287
151
278
26
168
9
52
59
244
86
41
237
219
10
13
453
50
516
304
337
388
589
176
279
23
258
176
14
69
174
99
233
379
2
194
559
294
248
231
178
64
517
202
207
78
70
127
370
9
667
242
68
212
30
169
52
8
338
239
115
125
512
168
33
208
167
217
10
217
187
174
59
414
72
5
305
109
46
554
119
91
14
248
229
30
552
256
54
69
46
28
52
61
286
42
140
24
14
3
312
779
63
11
188
46
26
36
105
332
671
214
444
99
101
12
1
6
529
7
158
73
80
72
485
3
351
318
392
224
765
6
368
113
79
576
366
116
196
21
36
76
390
153
47
300
252
45
186
5
317
49
294
802
52
402
71
7
605
216
37
53
89
68
53
234
140
361
840
49
204
15
8
264
60
43
63
215
96
358
41
294
73
242
93
239
150
231
160
182
12
288
50
32
391
175
79
102
197
3
523
205
180
167
87
340
200
776
309
200
84
385
307
469
81
202
209
69
120
364
36
594
34
333
215
60
259
511
366
38
186
133
99
70
141
63
310
72
157
626
80
293
30
98
311
5
354
440
276
16
339
199
873
72
88
51
664
407
320
157
352
177
120
763
560
50
875
19
90
423
210
472
70
187
474
292
516
231
388
10
218
356
7
173
48
363
400
32
125
277
143
441
236
44
60
563
904
531
58
36
113
51
240
80
530
34
96
165
62
113
165
108
52
329
22
111
92
246
746
115
79
31
439
202
39
145
53
154
317
106
19
361
243
660
153
118
81
428
426
157
51
285
41
5
24
255
195
27
81
7
17
225
165
282
162
219
91
7
210
208
122
25
462
224
52
246
20
42
113
268
80
247
166
31
12
185
374
284
308
392
79
463
219
34
7
293
256
18
235
47
464
419
494
653
224
124
100
6
105
51
2
29
53
65
98
5
193
196
312
171
95
4
483
93
73
457
115
354
45
51
536
123
125
159
640
84
909
47
560
125
184
