183
179
288
61
339
37
14
9
3
49
85
733
350
26
2
179
691
99
27
107
17
624
372
232
596
96
39
321
187
130
126
310
47
143
53
255
52
143
161
87
441
344
318
388
85
135
381
1302
148
165
182
178
32
451
367
161
446
177
111
130
31
176
270
653
69
191
86
195
25
841
535
20
29
93
74
430
112
40
253
102
596
178
17
1436
236
367
135
120
294
465
189
164
372
15
56
96
392
190
268
385
170
17
137
32
364
76
66
196
26
315
156
257
41
107
136
206
130
61
27
27
22
145
515
49
549
4
124
84
294
229
191
149
5
59
197
26
605
170
237
395
336
469
88
201
2
120
86
265
185
185
40
7
60
17
33
376
781
135
670
391
257
127
307
632
58
516
321
79
61
152
30
185
57
12
67
141
9
174
275
246
147
63
40
90
116
251
219
14
433
143
114
221
62
20
211
239
92
135
176
330
100
12
304
15
139
283
157
113
279
34
100
49
4
203
264
1
244
4
117
245
466
16
197
52
308
29
48
141
363
75
209
79
349
127
102
245
992
134
119
51
120
918
172
29
51
12
163
173
587
11
11
340
198
32
105
243
144
210
12
91
127
256
274
89
417
167
86
38
138
237
104
109
69
95
41
158
198
371
121
111
476
84
209
222
1
213
259
915
150
35
90
128
106
4
261
21
245
189
179
86
26
317
484
62
63
15
240
290
10
66
78
183
38
439
855
281
73
141
200
240
272
214
485
58
35
127
157
123
77
83
226
80
78
39
165
262
52
71
43
78
206
191
33
408
36
36
108
300
36
168
61
34
526
183
16
81
158
75
52
16
168
607
276
115
451
43
9
141
383
278
80
634
533
16
7
266
34
20
418
219
160
227
383
106
233
493
340
173
284
277
484
73
32
26
157
46
846
36
30
1003
224
180
95
206
287
381
31
104
61
20
467
166
300
208
264
52
129
1
238
13
77
651
349
48
176
785
101
98
17
96
255
79
13
122
42
164
81
21
280
333
117
7
196
362
141
57
78
21
174
262
396
16
21
19
68
178
64
32
53
635
1
24
284
84
54
117
47
24
41
584
53
183
139
58
288
14
265
51
29
49
32
112
13
28
74
56
249
576
111
232
167
24
545
172
75
187
58
25
133
502
46
135
9
31
17
167
202
12
331
69
306
143
34
464
203
654
140
142
187
141
25
34
145
59
99
771
156
104
4
147
212
348
190
320
265
148
225
59
33
347
109
29
686
195
112
111
147
147
176
526
170
50
60
165
307
4
52
133
238
264
66
35
576
434
921
461
637
158
191
13
336
189
183
102
134
482
205
266
54
687
320
149
73
276
186
99
225
59
213
52
25
75
200
2
40
97
58
324
123
268
17
48
255
411
258
247
53
121
72
9
477
240
262
68
179
130
282
181
18
6
50
76
55
175
141
143
302
333
210
128
14
84
19
98
166
68
145
212
40
11
295
7
58
76
75
37
76
142
34
180
137
193
339
341
183
239
41
173
280
433
315
386
250
77
143
272
197
277
8
309
109
49
58
369
169
207
340
19
121
218
19
65
928
156
227
301
342
154
307
182
245
157
198
387
110
87
11
469
310
94
239
203
24
42
303
20
294
261
404
597
16
132
230
1
58
144
98
47
193
234
66
108
366
540
118
88
75
358
61
658
147
135
57
241
152
496
58
407
85
357
111
188
86
51
505
181
154
130
397
17
329
129
129
87
576
113
424
44
179
435
155
131
444
213
303
115
7
16
102
258
99
114
315
457
148
394
191
88
253
182
95
87
70
506
6
43
105
196
480
44
166
86
27
134
165
202
269
66
14
13
316
228
173
54
196
192
619
20
112
10
58
57
155
540
16
302
114
44
47
79
387
30
199
295
22
131
303
110
473
202
41
729
391
52
44
34
490
153
19
83
400
454
41
7
73
249
58
147
8
19
510
164
97
297
66
113
103
112
102
50
105
402
5
211
388
79
24
80
1187
97
125
259
65
190
35
289
702
157
1
81
4
14
252
171
141
352
22
78
311
293
389
123
249
76
77
202
449
104
310
25
163
418
250
23
387
91
109
132
40
58
189
26
106
306
87
363
170
882
294
33
427
104
43
303
202
68
457
44
511
89
67
18
193
230
165
12
204
314
318
116
506
194
121
144
18
95
41
7
67
492
13
88
30
248
6
11
82
13
231
77
267
163
58
8
159
119
352
398
142
1
249
23
147
109
1268
380
286
120
36
12
225
54
374
17
396
151
178
88
76
425
235
243
731
358
554
824
13
307
112
153
41
169
42
41
212
94
329
45
1049
15
352
9
29
157
17
43
44
38
237
932
109
637
6
299
26
135
40
34
49
64
93
320
55
157
361
170
82
41
154
84
43
295
77
78
100
105
340
66
30
109
278
131
361
131
455
225
137
72
108
1085
104
123
281
21
18
115
398
105
535
145
543
302
185
166
92
122
146
90
47
209
144
146
287
165
21
179
182
62
64
141
221
40
96
402
299
186
708
54
15
8
31
1
373
260
76
508
70
52
517
474
137
78
1
42
80
43
18
108
146
26
126
338
164
182
51
774
257
44
1
98
384
6
4
58
47
28
62
311
4
197
95
145
3
9
27
191
202
161
3
9
31
156
534
105
73
86
94
59
767
130
27
335
45
37
612
354
11
202
53
173
10
412
740
197
42
65
58
120
129
7
119
149
10
157
93
528
249
286
182
25
4
292
25
469
232
122
229
68
139
198
368
39
136
102
37
210
159
45
175
348
50
58
71
447
478
396
79
138
41
95
4
638
108
23
192
147
137
26
67
28
299
45
163
511
11
393
274
660
247
247
40
79
374
7
340
31
134
599
42
237
249
655
21
31
356
60
20
818
100
183
40
360
42
35
233
207
3
27
368
489
96
112
532
3
499
116
183
53
208
792
43
172
444
137
206
1525
5
236
406
20
271
164
31
386
31
10
99
199
62
69
544
337
92
235
174
111
182
264
175
21
82
375
105
218
468
39
324
353
370
188
22
25
139
415
66
186
30
23
217
200
70
214
375
603
169
161
249
161
201
105
11
205
184
34
283
594
150
111
15
458
54
508
323
300
49
209
10
128
297
75
85
419
37
284
273
172
738
310
280
398
96
38
198
263
177
55
1
443
28
421
68
119
55
62
336
68
8
43
56
328
263
85
26
13
161
83
30
482
224
439
721
71
297
581
69
46
149
31
283
109
226
100
200
227
883
912
359
74
242
10
2
542
315
194
149
84
251
92
419
32
368
15
135
60
87
424
86
410
271
200
126
525
261
9
199
291
246
37
102
887
155
669
359
32
359
61
517
89
142
5
36
115
281
60
60
194
55
83
123
142
217
44
111
68
115
26
33
390
253
179
434
533
128
505
158
243
347
23
155
46
95
251
153
496
300
22
18
258
36
462
197
387
320
7
296
352
158
31
104
13
113
290
148
48
6
22
77
359
346
262
112
122
93
13
414
227
93
724
190
97
115
93
44
200
287
15
135
88
101
361
600
124
89
499
95
96
75
528
220
268
876
104
137
31
27
466
107
310
20
629
82
420
715
293
385
146
59
587
104
31
502
34
233
22
21
1083
90
120
7
5
122
174
169
30
134
300
400
72
257
66
177
391
174
615
64
82
203
36
15
5
42
530
207
61
395
2
85
218
52
463
137
54
440
137
480
206
1400
81
109
151
254
34
183
45
152
356
113
148
503
42
23
96
86
521
237
160
12
35
443
73
174
233
179
200
145
179
119
90
125
58
46
19
217
99
650
53
47
44
32
3
110
41
84
335
57
333
302
195
47
147
192
5
394
53
328
139
51
554
249
120
35
120
52
238
33
498
186
468
129
46
238
240
48
244
387
364
18
262
47
73
178
2
138
203
88
109
51
85
59
173
80
305
48
74
22
66
30
211
162
470
8
129
655
237
235
65
341
236
472
72
438
206
341
147
186
233
43
189
147
438
42
148
4
626
176
225
5
1196
488
126
516
200
122
22
109
81
192
102
138
80
182
188
75
455
390
492
22
114
86
201
665
15
570
276
178
67
19
411
304
50
23
48
522
46
26
213
28
37
18
152
58
108
444
46
167
160
4
6
57
380
205
304
109
13
312
47
592
319
96
232
290
155
243
244
401
122
64
34
281
660
150
23
151
87
91
24
82
71
564
213
100
203
265
342
84
52
83
334
21
57
620
94
616
287
4
257
30
569
989
22
159
251
265
150
431
56
116
347
460
14
198
167
785
47
28
794
304
39
159
120
28
21
34
216
514
497
257
5
55
562
49
126
89
198
353
36
609
505
94
71
28
812
107
138
161
237
40
693
97
256
248
761
53
159
37
269
367
58
348
79
278
117
245
230
196
28
67
86
127
528
66
642
133
107
778
34
268
596
17
609
98
463
128
49
230
137
3
64
126
53
225
77
88
35
17
214
97
396
486
101
61
154
22
249
7
522
87
49
62
158
394
170
194
688
342
620
393
169
173
101
34
156
726
220
349
146
324
286
61
236
411
174
59
260
207
498
107
77
459
77
623
295
105
545
144
101
17
631
53
25
169
245
389
18
286
965
6
224
37
364
133
244
219
32
123
47
155
106
429
185
82
17
256
202
117
193
17
421
529
608
89
44
160
64
25
773
109
449
505
135
79
45
402
44
30
74
843
101
63
138
65
2
249
16
169
401
153
221
563
79
97
203
457
180
513
202
14
169
227
551
165
163
62
199
340
235
129
57
8
115
36
594
6
886
114
391
185
476
20
183
71
399
326
227
184
329
556
320
116
108
189
213
21
40
347
93
84
519
49
24
486
42
98
1
37
47
56
590
4
520
96
100
593
374
451
249
74
12
232
54
163
70
200
160
295
95
225
31
7
392
54
6
1314
54
610
95
74
163
52
354
21
327
134
140
70
363
245
84
629
66
22
454
84
45
140
20
498
457
83
29
19
220
277
17
305
400
257
56
224
30
343
636
52
32
91
378
77
196
199
31
174
30
663
43
72
87
78
260
676
46
41
1052
69
274
80
79
366
22
101
57
14
66
316
286
436
63
316
344
185
48
103
213
72
1387
453
1393
155
41
156
391
117
127
109
385
3
247
415
313
371
227
146
142
439
149
63
198
207
50
105
65
79
344
22
98
84
665
91
224
284
85
596
401
630
184
20
72
55
99
207
128
164
10
129
190
30
202
245
516
36
276
228
157
59
454
33
345
2
372
229
7
58
250
229
20
52
48
23
102
149
364
53
81
371
97
139
189
105
181
491
768
44
83
532
108
278
21
78
104
250
38
1151
91
462
94
49
396
12
205
44
226
8
79
171
73
212
172
221
6
414
183
9
20
185
40
77
36
297
74
257
162
605
44
75
111
43
204
94
120
83
566
589
29
148
84
633
69
7
55
464
379
77
15
176
152
79
44
381
143
414
193
330
213
77
438
126
116
44
8
78
24
15
440
310
54
82
180
2
35
26
238
655
156
24
206
95
153
103
3
95
218
44
87
95
13
140
548
32
22
173
75
168
15
82
754
854
509
106
2
236
274
34
1102
123
6
49
39
185
74
652
858
179
70
129
9
169
20
66
274
427
172
186
114
682
145
75
108
216
181
68
259
80
395
124
478
364
248
42
270
310
5
54
42
6
156
10
119
418
11
152
118
9
136
28
174
252
185
65
30
292
28
20
26
172
67
124
495
102
120
42
202
322
351
157
104
15
3
356
154
27
41
51
415
379
608
184
36
88
124
180
312
24
406
162
289
113
279
223
51
65
176
614
93
380
355
71
32
560
307
87
140
134
262
108
184
90
149
13
318
294
43
257
271
83
195
779
126
56
844
241
279
122
498
353
226
138
25
2
205
245
104
257
284
132
431
63
471
130
57
32
79
42
386
51
17
548
224
67
56
241
218
58
32
288
254
274
140
205
260
63
359
67
429
210
534
715
335
6
311
606
197
19
327
40
133
268
187
55
291
694
83
361
116
25
286
400
264
53
5
149
234
307
99
110
246
113
408
35
211
8
698
94
204
248
147
218
19
3
380
112
26
29
46
6
532
43
228
65
37
105
192
266
849
83
237
258
352
655
207
181
141
268
437
40
259
112
643
456
199
422
11
147
111
126
146
935
259
124
240
88
240
844
452
47
171
337
375
202
219
264
154
38
118
215
240
207
324
60
374
133
12
63
38
97
355
59
39
318
98
1
81
73
130
65
230
48
95
42
222
116
23
345
11
26
145
110
66
451
58
323
24
94
64
47
450
257
661
95
70
377
113
810
342
36
25
41
5
92
69
152
243
62
146
475
499
5
259
277
50
455
499
60
469
386
35
331
192
20
494
73
46
460
90
223
24
345
244
45
40
206
38
2
46
20
252
60
15
331
12
121
369
124
27
109
185
165
164
67
122
446
58
23
122
10
204
112
423
4
315
109
200
83
388
409
33
267
1
266
226
269
120
115
38
55
217
225
317
128
69
555
57
89
949
116
344
259
238
243
146
77
104
147
17
23
31
130
55
391
30
320
24
112
354
242
638
264
305
1
69
477
29
37
160
172
207
163
68
257
538
9
30
33
6
303
116
563
320
63
435
666
90
137
737
351
17
84
226
66
48
762
25
154
376
127
202
128
39
74
14
36
254
20
166
296
196
16
386
40
164
308
51
104
93
128
18
55
11
157
143
15
32
292
147
92
32
111
138
338
4
29
173
146
101
174
85
70
196
396
227
140
29
216
22
93
82
677
129
72
169
178
93
27
57
29
687
280
260
249
376
51
16
14
128
184
63
82
277
220
510
46
133
550
44
193
20
461
455
332
103
2
112
379
421
79
208
113
31
99
56
23
25
35
262
268
190
169
190
67
286
231
432
281
14
379
98
131
135
415
36
112
83
227
97
320
96
97
576
186
599
78
79
130
121
496
340
93
18
519
225
115
18
834
86
283
116
619
78
35
71
4
249
368
766
966
37
1027
568
392
47
46
143
525
169
305
259
209
210
302
40
145
221
466
31
11
190
11
359
74
174
220
56
453
177
216
53
681
130
20
84
35
789
91
36
564
156
16
148
84
2
94
113
150
298
437
15
47
121
15
239
75
248
21
299
514
73
20
51
657
790
380
18
151
62
335
126
113
297
142
32
354
31
35
168
137
32
232
268
198
24
368
242
245
53
212
12
88
374
567
74
231
75
22
97
13
154
416
46
337
293
77
193
314
292
262
162
71
461
234
254
78
70
844
263
174
199
192
726
69
219
183
11
40
16
313
40
237
268
127
92
381
1239
373
234
276
15
66
165
33
28
97
75
32
41
254
451
92
91
94
27
224
228
11
54
371
373
577
29
45
67
23
39
206
468
145
338
14
247
181
903
193
435
84
152
326
110
375
146
367
387
103
359
68
67
429
410
106
36
234
193
47
12
439
13
204
447
385
40
594
325
11
120
190
45
55
25
366
28
297
30
26
139
63
30
292
80
63
40
631
154
56
261
40
105
147
224
198
85
130
227
122
589
195
299
97
14
364
146
205
436
137
150
219
214
203
322
176
33
763
183
487
119
496
65
113
33
69
443
274
185
20
536
130
46
412
4
150
119
1
475
116
279
183
216
68
215
63
70
13
154
94
315
9
84
26
317
24
174
19
323
128
845
145
65
283
21
665
119
784
65
228
40
75
57
64
267
29
327
3
338
87
280
107
206
121
205
86
153
49
119
100
250
196
299
199
291
418
202
210
162
6
121
506
566
40
89
68
40
239
91
333
66
127
154
208
57
187
259
45
125
181
800
65
34
93
51
115
39
62
66
66
9
71
376
399
149
323
159
4
195
340
171
246
78
61
19
49
498
71
609
88
64
526
416
105
418
51
163
4
1
43
673
311
373
284
72
273
726
311
275
113
512
225
203
357
70
108
16
397
44
221
207
185
92
274
69
10
366
7
641
162
120
299
22
252
22
258
191
439
12
179
86
17
34
319
263
106
62
130
204
497
359
47
20
336
416
109
391
12
52
1056
180
78
122
706
164
43
40
384
170
255
61
140
50
25
192
11
1239
291
6
345
99
73
329
270
162
626
203
37
229
416
120
212
176
229
218
175
230
544
214
33
489
280
309
218
241
69
337
208
160
75
19
224
103
158
73
118
62
20
50
10
80
161
26
444
7
21
118
59
67
61
84
613
88
182
163
11
177
566
132
32
127
160
225
22
50
278
270
361
109
97
467
679
360
256
18
552
1155
27
433
132
203
18
57
636
172
611
49
139
34
1860
170
118
326
19
264
5
395
199
272
299
41
15
234
223
248
191
103
90
146
106
313
180
138
476
193
44
53
194
26
224
31
1054
57
310
170
193
526
41
330
132
35
127
238
140
70
280
525
11
86
18
180
238
231
291
17
349
485
9
550
134
87
18
288
10
462
288
288
536
207
42
3
45
13
125
12
25
36
209
539
123
110
90
45
340
332
5
16
151
324
51
67
156
245
20
236
408
30
73
80
477
797
130
448
65
259
211
84
116
118
201
203
366
83
316
63
244
28
53
199
74
41
316
354
388
241
462
17
297
302
229
44
149
289
84
84
308
220
64
180
22
5
359
111
324
7
82
255
96
78
21
94
7
39
37
21
187
169
160
156
215
410
146
61
384
151
483
252
106
184
460
341
340
133
49
31
158
212
64
111
662
309
39
102
41
22
20
178
12
62
527
35
5
227
299
96
12
154
35
370
108
129
125
1306
103
32
178
24
396
172
55
53
218
206
392
61
347
149
223
286
166
126
294
134
599
228
285
98
99
288
461
4
220
119
52
18
285
9
186
26
30
100
49
603
305
259
99
1337
190
47
83
10
176
163
211
161
28
171
26
17
47
469
324
1
193
460
324
854
442
507
291
110
88
482
148
94
256
180
381
23
327
31
415
382
217
211
911
366
365
67
383
53
608
95
92
8
79
112
32
181
438
58
107
275
18
35
349
57
706
145
38
161
57
152
106
156
116
173
11
75
583
573
70
171
37
75
581
338
111
381
161
289
562
51
260
68
138
96
29
71
25
135
26
294
96
329
107
122
209
430
563
101
495
480
27
338
130
166
262
144
36
46
221
76
80
271
271
243
87
10
327
48
367
51
75
221
55
190
242
467
26
360
189
912
330
284
93
199
192
243
284
292
91
271
131
8
111
114
80
28
2
364
152
209
487
33
47
193
121
335
112
35
295
108
385
124
64
66
102
216
103
4
482
233
123
554
75
240
240
207
46
36
105
216
88
54
45
109
24
126
57
135
21
126
195
81
75
205
163
136
520
146
275
147
483
380
126
132
370
5
251
114
518
422
21
200
217
171
220
456
36
147
113
579
163
9
302
2
125
361
140
196
2
308
215
539
80
72
1066
69
19
246
27
178
462
332
49
21
39
51
91
38
89
164
109
240
969
14
119
173
203
339
155
27
8
3
55
244
170
162
60
134
106
110
231
187
95
661
135
189
736
253
117
158
151
359
49
135
556
236
503
480
1
348
237
217
293
251
232
1
461
181
11
111
143
323
53
246
118
339
57
621
128
166
30
10
87
13
108
65
63
8
178
173
169
169
179
27
67
97
67
243
107
410
293
221
117
119
247
355
9
75
102
27
111
52
317
107
86
113
48
54
48
43
563
426
45
53
117
193
3
127
108
108
11
73
103
1
181
549
31
200
573
395
125
83
559
34
363
24
436
180
99
287
78
48
160
362
180
121
12
127
267
103
165
123
184
69
151
115
244
330
215
134
298
86
156
6
124
280
311
78
38
224
80
127
144
27
19
40
70
88
362
50
168
170
68
409
238
226
80
42
381
170
130
135
1
27
82
370
305
102
63
564
60
62
1033
43
7
519
79
90
233
147
301
201
724
84
61
107
331
321
169
244
123
248
475
122
545
1
29
216
8
115
836
177
9
112
644
748
132
172
25
162
2
1
127
235
284
9
54
164
60
119
190
206
71
222
89
494
261
66
352
169
242
41
273
182
60
236
97
21
320
3
108
213
82
78
21
180
15
701
14
143
46
442
108
429
128
403
80
26
96
245
449
424
183
523
117
6
138
12
4
10
61
28
63
63
176
128
115
282
106
102
237
39
214
391
152
149
117
232
106
8
262
142
105
26
454
491
16
211
42
936
48
149
139
324
338
259
147
489
386
342
187
166
35
43
124
162
22
435
1
133
70
89
125
96
8
7
22
93
257
647
180
113
473
125
133
403
70
16
277
170
78
204
376
221
183
485
75
210
402
139
73
175
285
135
25
134
10
178
15
132
169
38
359
301
202
2
152
29
6
17
258
373
101
68
213
441
54
104
273
67
34
27
346
64
228
162
11
123
67
696
1286
106
434
47
404
479
150
146
70
94
115
52
268
184
51
14
459
93
98
124
31
13
447
263
100
337
5
102
135
100
46
173
111
67
9
257
138
37
73
174
301
83
9
257
531
38
163
130
315
51
127
179
260
13
185
144
42
116
387
177
136
397
374
8
54
44
136
18
92
90
68
1020
79
266
121
133
67
90
263
60
444
150
950
4
168
357
100
421
259
85
80
102
650
470
378
43
216
49
319
95
698
296
95
305
199
58
92
35
194
118
230
88
21
81
162
236
173
98
737
123
401
238
238
362
209
6
117
20
63
94
185
106
203
33
18
40
255
153
175
22
190
35
552
567
210
215
381
65
143
46
208
22
336
198
71
193
30
45
120
5
756
226
211
244
159
249
142
210
734
47
976
102
299
252
191
103
31
135
223
34
679
56
73
422
25
57
171
41
414
411
69
130
10
20
300
140
257
31
81
401
25
386
174
363
125
317
114
84
139
308
458
112
99
498
113
15
223
198
11
235
28
620
727
38
17
165
485
293
6
183
376
256
46
8
110
564
424
156
239
179
1
127
143
500
14
26
25
41
247
329
90
3
6
356
23
9
4
1002
16
41
37
243
531
82
209
66
234
570
14
170
74
42
63
114
170
37
27
48
6
562
335
321
50
274
155
86
435
56
36
62
99
31
241
159
11
7
46
17
209
318
494
702
292
101
60
155
58
112
156
4
116
67
467
175
114
45
128
354
23
31
30
52
13
290
4
238
67
94
643
452
216
39
34
69
35
238
66
193
327
231
29
352
48
94
58
22
494
107
130
13
34
81
535
234
102
441
91
39
65
27
90
36
39
127
91
163
38
311
837
128
176
199
166
107
328
180
125
67
218
29
12
71
2
195
391
115
317
15
343
134
70
64
42
67
269
313
652
60
16
181
91
403
7
226
83
1
63
154
139
1664
293
348
160
62
57
9
177
51
273
175
75
183
39
6
169
198
1054
679
48
88
275
58
284
155
236
654
327
73
57
5
213
25
110
230
31
35
7
358
28
297
358
108
191
575
92
338
716
152
226
158
49
65
209
23
373
44
43
83
35
133
721
19
170
119
460
189
398
205
27
126
356
295
270
68
84
113
466
67
48
72
189
316
544
493
364
276
212
144
61
93
115
41
67
834
55
311
174
55
177
372
434
196
102
422
55
195
601
112
106
69
120
50
254
238
34
206
692
655
160
29
254
89
145
142
186
42
818
465
541
469
6
92
61
48
400
257
44
170
273
307
24
522
41
149
4
622
147
69
68
288
57
219
131
72
27
7
620
100
131
145
146
225
275
66
316
85
193
464
170
1
409
330
348
134
61
113
191
1106
142
37
199
96
324
236
159
537
350
333
583
141
275
79
938
82
33
26
194
93
99
771
110
142
77
66
631
138
407
27
250
638
119
8
114
62
191
290
6
237
8
87
308
214
31
1
22
96
131
451
127
374
56
135
450
97
506
119
145
236
157
281
189
244
142
32
258
19
113
103
25
281
3
203
64
44
94
40
239
7
360
17
221
159
185
544
53
215
88
6
20
7
35
116
240
332
241
46
27
265
82
18
21
1003
381
27
326
235
135
123
248
52
32
192
29
130
51
309
290
16
32
47
435
234
544
63
123
171
433
98
370
74
286
65
88
4
137
260
91
519
428
108
39
197
43
505
94
371
47
133
530
21
212
208
226
14
115
73
127
3
287
84
237
30
132
102
92
31
264
367
156
472
68
180
48
184
182
411
138
18
2
116
57
463
19
124
370
292
171
166
103
397
417
42
16
293
193
372
244
107
43
78
141
386
305
138
9
58
353
345
45
385
106
6
81
99
141
58
89
201
183
10
5
172
191
143
891
633
200
736
6
176
87
136
6
49
316
190
798
97
44
178
303
5
160
182
452
39
319
15
311
251
22
254
43
79
48
89
4
235
80
27
21
30
149
34
126
208
19
98
113
153
382
124
26
228
472
124
274
185
245
121
70
66
6
142
393
1
270
60
87
36
395
177
289
62
418
170
309
6
301
53
446
615
318
44
241
30
72
470
300
257
337
102
198
340
214
77
16
50
26
44
286
321
255
202
714
426
106
129
153
124
76
154
637
189
408
4
181
511
454
40
810
74
160
94
30
8
191
4
750
72
26
202
194
53
274
141
286
195
775
14
385
60
139
213
77
43
284
194
128
304
47
142
120
388
42
76
289
396
416
119
322
71
84
141
446
78
26
103
61
367
64
4
133
649
129
478
277
23
899
37
180
228
18
17
88
171
361
196
9
117
277
107
411
738
55
45
30
30
91
139
242
186
355
127
283
78
260
179
28
132
552
69
337
324
260
11
717
101
123
40
22
30
454
235
191
342
23
177
142
762
86
575
103
245
7
6
182
75
18
654
111
35
340
19
175
160
224
164
222
683
385
77
220
152
77
6
157
7
17
1
277
88
68
373
299
212
21
292
149
27
254
58
242
242
235
28
570
160
329
234
478
215
223
392
10
112
90
29
62
155
31
57
45
1144
268
67
80
224
22
55
211
38
33
214
24
100
124
123
151
203
89
144
56
163
103
17
35
372
249
234
134
750
26
180
315
389
182
75
219
249
611
121
232
17
56
85
473
53
421
171
171
413
460
13
77
125
95
256
141
5
104
87
1
248
230
307
12
22
24
574
131
114
105
450
525
243
44
120
112
565
152
121
460
154
85
82
420
480
297
3
40
109
341
269
245
338
85
6
24
26
403
38
164
51
14
145
64
22
164
17
25
623
387
157
518
27
627
75
285
29
191
200
417
246
222
116
172
20
125
1
224
146
318
575
309
41
92
266
46
169
52
72
140
114
28
282
217
86
82
527
441
20
289
267
421
310
5
2
237
12
55
392
10
26
38
43
30
29
186
118
331
186
115
36
47
59
131
127
250
33
112
20
70
131
536
606
14
296
69
740
53
558
253
47
30
682
192
328
232
190
468
1
286
539
287
222
612
1
407
155
66
225
150
232
19
230
221
93
484
966
50
358
120
240
306
30
117
79
20
210
180
427
55
53
80
137
29
326
160
1
24
66
34
72
62
160
133
347
94
160
131
1
482
10
251
2
38
46
10
226
465
161
25
497
114
114
94
122
334
145
472
66
385
132
257
191
196
140
308
269
67
149
114
168
319
9
129
59
124
109
203
254
241
76
187
107
31
92
89
42
107
252
4
178
184
103
677
112
507
80
99
827
132
312
5
230
219
53
65
161
14
67
135
93
130
243
143
311
419
63
80
71
443
70
808
101
236
290
123
290
349
301
312
359
459
76
21
161
204
751
286
261
58
282
129
295
170
122
91
38
817
368
530
182
157
22
838
442
75
289
91
419
85
171
169
66
73
155
21
185
43
193
218
81
27
61
12
64
220
66
326
110
213
59
102
27
3
684
74
775
136
13
120
52
358
105
106
7
76
90
12
132
30
126
333
197
204
240
71
122
308
378
162
22
531
31
169
29
68
227
78
69
22
314
15
140
873
547
19
150
98
35
187
11
201
314
27
182
177
114
370
24
71
328
114
142
233
194
404
20
236
1028
140
36
392
161
37
185
378
309
124
480
348
297
687
100
40
371
194
604
187
72
573
58
497
288
89
207
212
61
75
245
471
209
104
219
79
107
69
211
324
163
139
10
296
146
631
333
197
360
105
24
41
185
115
23
240
72
82
56
101
25
144
414
568
82
235
172
465
491
172
876
171
335
59
150
51
37
837
348
35
582
235
48
203
25
284
27
9
696
125
273
78
235
227
262
36
255
23
102
366
13
280
38
55
18
408
214
2
760
12
38
74
80
288
26
31
16
540
801
236
68
567
77
237
741
189
195
65
118
137
87
52
79
32
823
47
427
180
122
325
217
287
335
624
23
4
108
249
43
175
165
267
270
12
372
188
109
244
25
79
23
318
93
1
213
221
109
57
222
284
224
29
105
72
509
78
90
545
99
45
210
509
678
187
308
43
525
2
573
582
1
246
67
8
26
583
124
363
235
122
442
316
290
90
408
121
450
669
35
21
14
75
19
284
150
16
376
345
438
229
551
498
66
34
145
86
671
226
198
282
54
66
612
51
495
240
38
183
85
321
145
38
38
179
200
137
306
62
77
146
290
60
60
317
39
278
75
583
2
217
140
26
246
144
54
219
5
44
472
249
23
16
114
531
36
110
390
28
139
204
165
577
77
48
53
85
28
494
34
31
13
48
472
53
742
68
18
353
244
275
29
89
53
97
415
52
50
9
346
57
214
1664
473
391
5
392
215
551
325
109
135
83
212
132
27
669
29
18
336
146
71
20
98
237
895
222
294
3
51
149
10
7
121
139
212
24
17
91
321
148
16
93
265
9
8
127
499
331
134
258
247
201
386
347
217
130
404
48
5
84
314
313
150
61
75
200
15
209
102
266
98
211
11
51
64
367
40
4
142
359
168
93
5
36
34
89
111
11
172
206
139
86
58
184
251
75
398
54
101
142
190
340
197
128
8
306
125
111
299
328
179
247
26
154
717
44
232
718
192
90
8
521
9
62
207
167
158
31
695
135
360
344
17
73
41
254
172
41
196
171
51
93
80
238
24
16
281
484
219
303
204
569
104
96
123
112
273
29
106
75
243
507
165
340
400
265
46
258
109
499
10
36
215
17
87
209
259
40
149
174
4
270
92
504
7
217
148
58
7
185
40
707
89
102
254
337
287
134
68
108
157
333
1298
36
495
33
289
4
91
101
105
170
102
213
31
4
144
296
758
58
251
23
42
407
120
29
109
52
65
310
147
75
30
8
243
200
167
208
28
369
210
185
142
85
37
38
301
161
204
12
156
9
249
199
54
85
244
230
272
166
204
244
116
149
192
25
89
260
431
127
136
288
111
7
428
123
109
301
161
114
115
47
446
77
220
1525
183
81
16
593
270
111
315
32
14
287
186
475
29
241
418
91
88
2
274
59
169
161
621
331
49
36
31
59
231
433
558
431
4
88
261
38
113
140
104
413
425
79
619
191
35
449
61
527
235
103
445
42
170
95
72
117
788
369
49
170
154
198
187
319
239
154
12
572
321
179
386
132
360
22
264
311
158
274
129
180
590
90
90
20
391
287
239
241
156
35
81
435
8
152
127
20
78
179
215
43
325
169
58
108
86
179
51
78
91
307
226
203
8
462
404
168
93
205
23
118
10
102
97
60
274
226
9
784
8
350
91
43
91
108
105
659
76
404
532
119
213
203
270
42
84
195
85
166
4
7
48
99
26
117
135
21
41
53
164
138
122
32
49
167
96
45
409
59
19
188
174
276
112
5
61
46
249
259
595
92
228
13
106
17
393
286
785
34
380
124
731
152
219
10
130
64
248
18
451
61
137
17
24
32
219
278
162
140
125
1
11
192
45
525
340
503
347
109
105
148
47
260
654
343
50
190
197
195
42
79
123
324
358
33
234
481
75
262
209
267
99
373
55
69
100
576
64
31
9
17
157
207
233
132
488
548
31
152
92
61
187
65
60
157
404
65
235
210
68
637
70
103
270
52
78
246
10
141
82
364
3
931
94
72
236
64
553
71
502
17
191
42
270
97
248
834
353
140
251
77
130
152
671
368
57
257
81
154
476
23
64
528
243
2
23
195
179
266
398
38
145
28
143
266
79
41
576
131
110
131
173
50
263
201
375
55
22
140
144
309
243
80
17
42
161
166
38
16
256
188
55
219
88
32
105
177
14
75
337
50
337
117
76
935
419
159
374
196
670
80
81
331
26
385
126
53
124
241
47
129
100
255
81
259
83
40
425
292
202
136
446
56
209
50
41
194
244
210
178
411
709
162
128
72
341
122
406
146
329
9
19
776
423
913
27
33
354
449
259
209
229
158
127
112
6
56
214
116
738
104
109
238
255
28
362
74
111
1691
114
85
113
337
438
19
112
114
78
172
219
150
611
552
335
97
159
140
154
152
110
25
108
95
103
215
66
180
159
47
155
119
5
404
207
356
488
213
58
36
85
134
32
509
318
237
189
4
397
7
49
236
102
225
262
51
77
36
43
19
585
265
256
385
54
15
52
140
229
391
151
95
83
47
10
143
243
77
197
158
387
111
172
553
246
128
173
235
220
122
122
83
179
621
143
92
91
307
113
358
538
55
109
94
36
479
189
77
84
161
94
36
236
577
188
14
242
48
183
197
222
199
161
224
61
69
104
52
116
236
681
109
196
220
7
157
100
185
156
703
185
134
85
36
59
231
286
127
590
593
101
671
62
194
111
2
606
137
422
295
46
76
6
121
541
92
126
93
80
32
4
227
179
161
1056
512
33
179
615
31
53
15
156
269
23
47
133
384
423
224
93
112
26
3
61
254
59
470
298
114
859
56
237
58
199
148
275
508
237
120
173
216
163
75
173
15
172
3
191
76
131
65
70
257
92
1
323
181
46
41
792
104
22
115
228
19
62
145
999
260
527
442
135
45
33
282
4
41
289
139
37
20
103
19
4
64
369
80
53
12
189
124
18
10
28
24
166
43
60
1106
21
2
190
99
4
153
119
348
82
97
133
829
620
132
148
58
454
305
37
441
193
219
151
80
9
50
54
141
101
33
178
295
100
145
51
61
626
5
25
68
808
17
63
193
64
91
523
55
56
13
224
112
134
176
52
257
318
418
77
235
239
30
123
885
38
22
619
224
170
195
7
58
95
297
92
102
412
50
529
413
83
2
110
149
370
167
44
538
55
14
883
179
125
574
68
31
247
254
258
197
181
431
70
38
461
12
277
37
796
27
12
78
116
191
41
189
32
630
32
174
57
520
169
661
33
535
248
16
55
102
36
717
52
612
50
383
481
191
23
189
70
276
11
20
289
673
121
609
84
242
1073
205
211
235
25
109
236
14
176
642
698
65
198
104
31
168
85
113
261
53
367
60
717
87
435
8
141
55
117
221
349
81
454
110
62
235
98
106
131
481
854
80
16
173
42
122
131
12
111
101
208
304
17
130
209
307
270
89
342
248
17
252
130
745
48
178
401
85
407
53
96
189
47
10
237
196
198
144
372
87
113
171
515
53
223
136
110
140
4
179
361
274
3
459
203
89
148
30
43
37
294
4
264
499
287
80
574
350
124
318
76
669
164
31
314
207
39
89
398
158
85
195
211
328
191
396
25
317
200
108
661
297
2
278
82
37
96
261
467
237
491
94
115
3
49
192
119
39
415
790
2
159
162
228
80
118
693
21
44
44
164
25
392
392
53
61
125
71
2
33
195
353
541
35
51
46
8
391
12
17
293
23
92
273
248
82
473
75
427
544
197
13
157
61
152
51
313
49
387
353
346
359
26
516
41
475
36
361
396
15
284
236
173
81
481
628
19
142
97
32
418
162
194
137
9
55
183
285
295
28
258
436
47
92
96
295
10
49
45
325
290
327
212
122
271
18
18
185
43
121
263
309
44
760
405
41
263
290
210
119
695
89
274
42
290
232
91
58
197
153
284
181
6
606
337
463
108
211
325
237
260
298
443
36
327
15
149
106
143
469
56
92
462
22
15
7
79
13
926
83
273
31
260
69
35
275
68
211
130
33
119
360
201
110
296
70
96
155
48
13
134
14
474
235
323
105
74
81
531
25
34
23
559
38
126
170
425
296
16
111
146
159
401
51
14
229
58
72
78
548
5
183
1214
1114
29
229
195
36
160
171
369
328
257
253
127
182
324
242
29
593
36
8
381
213
96
215
99
43
39
100
275
216
146
21
181
319
97
241
9
21
85
386
156
118
148
113
75
55
6
158
17
158
139
99
144
27
299
147
46
535
90
415
137
591
261
48
10
470
20
45
118
315
254
385
262
226
87
180
37
285
484
164
21
38
1319
132
58
123
75
311
74
50
178
31
26
435
34
45
84
22
220
258
579
218
35
380
79
139
767
213
117
217
230
316
307
308
159
107
153
1083
249
9
270
257
190
237
448
103
286
473
234
146
126
501
93
734
199
251
126
58
31
33
65
70
10
448
648
230
1230
92
160
508
38
118
270
121
34
23
334
62
833
297
146
194
362
145
63
359
163
480
141
187
160
252
147
385
38
21
217
141
39
196
47
62
87
285
300
285
477
15
177
20
264
360
126
51
18
83
477
43
361
137
5
184
414
16
273
94
239
54
31
56
410
164
30
457
97
84
153
84
150
85
208
83
95
255
104
134
131
76
64
371
360
27
329
181
283
11
55
268
264
267
409
50
373
205
224
155
408
30
487
56
205
332
31
75
285
211
107
487
65
122
13
111
99
9
413
74
335
162
3
221
385
192
158
25
350
114
435
275
423
239
8
367
374
109
556
34
43
118
316
85
228
414
244
110
322
18
121
311
194
181
316
266
23
134
16
576
145
178
163
523
592
33
57
406
246
52
197
392
123
143
14
710
421
294
83
35
368
234
1078
118
264
64
6
86
2
165
178
14
171
396
41
79
18
52
22
102
285
98
142
60
323
383
710
80
5
117
349
328
280
429
38
3
218
306
418
288
154
201
115
42
205
20
861
8
288
59
96
372
141
29
188
6
567
14
126
69
52
66
273
95
57
68
398
178
466
108
52
17
32
22
41
89
78
50
473
941
524
33
17
677
107
329
224
234
14
86
258
17
177
290
99
259
138
24
40
182
473
161
229
56
286
605
192
690
42
64
182
715
938
110
106
405
530
362
35
189
350
130
32
60
34
131
306
163
34
38
120
339
21
220
165
8
289
291
269
282
301
95
115
184
361
40
335
1116
123
273
58
1194
87
358
83
265
645
20
213
107
83
400
48
91
408
82
465
20
4
256
300
320
187
279
147
85
334
26
556
31
95
32
375
469
52
99
31
286
1113
93
124
230
196
42
53
243
177
49
126
433
376
176
38
147
34
248
214
144
267
154
215
116
8
284
166
52
148
250
186
539
52
38
95
183
16
262
134
205
172
14
263
265
11
256
174
234
399
213
96
61
462
76
13
92
275
96
267
244
286
664
1103
42
176
119
68
55
46
226
40
79
31
272
444
321
438
19
438
108
34
19
577
176
13
542
125
275
317
478
111
508
576
450
328
336
703
58
330
147
2
324
263
59
159
42
396
19
21
53
43
35
108
186
76
79
115
127
98
273
114
83
102
73
156
383
272
114
59
250
62
47
586
131
298
61
7
116
65
119
417
72
327
247
1092
440
41
38
262
179
172
407
425
283
34
27
133
303
263
4
65
16
246
472
586
223
37
151
328
199
134
170
456
7
63
49
50
257
613
210
21
163
1
738
81
83
465
139
40
48
501
421
365
218
460
15
105
553
847
176
8
852
168
1178
72
283
81
35
96
805
280
29
39
51
377
60
565
90
170
98
141
64
221
227
257
457
80
897
43
113
148
70
409
353
73
23
238
103
724
95
268
202
111
364
14
9
146
61
365
43
337
177
322
235
165
108
223
70
45
329
201
448
69
411
109
170
46
26
34
132
97
8
147
271
153
349
80
11
198
401
26
68
1083
275
416
302
103
115
103
125
113
140
156
221
4
414
289
256
139
24
52
25
709
213
522
124
90
1369
2
437
6
72
384
46
46
89
3
119
47
114
178
23
220
468
41
234
217
45
617
423
29
912
524
2
92
21
27
9
479
23
189
307
291
31
15
178
56
280
629
46
50
114
441
5
62
228
72
132
97
20
2
271
297
143
267
124
110
167
57
349
450
270
24
167
28
72
295
42
204
24
532
30
454
342
511
21
74
84
23
37
171
32
488
21
321
64
187
92
46
188
102
59
283
82
612
208
190
8
531
357
201
120
192
584
487
74
65
78
180
58
65
123
366
67
196
350
76
253
647
48
929
26
213
382
212
38
11
8
528
623
134
121
42
203
38
488
36
655
142
292
201
186
637
220
1
304
14
477
31
30
232
17
70
82
12
58
123
92
306
86
3
1
87
16
812
96
50
495
288
43
31
188
220
120
293
236
24
61
29
106
341
214
31
210
362
357
189
36
294
449
1
300
5
128
102
336
109
54
382
112
10
279
226
24
207
224
312
7
111
233
233
139
186
59
34
41
164
155
72
104
455
165
6
25
79
980
130
422
190
180
199
145
165
265
171
200
56
2
173
299
111
91
164
113
130
274
4
161
195
253
16
425
415
5
208
274
143
159
103
172
103
239
176
364
17
172
62
197
378
7
34
186
333
559
158
163
29
316
139
47
105
806
378
179
120
296
25
213
99
122
630
73
83
199
49
210
179
14
34
204
172
35
2
320
140
106
109
78
832
471
358
45
143
68
142
199
21
34
35
107
917
97
451
161
242
77
134
319
73
79
187
75
58
215
22
51
203
24
489
62
37
112
252
39
277
538
468
41
1
90
717
42
165
84
551
481
132
154
364
256
206
351
673
95
111
202
400
87
170
260
267
4
153
163
79
93
36
164
397
152
15
106
50
272
166
231
296
12
99
451
38
123
59
98
154
219
89
9
43
54
423
67
166
74
214
79
70
193
1
33
39
11
536
40
6
114
232
23
13
284
391
388
401
203
1
35
181
21
9
221
119
151
88
31
7
620
344
192
263
85
269
9
185
48
522
99
1
46
355
210
113
442
7
256
284
130
683
208
98
233
39
35
127
131
3
6
289
414
8
34
50
168
15
464
414
170
26
180
48
185
26
239
131
106
310
203
36
321
122
238
27
158
42
916
164
514
17
820
81
15
8
142
319
460
474
278
232
313
70
45
42
289
440
763
293
93
243
180
389
2
805
138
920
414
48
136
135
71
2
109
69
209
60
19
812
160
94
593
246
192
587
121
582
109
244
167
361
517
19
110
20
24
69
174
30
696
24
360
141
196
125
16
34
321
411
33
285
77
348
45
170
445
72
119
622
438
84
414
40
75
664
326
177
245
82
349
231
51
127
6
74
151
83
8
106
337
286
315
173
183
345
162
434
163
70
26
36
20
317
218
65
398
16
60
149
788
70
120
254
26
172
541
18
51
269
271
146
16
149
645
90
95
34
104
50
205
176
56
776
157
67
8
166
3
434
33
164
257
166
5
72
54
121
58
130
147
866
642
459
13
134
116
137
55
349
133
25
63
158
119
68
85
55
117
120
68
171
233
342
75
282
118
121
55
357
147
184
339
198
334
590
83
232
396
366
89
13
419
19
214
64
44
116
44
77
221
76
71
8
516
448
251
244
713
38
466
38
29
10
24
110
285
6
169
427
242
256
140
71
1
189
26
172
319
58
100
98
382
139
281
452
283
373
140
124
45
111
17
204
79
393
908
88
189
125
146
160
64
552
8
45
199
29
14
967
105
3
340
156
127
80
126
133
515
46
360
70
14
30
261
28
37
168
205
194
145
166
6
438
272
277
498
210
409
16
906
295
5
131
600
19
85
16
80
397
2
673
125
238
389
49
445
58
174
36
364
206
666
178
11
332
25
447
238
271
40
343
134
424
135
417
404
163
206
1
82
323
117
185
269
93
44
150
248
81
81
21
614
12
321
303
196
596
55
168
144
317
87
255
57
2
134
457
54
236
412
79
168
314
136
10
183
57
11
482
109
110
5
74
608
253
45
84
422
215
329
119
24
85
154
22
11
167
159
247
77
124
437
54
48
11
65
246
174
127
274
39
85
68
23
42
100
243
235
120
9
2
89
221
343
32
48
59
292
224
9
556
674
10
433
439
153
140
277
122
333
104
527
20
483
106
422
187
111
73
31
58
113
312
63
368
167
38
49
117
93
39
42
233
200
386
105
109
475
323
253
201
3
199
186
108
200
1428
130
447
319
8
291
375
125
143
291
9
403
189
251
437
514
206
10
149
89
141
82
500
311
75
349
11
140
606
26
380
25
725
433
385
377
198
26
80
207
102
504
337
362
425
53
316
173
86
149
135
302
365
457
121
265
27
166
1079
43
99
36
18
14
736
523
287
143
6
22
268
172
101
204
39
41
187
195
80
177
71
90
19
28
492
222
12
99
9
62
47
175
40
292
288
66
91
64
89
75
106
617
21
622
39
228
187
46
204
21
195
70
47
34
70
51
3
168
265
139
177
23
481
295
304
75
143
210
50
115
378
94
35
63
101
169
24
206
13
318
9
45
306
29
147
84
162
136
197
374
122
460
1
25
308
120
412
143
494
34
83
298
497
106
425
747
177
72
75
703
638
119
23
348
429
203
99
44
303
552
128
24
35
146
60
32
918
470
86
114
153
418
55
134
246
261
102
87
181
27
183
596
43
54
81
47
663
113
235
368
87
37
134
75
282
95
5
499
33
3
77
133
446
845
34
195
362
54
286
3
75
24
142
248
24
371
118
532
8
54
5
57
26
97
345
266
26
182
242
743
87
57
26
109
133
276
8
14
99
109
51
502
185
112
72
52
160
153
99
491
17
389
236
51
105
94
377
4
23
98
107
254
36
225
73
81
301
148
167
159
500
94
64
97
71
80
604
77
326
39
77
112
9
47
266
110
1290
150
35
30
148
11
966
98
190
615
205
217
45
286
27
209
119
305
188
11
43
36
35
209
202
50
194
17
363
67
464
84
33
346
165
108
34
826
1053
14
44
83
26
42
34
3
354
308
126
511
32
504
13
97
83
253
65
254
439
352
88
40
217
78
178
362
18
147
280
230
238
227
431
227
579
9
3
487
141
51
543
219
6
79
202
148
194
423
113
77
568
697
119
18
46
162
142
265
708
123
9
264
19
1275
24
106
159
238
23
45
242
14
66
128
186
586
196
49
394
79
63
60
338
32
557
65
114
13
169
66
236
176
250
333
424
206
306
171
169
634
280
242
230
63
104
104
121
335
243
41
198
20
114
91
290
86
193
28
739
254
472
349
536
181
110
236
141
14
65
316
418
910
51
83
115
195
220
25
93
69
144
59
48
13
5
14
61
457
58
25
39
56
25
78
179
152
321
56
25
171
111
70
160
69
286
28
219
293
474
375
91
20
220
83
196
635
197
97
1
129
165
318
22
43
64
75
313
301
116
110
170
75
160
446
449
248
174
39
314
42
111
117
221
66
274
117
177
86
66
522
446
20
58
349
150
736
486
537
414
13
474
68
126
63
112
1145
112
114
402
232
629
47
1182
81
264
56
71
221
160
208
140
470
14
26
790
616
639
361
8
485
102
123
267
848
22
67
73
190
438
1078
291
626
5
1001
396
157
51
265
373
48
227
22
65
25
403
58
100
6
191
401
28
172
31
95
114
284
141
5
462
82
54
64
104
95
167
166
261
241
7
364
408
90
384
347
12
640
401
155
19
762
114
1
28
367
22
176
125
568
108
4
103
88
207
133
401
113
430
296
300
3
62
850
356
138
227
276
283
109
376
95
206
368
15
5
120
50
138
40
64
667
71
200
125
124
144
44
47
239
1028
78
212
70
56
612
33
21
129
218
295
16
339
140
181
270
461
160
726
337
283
190
63
87
81
15
47
6
120
77
124
375
201
283
128
579
143
392
52
267
66
45
628
23
1100
989
122
449
5
11
11
80
154
222
348
252
107
99
52
6
70
21
191
207
58
126
345
637
355
37
108
15
389
359
205
67
354
64
246
191
56
363
138
11
246
135
69
297
36
131
178
7
20
28
202
604
5
228
280
522
42
228
11
398
228
428
194
680
743
23
316
74
22
13
187
412
90
159
827
79
505
19
337
44
26
89
121
254
370
129
312
7
300
161
114
653
581
142
34
24
76
189
29
129
373
256
28
63
327
221
41
63
267
315
475
64
397
13
723
1003
76
296
508
11
4
65
355
76
168
250
828
64
592
54
24
245
117
215
71
77
169
4
32
184
98
5
82
191
6
409
13
496
296
82
188
89
161
232
130
628
41
86
73
179
42
306
18
235
175
164
321
230
102
22
20
103
91
11
7
35
156
280
165
256
61
293
302
485
54
693
175
5
31
24
314
328
172
100
93
47
224
605
322
199
61
298
48
385
428
1012
104
116
160
5
64
267
159
149
355
65
29
209
77
271
144
153
174
58
395
161
63
30
367
47
535
3
83
54
218
52
406
328
79
177
109
84
772
97
25
459
199
183
161
179
352
112
19
1310
67
374
5
19
7
118
523
159
70
65
8
6
171
451
724
69
30
79
261
246
110
39
39
6
143
198
1187
2
51
139
95
262
712
25
56
41
447
42
138
6
122
127
728
6
9
75
167
21
211
683
66
126
76
258
205
457
65
244
45
125
179
125
186
317
44
38
575
84
11
152
357
162
122
51
1011
127
28
8
262
250
33
111
21
74
83
265
35
81
44
285
25
379
719
508
254
23
687
254
277
115
222
253
541
412
321
296
34
517
412
249
64
128
96
45
108
62
33
1145
18
1157
4
78
472
107
100
167
98
109
296
13
142
218
436
20
147
172
124
556
266
74
65
18
254
161
164
101
238
250
91
105
140
106
589
143
649
273
356
42
832
82
165
19
69
172
328
20
7
22
439
31
53
424
73
893
75
721
94
238
190
95
168
586
47
528
218
8
439
295
58
222
194
69
279
70
95
14
139
59
195
259
960
99
89
56
474
88
2
185
764
98
13
76
79
237
253
279
75
50
144
293
171
854
25
175
55
283
65
93
3
44
38
170
34
68
11
85
848
46
138
32
1169
87
34
559
34
345
62
518
144
603
416
89
235
47
2
81
95
33
248
14
86
204
63
187
51
8
125
129
110
212
38
36
149
12
52
1502
164
181
329
83
85
263
56
139
127
140
162
147
976
277
195
17
137
100
54
205
148
114
669
63
13
494
33
8
25
171
354
180
1044
93
3
254
91
210
19
140
266
26
267
652
97
107
38
224
100
92
20
80
359
391
33
243
252
70
63
5
331
165
264
35
457
186
65
209
182
99
27
3
69
110
57
77
76
182
268
125
666
164
184
37
109
70
346
22
39
42
19
43
21
63
520
130
222
369
246
157
151
51
60
6
463
371
140
21
4
88
510
104
20
14
51
137
1
75
4
28
42
18
416
132
603
160
192
225
228
257
29
220
26
7
201
435
74
526
202
210
43
80
155
316
199
15
33
140
298
18
729
321
129
172
198
213
327
367
53
52
62
801
22
28
326
64
186
62
49
74
138
36
3
285
196
64
103
383
69
50
103
92
36
123
262
83
12
81
167
40
107
574
266
119
425
420
128
1
274
43
70
247
216
228
25
129
114
354
45
314
63
144
4
148
63
331
189
32
179
696
185
43
7
823
91
9
121
247
137
419
382
8
43
606
108
17
190
468
117
315
308
88
111
22
49
136
43
439
272
402
96
408
289
22
36
379
102
300
150
61
242
31
547
144
148
598
293
17
17
14
83
361
434
22
354
160
15
348
12
18
258
123
69
40
89
260
24
98
11
289
147
4
103
203
52
223
393
248
120
60
164
168
7
739
45
237
61
60
26
212
45
26
26
740
492
443
37
129
103
306
141
47
172
72
90
316
39
500
285
82
467
5
169
196
216
171
100
418
50
129
91
246
41
16
126
169
161
360
115
87
290
170
482
103
162
67
351
205
121
1017
268
4
70
197
19
7
166
82
22
137
520
69
68
76
310
89
61
131
53
234
432
609
36
200
98
269
8
765
141
321
574
873
66
11
142
38
172
42
76
75
537
133
77
205
355
99
1
263
765
9
235
734
241
127
297
40
6
243
76
56
172
132
281
81
374
338
31
185
586
16
237
439
122
419
11
73
104
118
11
71
13
232
101
12
154
233
907
308
425
407
106
300
232
139
48
319
388
308
148
244
180
66
249
330
48
320
141
476
444
177
92
142
484
549
148
32
146
830
111
87
780
486
12
27
605
58
390
142
246
152
232
23
92
735
177
32
251
126
293
489
206
144
183
32
487
105
732
70
54
82
493
29
77
182
245
227
626
267
122
509
284
254
100
68
186
536
290
80
117
43
216
201
130
145
194
87
106
336
92
101
279
72
142
256
391
303
153
220
281
156
848
378
84
23
26
164
21
144
470
27
368
98
247
50
230
132
148
184
253
621
9
43
182
10
130
13
153
108
113
37
406
382
210
116
284
156
14
19
23
224
436
204
81
156
37
224
3
445
191
252
26
265
10
63
293
79
74
113
57
162
1
20
69
118
399
41
64
710
30
420
93
677
331
81
70
60
1
359
241
343
110
399
408
30
35
10
266
131
250
123
396
81
177
50
129
233
63
513
27
115
746
302
19
153
889
1
18
49
472
98
114
543
240
161
42
60
414
328
114
123
191
25
51
807
51
32
88
160
252
364
148
14
536
133
535
25
651
310
7
46
66
396
94
137
103
203
63
63
103
214
63
312
35
252
30
362
229
79
80
177
68
121
201
19
16
151
8
9
132
40
109
20
60
200
35
89
256
75
62
118
222
163
24
186
250
497
95
75
119
11
61
598
63
203
188
347
44
71
4
56
149
1
144
378
225
483
427
718
12
26
73
34
81
74
75
198
387
255
236
529
256
125
133
99
39
185
162
232
324
3
588
52
66
115
155
155
21
288
25
96
7
581
135
390
280
166
222
38
99
128
314
70
113
157
325
55
272
474
162
40
27
269
93
26
36
966
238
76
337
19
464
50
135
4
426
23
5
327
129
33
82
397
90
24
48
25
135
115
497
120
215
486
22
100
73
194
318
154
33
113
341
204
270
255
134
468
145
163
566
93
128
13
542
510
11
38
113
383
68
142
403
129
430
171
105
260
53
7
7
63
9
52
355
1
189
244
72
149
99
564
8
115
421
2
204
6
131
94
35
62
104
170
780
168
49
612
109
84
22
58
559
271
126
31
69
193
619
179
112
30
132
21
161
5
97
228
28
467
54
240
45
251
146
85
398
219
192
547
55
229
84
284
323
374
141
246
88
287
232
100
176
86
263
648
120
1552
30
90
72
188
421
51
15
102
299
30
84
8
1
137
237
7
356
206
27
341
44
158
458
163
42
249
245
22
9
160
105
15
291
527
63
162
539
25
1
89
316
375
123
73
64
243
77
149
548
172
198
55
161
95
146
709
74
277
580
232
71
787
349
312
91
390
90
136
449
210
591
135
215
717
129
113
68
257
93
29
131
354
61
6
159
3
149
337
92
71
224
271
84
126
344
161
135
48
29
145
52
40
176
147
507
185
413
255
415
335
357
224
285
62
39
123
30
90
598
269
33
272
132
56
870
75
53
184
39
214
88
14
90
35
72
6
186
110
88
349
364
78
101
332
155
84
287
30
53
109
158
57
502
14
40
144
5
482
191
4
503
116
3
516
240
29
47
113
45
245
362
269
579
241
130
10
11
23
188
4
253
67
305
224
101
368
314
49
44
285
55
260
233
106
77
50
189
271
29
981
221
79
122
320
535
131
47
268
1121
46
156
104
121
30
376
47
297
54
169
91
54
117
22
141
500
2
237
109
115
257
196
345
115
275
169
231
141
71
118
15
160
419
177
552
60
62
208
426
253
2
745
74
347
204
496
672
145
64
311
84
131
464
601
405
103
6
281
111
83
423
281
18
85
607
2
183
509
8
329
166
89
147
239
275
196
27
23
167
383
353
125
31
4
45
20
520
527
340
323
98
16
10
112
216
138
389
64
258
48
523
224
699
70
252
202
255
61
287
354
188
296
460
328
77
72
202
286
202
386
91
257
66
79
246
130
148
172
189
16
806
379
137
74
218
183
30
485
190
82
144
589
56
177
72
24
258
154
75
93
130
132
143
279
37
225
417
195
54
201
349
80
100
155
101
136
10
328
520
404
34
106
114
10
122
16
118
469
158
476
116
14
300
176
231
82
117
223
210
77
49
40
247
35
77
574
97
261
92
515
329
13
108
4
224
116
17
134
81
509
75
168
74
248
244
103
495
32
384
355
51
256
254
45
13
493
124
241
70
54
254
112
23
64
333
219
127
31
318
155
165
26
468
202
75
421
65
205
349
15
134
206
443
255
368
31
66
37
406
107
16
601
8
61
272
138
22
342
36
461
27
109
79
229
156
45
540
406
85
133
198
48
297
165
6
497
150
538
85
238
551
213
275
152
20
366
52
604
100
508
40
39
112
302
104
1110
308
77
278
240
190
173
28
459
135
3
25
199
166
631
376
143
102
683
116
88
148
9
217
15
27
96
9
33
498
274
41
228
159
3
115
22
197
8
267
224
280
99
258
465
175
16
627
358
83
395
94
145
304
50
276
140
21
172
93
256
207
482
199
166
17
68
283
153
296
119
117
71
6
11
145
135
12
191
118
23
39
338
387
348
41
42
303
27
115
384
415
142
142
82
75
242
738
21
168
37
67
398
359
279
25
81
56
410
73
93
224
884
225
65
71
338
433
56
206
6
198
150
89
374
56
159
99
90
39
95
349
440
54
327
21
55
39
152
291
56
134
186
184
90
618
219
44
268
427
29
340
145
134
425
253
313
115
160
191
8
640
7
171
76
160
62
3
39
237
497
6
146
189
11
299
79
126
91
31
165
3
18
95
26
42
37
591
25
146
330
83
112
632
519
620
296
852
241
583
45
143
258
13
81
150
495
84
43
2
260
351
742
704
320
868
178
53
189
29
77
280
60
138
127
30
462
46
74
34
9
398
37
329
36
1
7
518
401
9
140
255
17
7
98
65
113
488
434
128
102
121
186
61
73
199
72
342
289
207
233
141
231
79
33
23
103
18
240
85
9
46
2
20
247
199
505
74
191
2
44
24
235
41
474
1381
345
398
68
213
69
243
102
82
138
131
120
67
178
191
25
36
10
279
231
612
424
178
110
66
121
256
511
234
190
232
416
295
34
505
3
208
52
444
206
300
338
16
170
158
361
4
311
189
686
47
256
130
344
714
120
59
144
21
232
19
62
111
418
50
23
25
66
31
67
344
84
340
116
120
58
120
50
316
603
278
84
231
153
40
261
549
70
28
355
294
80
154
247
612
1211
367
692
91
22
354
32
44
31
67
206
156
115
456
318
160
158
137
42
439
275
510
295
262
599
217
494
702
482
187
793
506
10
657
132
36
262
271
125
329
102
365
36
408
70
29
173
747
55
185
873
26
48
483
18
239
30
115
271
148
246
49
18
15
156
290
405
190
190
60
390
160
43
1
49
165
49
271
162
401
107
222
236
64
992
236
293
65
71
443
280
373
49
195
853
53
263
63
332
104
112
20
495
105
77
28
131
80
327
215
229
21
38
31
257
364
96
36
462
1010
176
73
399
590
34
112
200
83
171
84
125
346
16
76
44
123
70
110
21
132
436
34
430
211
81
72
699
447
415
161
148
131
415
321
121
115
121
175
520
108
280
233
122
274
217
81
51
411
89
516
231
505
141
381
12
180
116
67
313
25
45
119
206
120
288
84
94
144
63
94
277
174
219
395
415
209
149
452
137
493
124
149
80
31
516
248
12
20
276
13
3
299
72
291
56
254
166
273
576
664
724
116
587
8
112
61
67
180
49
22
128
586
65
613
175
54
195
8
252
103
55
121
527
265
83
301
62
43
73
215
602
40
34
283
82
21
425
26
250
56
141
98
177
109
44
311
127
429
72
134
364
411
186
26
74
120
233
20
202
399
270
175
211
31
196
208
238
34
172
152
216
379
96
154
56
426
80
120
131
91
425
10
42
605
61
167
96
718
605
222
53
360
84
390
296
110
105
299
306
244
313
108
20
61
10
225
328
703
141
45
169
159
137
13
142
40
84
32
375
585
580
326
485
69
69
223
141
43
282
33
77
81
145
160
120
504
553
65
194
110
64
32
39
461
140
46
137
41
242
10
425
188
244
30
138
142
139
11
145
46
28
29
980
249
125
157
202
391
236
33
884
14
448
55
41
131
131
141
355
239
477
74
26
316
133
214
304
403
181
406
536
345
50
106
125
195
14
388
5
246
40
123
42
342
89
64
701
547
49
81
34
153
59
334
225
518
285
236
148
359
499
369
89
953
505
6
89
525
126
315
120
233
130
242
126
242
92
439
91
145
260
102
18
190
272
66
26
5
50
497
121
702
152
152
392
60
90
92
65
179
155
138
54
192
440
259
7
343
85
168
223
13
56
285
43
552
23
67
140
240
300
86
62
542
50
84
747
279
419
36
300
219
406
653
34
468
551
253
16
95
114
200
218
1
49
339
7
189
313
53
82
35
165
86
201
128
133
146
251
47
7
131
103
71
286
4
123
161
89
48
268
223
135
60
174
92
74
75
27
351
637
95
184
47
506
194
42
113
156
34
160
606
184
269
208
265
55
85
398
35
24
19
32
20
20
120
29
303
107
82
619
417
137
351
280
54
110
49
153
275
81
42
112
456
175
239
839
73
10
125
163
502
93
165
98
27
158
16
139
120
203
77
759
31
1
147
250
53
382
148
56
120
144
99
284
164
43
123
393
118
207
270
43
190
152
45
145
84
393
353
80
42
73
7
193
21
322
56
406
303
49
66
395
219
122
100
111
8
396
127
227
223
49
96
450
194
48
476
165
110
295
60
264
102
621
183
63
75
527
197
17
11
264
167
453
190
61
213
299
8
57
148
339
186
213
116
60
491
56
562
146
27
265
275
71
16
88
132
70
122
32
32
221
346
379
327
351
185
267
136
201
378
50
276
195
630
175
333
83
13
225
444
86
76
506
152
17
326
133
133
5
66
539
25
115
120
52
290
22
9
109
12
67
89
408
199
107
152
83
54
222
50
301
242
839
568
51
233
183
298
158
287
283
204
132
244
208
444
270
163
30
113
163
85
131
10
142
839
127
51
708
72
58
32
9
211
81
11
58
29
374
285
611
324
287
130
246
489
6
240
136
202
78
90
26
46
121
822
215
809
9
6
61
112
160
41
39
93
59
310
81
201
66
29
86
118
65
358
57
180
311
4
321
320
2
148
316
75
452
371
15
29
89
7
239
447
139
65
22
350
179
97
145
316
358
388
175
415
141
366
119
114
181
175
44
42
145
237
915
45
695
431
248
67
187
106
136
332
143
642
687
82
34
36
168
14
458
135
266
190
195
257
97
752
177
260
116
70
30
278
357
56
73
650
288
203
572
117
173
30
120
90
31
162
252
161
722
275
85
42
21
151
296
325
370
184
94
95
138
563
30
217
36
213
2
149
198
264
138
134
186
225
219
46
45
133
5
13
549
709
141
234
41
364
14
137
82
151
7
11
168
73
272
135
160
139
204
192
533
122
92
3
547
16
678
324
581
129
311
74
95
257
41
84
259
20
178
73
19
356
23
400
13
466
33
99
64
227
56
412
143
7
191
169
216
342
201
14
103
47
237
880
570
352
210
15
223
44
97
358
11
109
192
148
185
182
151
190
81
560
78
149
111
8
65
329
176
58
107
140
327
258
100
461
869
624
210
106
42
100
129
300
427
10
8
78
9
179
3
139
118
416
387
101
621
96
87
126
53
155
150
47
191
101
139
547
180
194
99
131
221
62
370
514
685
76
79
36
121
114
246
135
11
503
67
463
182
80
338
98
372
247
215
406
141
578
189
16
163
40
159
942
250
278
120
35
106
220
463
152
24
4
231
25
75
87
148
12
14
132
187
135
98
197
655
299
94
114
65
103
100
354
64
59
33
26
49
121
7
99
212
143
151
172
841
1169
21
71
609
126
70
310
202
328
153
1151
14
326
82
64
6
18
83
194
40
38
5
1163
8
425
93
189
561
295
112
236
195
390
2
254
110
80
115
154
301
120
235
95
12
112
254
48
89
99
86
116
89
55
179
84
298
186
232
74
178
177
276
69
170
142
86
113
59
114
401
91
424
200
708
35
138
250
17
86
261
224
20
4
87
157
83
123
60
430
618
72
448
341
212
203
308
382
35
17
54
38
38
57
284
214
49
177
109
77
41
26
172
100
678
533
43
296
682
1189
69
14
413
57
194
515
147
84
40
446
41
39
192
148
36
141
44
511
734
270
78
139
5
74
71
19
16
183
91
45
100
625
202
184
388
212
1
616
590
89
202
256
452
10
29
12
405
331
584
508
150
160
38
22
329
9
62
105
58
68
356
240
279
222
7
5
8
407
271
161
281
909
3
150
133
439
696
587
153
37
262
55
397
308
104
169
638
314
340
17
9
22
4
263
104
344
42
686
63
19
2
632
745
416
28
177
384
258
317
605
197
530
55
162
238
13
520
543
27
93
61
553
248
931
351
89
507
114
299
35
27
87
116
1
403
1
302
66
200
113
269
112
354
319
28
205
121
366
24
349
38
560
411
455
56
279
194
53
21
420
116
110
435
152
32
23
460
240
258
16
35
255
103
78
10
330
7
92
68
109
320
126
39
1094
452
754
86
5
53
181
590
400
312
218
169
89
246
71
292
204
236
151
141
34
383
39
102
86
155
234
14
584
73
223
119
99
158
68
117
68
690
69
242
121
106
450
463
102
36
41
96
368
97
73
119
31
199
28
52
32
50
220
94
107
104
383
138
73
1
6
222
407
184
276
330
8
376
49
79
13
7
733
406
220
124
32
135
516
269
490
20
64
187
118
146
211
86
3
15
65
110
137
443
558
92
1310
552
93
195
349
2
187
71
126
174
341
165
462
376
182
214
379
295
31
46
63
148
84
390
277
27
41
507
17
231
143
812
217
737
153
50
2
355
29
106
12
18
86
69
141
124
20
79
387
60
146
130
127
28
1803
25
59
362
56
177
64
85
116
195
604
6
642
21
32
102
174
68
266
36
206
50
870
882
43
35
118
297
139
414
131
320
1100
299
75
183
5
131
205
449
111
543
226
111
111
226
256
6
269
79
17
345
118
449
129
326
146
8
254
275
155
322
344
250
154
659
71
6
112
195
399
14
4
7
55
244
10
88
71
290
55
94
62
68
354
343
42
1
153
76
96
361
110
200
24
296
225
64
43
601
249
3
244
74
184
141
201
200
68
135
157
91
161
292
14
1268
51
130
114
102
163
331
254
478
67
254
13
180
74
286
160
111
127
190
5
321
106
104
121
41
612
108
48
73
1294
71
368
193
100
76
194
147
265
327
196
12
186
94
129
144
38
650
156
256
204
89
292
112
147
58
418
168
44
114
35
304
270
53
159
5
119
279
58
195
14
13
171
179
47
426
58
177
387
412
495
79
141
31
923
330
378
8
231
45
143
330
79
247
306
72
268
76
369
38
491
224
101
326
207
8
59
137
97
178
306
647
5
589
237
371
354
62
36
50
57
249
263
301
278
255
747
245
162
334
95
516
72
90
104
259
140
32
60
114
604
3
52
36
319
144
39
71
147
375
14
264
150
675
9
159
169
38
3
26
268
10
44
83
42
20
198
927
105
421
15
441
31
15
72
432
303
37
61
74
99
78
2
696
18
8
682
70
2
28
112
228
192
296
304
245
122
956
113
52
49
110
436
5
50
233
674
1337
21
64
191
214
391
38
69
319
15
49
95
34
98
97
186
1059
26
671
666
67
15
473
8
157
96
39
58
632
165
146
5
378
130
107
54
18
118
185
10
160
53
3
131
58
26
118
290
31
287
341
504
73
20
102
140
138
554
291
10
316
195
531
26
57
52
100
126
74
280
154
61
7
476
37
362
214
248
156
778
222
216
270
36
651
227
276
263
30
150
7
140
181
630
2
271
126
61
52
1
2
135
192
282
145
7
196
85
111
288
191
35
178
147
90
163
112
17
638
129
655
96
7
42
101
49
164
52
62
18
35
406
358
121
45
46
270
28
160
58
169
718
82
13
97
205
152
73
358
203
277
77
605
77
10
5
44
30
23
280
388
313
208
119
105
151
92
26
497
79
83
30
18
28
18
66
1
502
76
633
67
312
163
244
159
286
169
61
710
164
448
84
520
16
90
123
77
244
498
387
258
81
178
574
499
24
651
61
414
368
1513
104
387
15
155
474
219
254
77
144
216
106
426
384
199
50
46
668
26
12
91
192
74
122
28
557
1352
462
314
70
426
135
19
433
177
21
169
11
231
319
51
254
38
253
278
1
180
22
68
94
85
283
572
119
68
184
1
272
50
166
24
142
97
156
74
746
135
183
57
22
122
44
118
39
97
179
462
82
471
45
564
116
133
15
188
54
272
61
129
77
118
62
41
415
47
61
183
185
157
96
429
409
71
245
86
143
30
57
120
59
28
171
254
60
1
89
7
249
53
152
5
733
140
62
800
49
212
146
26
7
237
86
142
3
1209
251
151
247
60
870
54
1037
71
435
100
62
80
15
188
121
296
19
86
89
43
478
46
43
131
288
59
414
393
141
414
5
337
46
315
19
148
48
331
207
466
100
592
56
404
283
118
424
390
48
93
125
67
208
61
74
508
11
183
18
522
566
120
56
128
274
37
77
231
106
119
28
500
547
181
78
873
12
93
59
119
299
52
200
143
3
70
488
229
5
692
655
276
375
111
396
37
142
469
104
126
37
32
49
301
642
286
711
6
240
541
232
716
55
63
155
175
209
32
45
528
508
103
33
32
139
244
472
163
58
125
243
165
37
190
150
98
139
19
2
71
147
102
27
79
220
17
48
38
63
102
48
73
171
34
200
495
66
493
57
301
82
153
478
194
41
66
145
26
41
117
175
15
114
281
90
418
244
119
5
514
243
81
342
496
105
237
270
337
209
103
186
112
242
4
14
66
16
70
134
339
54
475
46
178
124
242
9
123
184
98
229
120
393
635
280
84
117
254
32
170
39
52
154
173
459
7
161
28
333
151
178
313
126
305
250
15
248
218
205
94
44
27
57
80
276
2
174
196
68
30
408
437
143
38
119
289
13
509
22
268
117
167
329
346
70
178
72
240
97
304
134
101
510
26
24
24
127
505
249
66
34
17
64
112
104
271
177
1025
508
57
308
204
25
248
755
35
251
14
140
194
300
495
279
289
329
7
6
77
50
402
104
69
371
450
11
350
244
33
9
272
322
305
4
82
16
893
301
148
80
38
43
640
66
208
119
43
128
280
17
114
68
259
281
24
274
32
62
233
85
83
281
618
192
150
165
71
213
31
261
20
80
18
178
324
95
63
113
383
28
99
243
492
11
22
247
215
382
197
72
177
89
659
138
9
427
239
146
668
68
203
44
150
139
43
61
47
210
324
104
102
179
61
219
41
971
77
11
79
272
82
456
14
406
102
457
435
242
258
81
276
136
209
98
606
49
25
24
44
290
766
481
568
60
505
19
204
228
107
109
680
180
137
29
200
20
272
109
365
298
62
317
5
440
16
88
626
122
233
101
296
135
59
83
15
26
27
116
203
300
31
65
486
39
161
112
292
86
328
94
253
100
42
9
31
42
156
1171
185
304
629
248
445
232
322
505
359
301
383
147
144
9
865
594
624
376
36
162
501
7
26
495
334
118
177
163
106
43
95
11
110
88
44
918
135
72
142
264
284
105
74
132
165
78
31
181
91
169
48
195
140
213
552
9
417
105
292
34
26
323
204
23
107
522
442
148
127
98
886
238
357
309
480
341
12
168
147
51
402
446
316
18
472
324
52
180
30
89
61
1
147
2
22
174
9
376
278
529
240
17
169
169
146
68
70
92
53
338
283
228
221
640
52
273
132
36
225
60
69
659
334
188
359
446
61
280
57
12
243
41
3
193
72
673
269
415
76
75
69
45
46
215
116
142
10
269
161
147
235
165
137
133
98
354
58
205
80
267
113
20
447
185
52
79
584
81
456
23
11
38
107
571
538
239
76
411
2
163
106
274
103
419
97
299
38
395
523
148
53
135
126
17
230
365
24
197
965
674
390
29
319
344
271
92
264
39
483
733
19
6
77
333
208
111
13
68
167
56
1018
475
193
336
242
269
215
456
106
7
206
1
614
242
13
128
98
439
24
78
71
82
128
78
140
300
990
61
19
13
44
398
159
59
393
89
571
100
193
27
365
35
342
112
913
34
172
227
111
3
72
44
6
15
171
649
36
321
257
69
144
266
453
583
211
25
9
187
128
583
176
46
17
243
36
14
55
109
70
84
491
83
55
254
23
428
6
328
124
28
361
62
360
155
263
14
84
32
698
461
8
470
316
39
310
125
8
175
116
6
96
246
404
167
183
204
5
16
223
13
156
23
11
294
7
70
763
30
192
17
37
107
386
91
245
107
173
81
146
138
325
21
51
90
64
131
285
165
260
155
175
64
140
38
330
56
157
110
29
109
121
282
421
37
191
4
1206
202
8
69
103
36
2
86
113
54
19
665
347
516
206
291
9
81
108
389
61
679
69
540
484
145
311
23
13
5
127
33
166
476
263
109
47
308
45
18
349
186
54
1079
190
4
213
362
162
132
80
307
69
13
209
113
57
94
152
33
104
239
9
205
146
204
40
439
38
104
1298
47
121
19
187
207
219
706
27
111
373
71
57
224
134
135
127
25
70
68
165
1
71
267
111
642
43
174
416
658
56
484
133
49
172
209
14
16
56
285
417
325
386
242
33
82
37
14
15
304
111
430
258
430
399
156
41
39
31
352
68
1
21
8
49
44
224
180
119
156
77
45
47
356
273
661
924
227
89
119
57
334
52
32
359
19
558
85
84
575
28
343
373
124
27
89
47
358
119
168
158
102
180
618
429
686
451
237
228
241
335
27
57
42
145
102
225
5
17
55
104
148
33
83
601
428
115
69
636
104
338
170
28
19
131
151
29
61
467
376
23
137
1
118
319
133
75
72
1691
38
162
32
82
284
107
145
726
480
397
23
111
304
494
565
556
34
24
65
219
90
177
257
27
58
24
179
20
408
402
405
152
26
91
366
169
19
84
336
59
65
594
466
7
112
22
88
226
51
83
97
208
139
802
650
162
57
11
180
324
22
207
120
632
162
49
540
4
163
174
11
21
331
651
203
230
103
620
369
4
6
264
439
251
144
84
160
43
393
119
78
11
157
80
273
560
57
156
434
10
305
1016
98
302
113
435
22
270
88
62
293
188
97
177
226
773
344
31
343
316
163
205
137
116
30
350
316
22
12
134
1
141
968
220
78
158
34
112
552
9
153
9
377
13
46
475
126
4
119
16
117
19
462
239
224
8
111
59
784
10
608
520
110
240
1
457
241
189
20
2
195
431
303
146
30
593
139
110
356
419
2
11
115
304
159
101
61
97
159
626
7
81
844
117
32
107
51
48
249
34
120
290
133
10
149
32
8
353
93
172
40
15
242
44
36
152
57
56
141
132
53
135
6
138
73
83
1114
444
213
84
440
81
146
166
239
291
315
180
68
49
3
153
293
173
82
398
79
764
370
121
138
335
325
202
93
9
33
206
215
387
458
57
24
61
233
796
63
281
47
275
772
184
248
41
238
388
71
192
719
258
64
663
38
77
40
98
356
117
396
21
211
135
32
23
181
7
118
76
12
43
852
250
158
115
382
26
474
347
176
57
138
84
166
115
75
105
412
650
142
29
402
36
83
120
39
77
478
239
92
175
288
254
541
340
283
32
483
222
42
408
295
278
203
95
375
56
154
676
861
315
378
148
232
4
533
394
95
134
629
68
27
146
540
123
121
185
267
27
123
409
37
384
8
89
128
81
82
132
75
85
50
154
207
993
556
167
131
75
249
122
985
317
134
171
619
939
155
357
576
266
34
132
78
22
32
143
110
238
85
652
598
89
407
13
6
439
82
110
426
403
279
63
190
41
74
515
13
94
304
133
42
74
289
781
682
105
127
400
60
480
66
50
186
72
339
122
132
149
228
513
417
12
214
44
280
99
158
124
79
27
91
290
192
31
29
165
63
8
629
73
19
100
206
139
64
511
157
8
347
42
410
27
10
415
40
265
240
75
56
314
223
54
14
19
259
141
47
31
53
260
36
520
92
151
5
300
320
121
27
79
50
27
462
326
346
316
219
176
16
338
156
58
393
38
60
20
87
201
6
87
241
225
52
10
455
226
24
268
399
176
52
15
41
165
386
120
129
277
12
224
389
274
224
420
138
384
460
201
226
267
257
159
94
161
450
46
342
34
230
311
1525
131
24
55
166
232
486
65
25
32
446
33
88
475
698
118
8
230
162
309
51
862
148
320
308
138
136
34
193
60
194
12
173
296
203
3
165
215
85
47
245
388
71
94
51
16
380
115
296
149
94
375
402
150
274
447
77
26
584
398
27
56
435
97
339
165
57
319
249
187
149
469
10
51
983
537
128
1173
356
12
367
251
21
79
335
127
328
84
43
139
300
152
143
83
158
82
298
108
891
48
468
198
473
259
311
13
71
196
117
98
148
51
52
12
16
605
194
454
48
93
132
39
21
166
71
277
281
44
88
93
137
22
91
307
10
287
108
208
26
127
344
507
196
176
280
341
54
227
43
387
166
521
21
37
189
180
84
203
287
643
74
559
1619
148
220
24
181
338
62
260
674
246
207
60
545
138
20
274
22
225
290
92
162
224
311
631
195
126
379
30
485
87
52
20
79
279
259
191
70
107
145
149
532
318
68
3
85
8
283
10
322
79
543
108
756
1071
36
137
5
59
93
89
205
329
156
64
437
69
322
61
727
320
41
256
245
107
128
298
364
2
22
102
9
55
198
632
250
1049
214
46
74
55
320
91
131
133
152
101
241
376
137
1006
169
533
30
130
172
121
61
22
136
518
82
603
31
55
26
503
267
136
164
715
159
513
91
47
12
60
79
371
92
90
281
255
22
135
19
106
109
6
14
148
131
4
136
77
941
92
7
43
26
6
1
35
111
8
213
445
18
258
431
125
19
855
410
77
234
423
175
192
249
129
201
151
14
57
127
177
20
446
80
205
6
395
651
177
47
145
177
102
95
44
5
173
215
20
131
202
156
48
5
213
145
84
13
177
187
67
977
74
155
69
74
20
250
687
59
163
286
148
114
226
370
243
99
732
124
63
164
133
658
80
205
164
135
102
311
27
164
144
205
140
1
61
198
86
152
10
154
356
155
116
323
204
131
1294
133
476
129
80
113
212
87
306
151
349
448
202
183
159
126
11
360
220
297
260
66
40
522
141
78
207
179
397
209
39
97
161
212
22
65
71
285
444
45
377
189
110
169
61
193
51
727
261
360
283
251
346
184
77
115
133
618
238
166
188
63
30
269
160
16
283
8
109
162
507
20
146
214
306
648
242
77
136
334
19
278
45
69
469
64
128
239
362
200
35
237
252
75
87
352
458
307
151
143
37
38
113
250
141
67
340
22
184
143
216
330
102
152
456
167
159
78
77
113
28
98
221
337
116
283
186
6
52
210
162
12
49
73
18
353
55
595
451
194
348
88
1
433
206
726
48
41
158
24
137
123
212
22
83
87
57
552
217
321
420
99
113
195
131
1255
141
74
403
627
396
271
122
87
290
13
150
251
775
101
486
91
194
237
108
139
270
78
362
150
57
249
490
167
52
280
15
201
69
25
60
121
6
66
315
86
36
116
128
54
140
9
419
28
63
32
32
33
518
83
25
156
14
109
26
173
132
176
81
562
1
72
1
111
38
206
90
153
95
51
195
402
162
161
443
329
1085
495
69
126
104
190
49
84
300
224
923
227
46
372
351
908
41
4
103
247
157
362
448
116
164
253
360
295
95
625
195
32
76
45
3
242
35
562
133
201
4
76
278
622
400
392
81
45
80
139
132
805
393
123
87
572
351
73
235
684
226
414
633
52
253
66
45
623
209
253
135
126
102
66
83
86
106
158
365
79
488
19
823
291
74
241
488
62
64
127
133
75
202
147
2
133
214
159
119
38
307
537
4
53
134
185
105
199
59
108
168
129
94
49
93
111
157
85
701
696
601
316
54
140
456
243
19
240
163
129
17
30
645
37
15
219
348
105
82
112
66
171
614
19
27
102
347
37
234
298
30
666
439
583
227
19
174
349
279
787
334
200
30
132
8
181
416
376
513
486
50
47
356
256
209
684
155
60
55
10
83
633
58
140
17
236
62
121
63
427
284
320
306
230
96
230
82
859
409
45
61
112
403
66
264
33
148
55
660
141
55
633
160
125
89
39
135
446
38
357
4
125
19
617
326
98
67
12
213
245
254
137
69
90
336
321
63
271
221
96
251
559
34
206
388
119
262
526
11
138
68
72
86
279
558
184
38
179
9
285
61
247
72
363
110
49
75
287
45
804
101
50
17
125
10
230
59
222
388
8
218
163
50
303
58
149
264
54
34
56
171
327
430
159
249
232
9
173
79
2
278
575
52
496
73
14
234
142
49
128
118
30
44
47
72
7
41
34
23
232
903
97
143
8
260
91
64
364
143
31
159
52
190
70
502
817
190
365
170
98
223
321
110
43
135
234
173
216
16
185
497
31
430
31
46
34
124
453
146
115
32
229
97
580
594
70
113
64
44
621
472
115
7
41
546
146
87
79
340
26
79
113
55
28
3
276
258
235
51
130
45
680
55
16
643
154
100
323
582
815
49
235
196
192
36
282
85
297
163
154
140
247
323
312
90
143
145
147
400
6
197
7
70
60
11
71
26
49
9
61
408
212
318
107
94
259
108
54
54
637
379
365
368
164
359
111
326
140
142
407
29
98
273
17
986
134
339
102
112
10
128
254
348
38
7
174
150
107
183
574
105
110
578
372
279
213
52
226
70
217
15
74
279
362
27
267
246
37
259
158
37
523
250
332
210
285
995
277
37
37
898
308
429
378
149
59
421
347
60
130
305
436
58
113
224
69
299
244
14
36
598
781
81
189
65
289
104
995
248
168
21
79
83
63
460
65
55
399
173
264
216
88
115
110
14
564
164
142
42
68
499
227
196
11
210
233
29
105
92
312
42
300
374
13
397
133
494
16
247
167
544
456
208
113
207
388
142
195
315
17
74
95
80
60
380
43
162
180
265
34
8
105
101
48
212
101
58
29
187
719
149
84
270
225
456
108
3
26
151
89
130
122
165
124
177
322
244
550
46
186
839
5
27
119
65
328
132
44
212
135
409
6
55
64
145
62
164
196
92
134
12
27
114
506
361
196
44
154
52
477
129
374
64
187
168
391
265
173
3
38
240
116
341
213
97
150
136
250
57
612
279
173
784
992
46
186
134
156
422
10
111
349
644
67
118
25
147
538
211
208
209
410
130
121
307
183
119
94
198
475
9
463
112
88
36
28
9
132
85
131
173
61
67
139
729
262
342
83
87
72
413
50
138
237
159
181
77
628
459
37
179
174
142
163
415
27
116
306
523
94
242
73
122
116
277
368
159
362
42
217
212
587
49
188
104
423
581
151
44
38
37
91
299
74
214
186
316
155
186
75
163
553
79
128
437
44
268
373
114
22
325
14
54
42
123
46
513
143
37
141
102
5
215
144
69
142
806
78
23
177
112
36
85
229
119
7
130
133
29
187
21
402
100
27
27
236
89
140
79
146
39
94
30
201
268
57
676
118
119
172
584
189
210
405
110
611
294
199
8
185
314
75
265
77
33
1
167
126
203
19
187
220
108
170
367
132
273
73
86
52
130
359
223
69
699
14
208
589
125
140
186
44
154
56
56
132
269
127
6
406
802
205
131
172
309
30
33
96
851
146
245
329
696
34
388
209
14
131
176
242
37
132
115
58
35
299
59
54
69
410
44
180
12
543
93
245
218
241
545
132
269
322
5
743
69
43
70
12
176
531
151
20
917
1032
1
20
108
95
24
69
104
36
716
227
132
359
113
88
440
131
64
70
58
38
1298
94
65
42
1941
53
29
81
134
380
142
13
1
101
9
188
423
48
33
431
130
144
391
72
151
224
298
70
126
216
262
270
13
132
53
789
46
50
70
235
41
155
293
68
82
40
266
28
83
103
14
39
11
344
279
99
58
210
21
161
8
292
90
247
87
197
508
2
87
112
191
23
15
170
67
438
31
330
35
230
865
23
34
286
59
227
238
58
463
25
25
60
259
33
71
95
261
756
181
71
25
184
192
305
73
46
8
217
288
781
596
26
10
110
459
686
403
139
43
26
141
277
153
2
134
233
214
28
296
159
625
126
98
347
309
1310
300
153
132
1
293
276
249
94
123
65
55
251
428
9
248
84
330
16
158
1122
138
182
150
122
301
44
42
264
62
150
173
31
18
142
155
450
581
140
4
130
418
122
177
144
146
107
237
83
62
121
328
1
34
117
689
529
288
195
543
462
16
134
109
232
161
476
182
518
71
776
106
162
226
173
347
126
47
12
161
202
14
21
115
107
15
29
1
51
125
93
75
95
92
349
241
46
50
92
144
63
10
61
103
345
608
24
72
65
185
290
215
380
22
12
7
44
16
511
200
23
81
356
475
34
460
1
306
89
368
91
191
235
203
292
126
181
147
92
365
53
173
223
91
237
950
52
211
490
52
104
333
114
156
54
295
345
212
344
1
468
456
47
239
164
261
63
12
65
476
139
257
50
51
60
795
699
16
87
351
263
313
145
130
35
819
214
112
167
354
115
211
238
176
15
6
351
45
416
178
93
92
141
249
257
374
83
317
172
105
3
163
103
60
156
152
81
63
4
405
35
373
84
1
227
339
593
82
10
34
9
118
126
411
51
7
338
746
18
12
142
286
202
74
63
83
24
370
19
259
17
160
768
83
93
71
439
52
239
347
91
463
167
816
59
23
85
93
36
90
2
951
372
198
137
3
66
607
42
58
218
103
122
104
830
37
247
263
124
37
2
36
144
806
179
149
144
130
101
460
6
664
630
308
294
51
243
18
671
58
20
165
98
13
178
351
267
104
426
134
195
249
108
137
353
33
185
90
26
24
276
57
63
708
29
183
163
129
50
100
122
181
132
161
227
43
299
230
98
85
281
243
234
208
73
112
54
96
113
280
8
386
194
143
80
308
15
165
170
7
376
66
128
168
89
672
12
1552
35
74
227
139
157
137
17
132
451
7
58
393
58
535
83
63
15
61
58
6
216
290
65
62
53
163
80
710
13
146
27
104
251
142
618
185
325
567
71
118
60
397
973
1
173
20
37
201
1
154
225
155
28
66
51
60
400
140
566
350
69
443
180
10
65
161
32
184
114
20
590
131
73
525
36
117
64
103
305
612
37
373
356
96
10
29
13
337
17
406
331
93
14
266
59
67
141
40
307
219
228
684
257
59
314
249
14
5
157
1173
148
584
34
35
157
350
80
83
153
125
11
411
7
14
300
222
1067
46
504
186
853
40
28
161
107
33
77
37
180
332
540
807
351
11
103
522
51
95
54
388
129
118
323
44
71
174
29
68
329
181
418
140
126
283
248
325
459
64
79
251
53
20
83
113
52
110
41
12
447
273
94
200
336
256
44
1
448
341
47
30
288
765
172
5
154
49
242
207
35
115
21
56
14
94
1031
97
85
559
195
539
33
403
233
171
171
725
588
473
240
437
104
281
8
178
14
303
20
184
256
695
61
42
298
24
296
95
132
378
465
44
235
104
44
451
126
165
413
184
185
2
41
27
129
199
445
96
52
392
203
39
264
205
94
304
78
32
192
10
256
332
248
139
44
313
345
46
86
115
510
254
165
395
108
17
145
52
234
5
320
336
59
111
9
134
276
44
166
205
126
156
809
48
224
443
312
425
108
95
74
4
5
37
13
140
12
147
659
750
427
482
87
219
200
9
71
75
270
28
34
91
297
55
419
728
315
25
717
531
632
53
222
19
173
139
42
112
89
116
185
67
3
33
75
472
10
603
136
425
315
960
188
158
179
272
89
778
36
207
18
218
5
313
21
103
17
917
402
185
37
9
166
145
262
173
554
137
91
68
692
533
118
507
63
439
166
404
258
18
687
220
76
65
298
73
186
227
23
201
409
127
513
285
75
2
285
265
83
392
12
104
104
37
81
292
81
167
523
209
194
24
136
18
232
113
768
54
156
188
84
30
337
523
219
53
217
16
542
436
125
458
39
428
350
63
39
22
360
48
145
84
6
379
23
152
16
60
898
63
185
381
165
555
34
87
4
79
297
933
38
5
23
758
94
144
185
413
320
49
213
555
281
108
67
13
68
85
45
90
281
74
357
7
199
40
45
177
47
26
33
1163
136
372
487
535
466
73
118
181
25
25
147
78
217
169
11
130
177
180
192
327
341
130
191
280
142
264
19
570
11
507
200
75
1
298
89
13
183
137
106
4
28
152
1061
105
381
249
89
317
221
12
263
28
76
24
226
171
58
41
339
45
610
57
107
24
466
621
292
32
448
151
461
231
591
472
137
247
151
699
165
228
65
53
315
84
763
299
20
7
1
362
49
186
505
363
5
160
136
57
76
109
339
17
215
26
288
104
64
48
138
237
91
292
60
85
444
496
28
57
65
198
3
252
645
420
160
210
85
277
36
52
3
180
872
7
294
328
397
491
113
91
33
120
338
218
161
80
655
320
232
146
855
359
190
167
172
46
7
394
178
319
102
43
250
375
195
135
221
46
200
7
479
19
128
6
74
560
41
371
308
102
36
330
80
19
53
377
112
55
34
400
80
277
297
36
27
351
150
305
28
264
157
18
137
300
11
111
174
30
67
62
806
184
216
160
277
326
100
271
255
23
70
65
126
201
655
408
310
211
23
120
63
311
38
23
345
67
12
411
248
293
14
231
5
280
423
102
8
88
251
32
143
102
110
531
59
118
262
294
20
462
87
60
161
266
39
395
90
554
61
329
26
75
373
504
48
226
25
51
81
19
472
228
236
39
23
415
69
32
546
7
63
200
391
42
309
460
77
346
114
153
6
445
174
49
6
139
245
215
58
26
23
79
296
228
2
690
141
97
145
220
152
162
100
92
329
115
26
176
119
42
44
83
75
2
45
449
24
225
141
122
292
99
41
83
48
45
8
300
94
562
47
488
166
567
99
20
728
111
10
12
142
408
217
17
218
57
114
267
235
108
119
70
270
167
263
99
49
4
47
14
12
60
1002
279
39
148
3
65
263
311
104
162
155
141
224
671
52
546
17
20
121
107
50
400
362
100
60
239
410
194
317
301
140
61
376
5
182
86
422
368
9
98
94
66
225
118
521
218
273
185
67
70
40
15
88
81
77
367
192
120
89
51
484
75
55
20
18
153
35
40
114
41
127
69
133
107
31
285
634
75
158
2
150
195
273
144
49
81
8
19
1
332
579
286
146
156
101
27
88
13
66
142
731
39
35
317
183
20
60
55
33
148
161
26
206
84
25
177
7
630
118
156
652
463
1
415
106
334
238
529
221
85
131
152
203
31
392
107
541
114
115
100
257
93
68
29
324
231
89
387
382
305
177
346
94
347
994
549
56
542
122
76
92
23
92
39
105
451
483
421
9
145
42
118
277
102
399
122
149
374
197
184
177
371
20
295
127
205
127
7
140
42
177
72
31
5
205
18
