184
26
554
89
1803
67
154
253
25
82
52
2
100
58
191
86
57
2
173
17
30
55
284
58
154
34
17
411
154
211
375
164
61
499
71
222
391
91
41
145
53
60
59
264
71
390
39
113
522
127
337
43
77
38
99
144
7
195
109
332
92
299
796
160
83
360
48
191
642
72
148
138
5
122
155
107
34
29
36
523
70
22
334
41
97
490
46
85
111
172
288
78
224
406
5
100
34
215
12
321
53
13
96
522
123
302
69
34
106
133
26
641
254
163
94
100
11
11
48
135
53
50
59
273
46
117
40
45
25
457
12
72
43
365
540
7
184
311
173
148
23
151
535
198
216
45
32
201
207
98
277
220
12
130
414
424
69
52
3
12
267
304
68
218
605
10
238
2
185
291
72
163
435
23
346
1004
224
27
193
42
14
553
144
161
189
904
120
1
419
39
108
2
192
59
210
468
50
76
151
6
251
251
47
287
719
66
92
20
104
27
27
320
344
574
152
322
230
25
209
378
132
122
206
15
120
778
470
141
72
134
205
51
67
86
442
25
43
79
131
532
183
264
369
233
2
398
41
7
37
541
836
200
53
121
64
54
5
85
212
108
17
202
172
240
272
24
307
13
657
269
110
129
19
43
315
155
77
94
42
355
10
56
340
7
366
299
55
122
51
119
82
13
12
9
53
150
197
35
37
144
70
55
319
220
329
123
369
143
8
92
190
285
103
164
85
43
190
57
342
214
6
24
55
80
72
49
363
277
163
92
36
377
318
281
160
107
297
49
239
51
9
654
395
84
103
25
190
261
121
483
199
265
139
418
138
171
137
418
761
95
59
80
269
507
218
118
717
182
23
400
485
296
329
134
233
16
75
409
143
261
388
7
202
159
332
1
17
197
478
684
172
100
151
88
244
11
234
226
241
13
4
148
426
253
101
138
42
109
135
136
294
274
490
19
31
525
48
124
331
305
103
210
456
267
68
132
250
5
61
9
247
194
334
5
375
19
127
286
319
329
100
95
673
322
74
303
319
225
12
615
85
327
114
73
163
81
152
123
62
20
89
88
78
13
431
515
442
97
67
62
73
206
166
198
147
97
76
6
182
164
315
450
43
526
11
150
141
13
87
283
239
944
163
204
47
29
262
139
565
170
230
51
355
70
207
17
235
122
329
702
423
75
627
108
241
384
470
29
9
305
560
165
45
478
5
30
93
164
538
271
294
19
24
12
380
21
93
65
180
119
58
647
79
208
40
93
14
278
52
37
331
75
170
304
320
142
145
79
37
7
38
91
924
367
183
106
39
92
167
134
38
58
239
172
642
53
43
80
77
61
383
415
317
119
197
9
92
508
101
423
70
46
51
317
13
45
302
34
676
93
34
238
51
54
327
187
33
250
333
175
86
135
46
264
80
590
168
232
196
277
186
244
313
247
597
41
69
2
411
91
256
90
34
187
98
54
342
15
191
243
598
30
411
4
73
114
17
156
650
303
28
13
237
516
9
31
76
102
339
172
237
85
69
158
222
205
31
162
173
43
103
304
193
257
124
439
290
438
15
521
125
22
66
100
316
420
303
14
94
6
201
233
214
192
390
24
474
566
342
666
145
112
498
138
493
306
150
192
315
51
218
294
345
35
82
280
203
27
16
4
64
94
171
179
287
503
641
46
35
92
176
245
215
117
466
93
8
133
79
41
42
316
163
246
426
36
96
192
159
117
82
138
59
125
77
1342
187
47
128
589
346
138
121
135
197
27
119
438
64
249
620
9
85
36
326
84
173
12
86
522
117
352
81
754
211
9
97
22
97
217
191
113
95
200
66
136
203
175
783
141
2
14
90
25
58
24
319
58
580
138
5
21
357
138
35
458
457
166
30
162
421
225
609
247
102
306
294
91
137
30
66
208
248
398
79
314
135
212
63
687
23
389
5
2
347
433
63
222
146
48
308
131
126
395
100
331
166
234
125
50
187
81
124
244
633
33
133
524
54
2
73
3
66
54
344
3
25
207
120
221
26
440
97
128
27
11
42
259
202
325
280
205
667
545
891
9
107
231
74
380
60
190
78
388
299
116
256
530
1310
208
367
55
111
48
351
178
107
73
544
111
128
71
404
230
35
511
222
918
354
564
26
89
499
30
20
607
1
2
426
9
90
800
489
242
53
145
387
90
138
427
169
360
6
13
430
408
94
137
212
377
13
25
16
248
39
121
258
252
124
41
71
25
232
645
136
82
117
384
11
313
28
65
95
393
86
247
256
43
98
16
114
431
12
27
41
207
174
219
225
152
272
579
333
91
9
24
274
101
9
1
375
84
214
44
806
92
172
167
32
23
168
70
377
82
379
185
70
90
65
19
271
282
154
730
23
135
21
39
40
22
26
123
142
617
4
168
89
45
569
229
286
159
424
3
17
105
171
462
21
152
1803
59
14
247
194
228
252
213
26
28
211
209
394
113
33
7
278
153
340
35
300
345
4
472
431
73
211
65
122
19
29
70
18
518
30
231
411
42
3
134
637
32
88
42
151
373
268
118
816
124
4
6
139
128
49
11
263
125
113
18
340
633
304
60
123
15
305
567
60
85
47
19
14
202
354
382
138
89
14
155
116
540
655
158
198
360
134
76
37
1
202
566
15
4
62
138
203
424
39
248
372
247
91
7
131
50
656
267
51
81
309
27
113
277
1059
112
295
359
342
141
153
210
341
534
257
135
213
166
264
293
358
43
305
167
99
87
367
264
799
473
62
386
98
132
409
530
328
89
199
24
7
445
286
89
424
22
95
80
394
125
122
91
193
158
79
492
6
161
95
55
123
101
63
265
45
90
61
251
112
843
1
6
326
49
95
71
14
128
259
43
204
232
22
145
265
486
335
130
405
190
494
4
75
47
728
136
104
769
244
165
55
534
302
214
205
232
140
381
640
7
164
127
177
41
171
68
262
101
231
233
87
737
410
167
317
75
50
94
5
5
433
32
621
306
574
323
467
805
384
199
138
262
286
60
33
93
87
704
138
14
128
246
281
162
60
180
145
210
541
83
493
205
20
91
208
21
171
750
313
58
267
122
600
138
73
96
192
31
146
14
64
706
323
106
45
262
226
8
109
29
30
14
318
126
46
81
252
104
368
108
86
23
12
93
564
51
62
95
24
387
279
71
204
25
98
99
213
87
80
12
321
201
615
645
49
177
234
95
500
44
3
17
125
205
73
206
113
298
323
142
192
82
78
188
145
131
9
649
528
272
2
3
68
1
178
29
169
166
193
12
86
543
117
199
412
102
171
277
257
760
38
276
580
424
19
35
38
3
226
34
226
232
22
141
395
11
86
112
22
112
210
30
118
12
179
126
32
104
159
99
128
201
262
316
285
58
143
81
49
201
68
257
101
117
178
83
374
168
198
100
439
227
8
187
916
623
1239
237
246
33
140
133
222
144
502
13
167
231
202
253
187
51
673
29
111
265
9
157
469
73
512
73
398
67
197
227
24
2
74
32
341
183
74
38
213
86
66
229
251
425
24
31
205
204
465
171
620
282
199
91
10
763
340
35
317
225
395
297
67
162
59
92
177
39
113
328
23
374
117
143
101
3
39
201
646
242
95
614
3
38
25
62
199
67
952
220
72
288
299
156
75
453
219
196
651
299
527
655
11
231
29
25
211
250
217
121
161
46
290
456
127
24
379
552
85
420
50
59
361
505
1239
368
90
75
124
466
270
292
121
115
396
141
38
309
88
21
918
15
275
476
153
277
9
39
309
65
54
99
91
16
244
874
279
285
533
10
214
474
165
851
58
54
57
499
130
154
55
269
41
39
49
156
57
171
69
115
126
106
233
107
99
1113
12
65
381
182
403
76
90
12
466
265
35
182
60
142
11
19
400
231
386
232
763
323
165
33
194
112
5
224
112
145
87
185
413
169
246
415
89
71
304
139
20
307
190
684
73
342
1264
438
209
119
47
261
101
88
51
812
66
35
43
199
150
53
101
46
1108
25
79
80
553
32
48
19
74
95
204
4
27
94
144
22
370
3
11
210
37
366
17
69
89
22
71
12
104
13
289
340
22
197
71
506
132
781
8
105
160
51
394
200
332
216
427
192
160
357
293
4
87
391
13
2
316
47
58
595
337
130
315
43
246
70
344
348
48
439
278
279
230
138
135
501
310
28
135
6
247
348
88
193
81
824
47
316
91
425
169
149
401
507
483
309
40
295
227
115
235
530
518
30
105
384
82
46
360
48
335
218
24
96
99
122
379
284
206
6
234
2
88
49
1
322
206
305
263
40
57
93
353
28
53
72
62
103
320
6
15
70
109
164
98
89
10
282
805
236
173
319
55
552
74
226
3
136
186
17
106
26
139
123
416
131
116
239
209
262
418
34
630
274
742
128
1
18
22
629
34
62
81
505
79
134
256
303
9
85
142
69
24
207
2
278
112
587
104
137
308
441
35
168
72
443
55
429
69
87
482
257
29
514
74
527
21
599
132
191
162
223
34
286
174
68
509
148
110
125
17
178
281
104
353
125
59
7
12
854
102
113
114
539
6
18
2
15
163
17
14
135
96
283
118
156
102
10
1
60
32
533
144
177
130
62
218
62
73
116
96
239
84
10
50
231
71
30
5
77
157
21
162
547
229
386
93
104
924
98
181
219
50
49
371
342
249
531
7
186
71
85
56
210
673
106
108
70
266
113
9
90
271
244
189
239
706
41
4
372
200
58
204
225
194
36
74
81
15
80
464
84
106
638
305
44
662
42
284
72
134
69
370
185
230
12
137
270
22
557
167
16
114
8
224
112
215
170
53
450
1600
392
354
160
37
122
50
104
412
147
173
122
9
2
73
37
269
315
14
58
63
65
68
5
89
197
347
69
1009
52
7
910
320
98
685
149
117
735
421
14
16
3
323
264
50
373
100
472
28
2
295
199
3
77
159
84
46
88
335
371
197
401
54
345
185
57
13
299
117
200
38
237
313
271
588
79
46
6
38
95
472
64
212
139
50
38
334
101
194
8
628
443
466
46
118
76
101
55
121
8
258
142
186
143
20
60
28
207
142
284
319
396
782
198
86
241
25
449
199
64
21
598
37
120
144
525
90
23
1
205
15
60
43
210
305
125
441
169
12
77
977
45
146
91
21
171
18
70
65
148
212
303
682
374
580
289
134
231
305
164
20
43
119
185
19
16
102
49
560
36
5
44
399
135
226
184
381
20
235
162
191
13
194
116
105
565
99
68
46
20
183
280
40
21
241
126
1116
301
55
34
367
998
531
86
222
263
249
3
225
195
175
800
100
129
93
136
117
508
43
240
97
276
320
132
194
9
158
120
384
245
43
96
8
130
61
11
72
1171
34
281
376
17
294
69
47
248
356
471
537
569
203
441
19
45
121
63
192
38
69
96
535
311
53
249
333
140
22
345
1165
81
198
243
136
371
392
108
3
225
6
88
178
198
185
759
264
780
269
84
49
21
361
72
380
497
111
235
71
114
27
94
82
271
385
121
172
291
11
143
21
57
15
56
660
15
165
70
13
174
505
215
72
478
228
128
170
612
555
172
128
19
182
214
55
47
206
76
479
37
29
572
21
63
40
230
121
353
174
100
38
125
88
441
187
35
488
95
104
262
6
85
33
296
98
348
772
228
459
79
32
359
138
74
898
164
213
146
71
552
77
8
140
14
138
112
247
405
49
253
1116
9
10
237
1017
56
596
61
36
16
196
53
304
5
26
107
20
465
446
71
174
445
6
52
365
306
445
97
6
151
404
106
84
220
117
8
143
267
82
166
274
64
487
142
35
123
174
69
17
11
98
71
52
217
164
36
74
917
40
176
349
21
268
179
302
81
275
142
10
612
41
160
6
29
597
82
126
82
9
40
599
257
258
144
3
229
88
63
94
5
21
174
48
3
69
193
898
276
182
631
320
14
271
59
210
130
4
196
263
76
62
160
14
190
175
213
161
388
117
44
392
43
128
201
29
35
178
14
1134
178
254
639
322
248
360
540
183
21
135
1
348
153
188
18
26
95
267
33
72
165
123
330
499
291
51
264
99
475
65
262
38
137
538
324
541
1209
442
13
46
282
361
333
125
177
4
235
34
207
11
34
166
204
194
41
11
1248
92
174
191
20
187
193
52
18
33
136
513
141
524
79
30
40
193
25
48
158
9
134
162
3
134
151
133
102
276
199
23
21
3
183
70
5
108
683
49
540
97
287
83
65
164
204
110
14
136
239
126
584
330
335
10
9
22
400
12
195
58
216
63
58
91
533
279
124
30
51
156
180
261
11
177
350
954
29
107
17
47
12
131
320
11
52
245
64
9
126
24
164
27
4
16
185
254
114
35
213
321
12
589
174
97
152
527
30
6
35
341
395
187
107
85
171
21
144
578
45
158
88
80
512
772
217
104
65
125
235
150
75
5
88
148
97
203
18
124
220
12
65
231
3
200
244
1049
50
398
218
149
73
617
66
51
469
1214
291
128
90
18
1071
252
189
4
51
237
123
408
73
28
80
16
65
104
23
74
178
47
32
391
447
158
4
238
238
37
34
685
259
369
490
35
92
111
45
184
846
55
52
165
149
251
144
213
36
253
233
287
117
189
55
42
204
123
283
69
309
93
325
63
34
111
646
90
155
44
43
37
42
66
19
66
299
385
17
754
35
240
61
48
89
219
370
162
161
11
446
89
121
422
115
406
440
129
137
121
659
110
39
252
180
65
102
232
344
4
89
333
245
297
75
722
33
230
303
57
141
125
298
188
74
180
26
83
755
174
133
70
339
82
46
362
40
7
136
157
30
151
31
147
125
248
67
119
86
342
83
33
178
37
253
376
237
58
96
361
235
232
388
368
868
2
318
248
33
243
221
241
497
157
237
12
76
193
181
30
47
15
65
279
24
897
1
704
217
115
50
25
146
16
145
30
19
90
577
25
507
301
43
22
17
15
276
747
89
617
200
203
236
66
336
26
185
20
440
711
883
173
22
148
36
93
80
78
118
35
24
111
29
21
73
308
59
630
142
110
472
145
274
199
137
29
210
513
331
846
180
549
37
585
676
1
165
158
30
200
23
2
50
184
203
369
48
435
321
458
205
28
138
118
61
459
5
34
578
111
238
149
73
9
104
215
49
18
379
488
276
100
368
90
222
46
144
154
18
199
303
113
68
114
438
52
128
78
102
258
81
130
118
471
42
167
203
221
260
467
101
29
551
6
29
144
80
96
11
11
14
82
883
547
13
60
11
238
203
395
126
11
481
151
125
221
91
409
144
307
366
39
306
46
119
11
41
182
152
430
292
182
64
109
540
202
6
27
39
5
849
176
314
46
58
198
93
240
539
109
101
209
92
51
334
128
1053
16
494
184
17
10
99
263
307
97
368
183
273
31
224
255
252
207
214
17
98
105
2
51
638
291
95
279
177
610
140
199
61
320
725
86
57
333
409
88
209
361
215
268
50
4
40
213
1005
70
13
112
353
21
115
340
130
164
61
112
58
405
20
246
455
4
252
143
296
238
95
247
428
126
11
332
554
12
153
7
621
413
257
368
161
147
538
100
134
155
169
388
170
14
9
17
149
199
51
182
402
349
71
97
130
15
103
106
379
33
331
101
245
344
18
281
1803
21
943
48
669
157
159
12
56
55
6
129
260
189
68
689
47
489
54
74
97
148
333
865
95
310
69
207
76
221
71
119
18
361
81
419
376
139
35
445
107
223
577
587
14
9
114
349
578
63
5
287
152
324
22
347
106
10
132
2
354
9
56
9
43
85
430
82
10
115
17
16
247
56
469
482
15
21
439
48
236
316
237
90
332
787
336
11
73
189
23
15
60
213
144
141
36
345
326
417
114
124
247
34
51
110
56
25
52
8
189
4
153
824
146
14
18
50
46
208
441
270
23
280
171
79
109
208
79
13
125
29
395
316
37
151
145
66
142
214
2
52
64
701
6
529
723
42
41
304
59
111
124
73
206
79
266
624
1052
26
125
118
121
20
31
264
69
116
192
130
128
725
365
24
62
211
42
75
287
93
471
3
213
10
303
282
21
102
211
159
957
111
361
633
175
14
13
228
202
669
6
61
27
380
27
57
239
130
144
106
322
191
5
89
347
5
18
32
14
511
48
43
422
463
36
38
419
258
94
27
129
8
248
133
225
107
54
62
102
251
633
20
52
59
63
90
448
239
15
27
91
45
63
17
371
267
208
59
177
17
317
212
324
112
23
176
158
28
141
465
493
126
615
355
102
702
87
210
253
63
491
510
6
416
207
135
316
627
575
698
39
130
4
581
80
276
26
184
97
342
57
899
146
232
102
225
436
312
572
607
401
292
59
94
77
533
29
320
88
115
42
222
80
194
243
299
132
124
27
35
12
203
266
119
41
37
213
66
135
17
234
19
198
17
44
472
243
239
136
128
409
447
767
73
587
160
130
2
108
401
637
132
204
18
48
68
197
160
164
446
50
163
46
709
3
521
76
154
417
378
121
15
104
433
98
108
34
209
549
187
1159
24
560
98
116
2
451
196
61
76
108
87
73
64
13
189
276
420
217
421
275
103
251
60
270
340
586
31
70
207
207
195
334
41
372
66
747
180
666
215
54
312
1069
19
44
198
339
23
66
85
277
30
119
254
571
299
95
555
221
49
502
188
30
47
36
504
509
37
881
95
170
232
104
31
156
30
166
93
845
211
296
175
164
26
78
141
296
128
153
83
6
612
334
646
501
184
17
1119
441
211
114
55
362
21
85
98
285
24
70
175
12
155
24
235
158
48
569
327
329
67
33
608
665
66
687
122
123
30
72
548
546
493
134
100
376
95
90
96
356
52
136
241
133
32
447
191
197
105
20
4
194
55
428
165
451
242
185
45
44
58
69
22
249
276
158
104
217
22
126
345
104
70
133
137
238
620
118
30
43
67
299
410
282
126
23
309
241
79
33
205
155
124
52
242
85
150
51
41
74
592
101
60
180
251
339
19
18
152
326
444
22
5
49
121
256
40
495
20
262
384
63
167
406
97
3
313
111
52
87
824
300
226
185
17
792
133
57
573
1
157
262
87
229
98
391
40
1194
240
27
319
326
171
344
24
152
264
61
62
3
106
813
102
7
32
61
145
196
43
285
399
318
273
240
361
260
271
90
349
7
110
62
10
48
95
468
284
365
75
75
396
207
55
99
91
3
75
61
205
10
5
161
1
282
870
477
141
140
10
185
138
56
383
178
369
244
269
348
79
17
4
50
37
75
126
12
37
190
50
48
95
53
276
10
379
33
49
64
92
271
376
231
210
3
176
14
5
144
268
24
747
139
371
284
188
134
117
236
114
244
2
118
134
208
275
416
57
50
129
110
63
208
70
508
18
240
72
95
66
80
8
144
51
80
416
110
122
22
22
52
29
28
489
1
174
49
766
458
94
36
436
250
465
436
25
380
561
195
312
561
29
76
469
928
514
277
69
110
349
167
883
324
173
233
62
216
23
83
1
43
281
36
232
49
330
185
214
52
244
16
507
413
664
22
42
264
63
521
91
232
225
276
51
306
113
36
131
452
89
425
720
10
61
90
42
254
91
103
357
5
47
77
218
5
831
315
84
31
322
827
125
405
330
1062
152
280
236
70
16
493
129
39
201
740
22
404
334
264
319
90
37
112
196
175
17
621
60
623
105
362
104
5
10
81
407
25
53
144
244
321
219
205
116
6
79
248
363
288
13
132
38
6
293
391
127
13
80
593
230
198
4
217
74
21
224
37
87
100
52
18
35
89
582
251
16
247
755
45
91
21
154
493
104
108
87
565
186
521
213
1
3
76
105
224
18
60
851
39
176
171
7
243
19
196
253
137
12
647
26
192
532
440
542
238
57
1
47
149
54
75
104
372
362
1094
103
33
208
136
261
435
276
415
264
353
411
49
405
14
452
966
421
85
26
27
9
47
72
278
55
226
483
77
4
467
178
24
107
180
60
304
268
155
398
808
6
30
52
255
97
49
587
132
643
928
401
288
275
161
2
16
530
229
148
5
4
84
161
171
122
249
147
13
570
20
318
11
44
151
49
240
84
127
107
173
226
96
117
258
4
161
213
394
90
10
73
126
8
7
373
293
29
118
95
55
91
54
59
248
27
24
58
224
491
13
83
450
531
162
127
469
542
275
94
128
48
136
369
216
313
169
115
157
209
566
27
45
27
90
311
10
65
50
17
31
91
555
190
146
49
303
478
36
211
101
30
265
276
649
12
174
20
63
30
49
312
172
101
304
112
177
320
194
257
104
326
167
12
302
671
1
195
154
14
82
113
128
290
569
360
192
47
40
375
36
184
172
582
561
37
325
175
279
148
126
27
115
388
95
115
724
732
91
361
148
181
49
196
226
500
395
523
361
500
92
12
1302
78
425
21
367
288
11
863
106
9
17
265
73
5
776
12
200
13
22
29
214
133
173
225
110
22
258
16
50
30
8
330
58
209
385
339
74
375
64
29
364
69
113
102
49
113
271
162
175
132
39
96
17
17
34
26
367
220
53
524
174
36
9
70
22
286
235
64
176
113
43
185
6
7
607
163
184
159
1
219
94
87
1
10
31
11
213
183
309
327
164
253
640
204
45
320
124
233
12
52
31
398
139
17
232
437
161
58
22
43
15
49
64
194
137
42
111
114
277
356
356
162
83
66
188
160
73
234
618
73
16
7
216
375
387
82
58
75
186
21
174
146
49
28
61
17
2
124
254
179
18
205
62
315
231
8
1
52
25
116
525
80
88
206
10
109
433
55
401
189
596
81
27
6
235
109
10
92
97
23
8
54
64
556
20
57
38
3
357
85
92
188
117
76
638
182
108
672
42
275
103
523
460
288
7
169
245
44
11
693
498
668
188
112
441
265
9
134
371
336
2
504
282
388
67
225
113
7
25
49
79
495
118
59
54
323
345
80
118
216
107
47
98
128
435
167
136
28
167
505
49
211
217
75
577
527
581
211
296
227
242
55
356
451
71
110
46
121
54
369
12
24
1025
60
7
211
155
100
180
76
345
327
65
80
31
52
169
222
212
82
124
394
606
120
48
520
899
24
150
75
53
819
216
565
94
27
167
28
120
1015
230
176
239
55
127
53
3
250
55
4
85
219
117
137
401
191
549
85
60
366
98
170
860
735
86
199
382
224
35
24
262
328
49
78
313
37
254
88
13
36
148
1
224
109
27
21
214
356
118
173
169
746
115
4
449
96
39
283
117
184
126
108
243
184
191
1100
111
95
108
66
69
75
653
281
4
50
101
291
284
159
32
33
22
261
328
6
168
23
37
1037
420
121
183
116
483
138
65
41
206
138
108
40
529
56
15
133
128
152
184
46
349
162
110
229
283
32
18
171
370
105
78
23
192
192
31
40
25
646
165
159
45
1
10
351
108
94
78
142
380
220
165
244
262
852
190
421
32
28
81
51
292
417
183
620
352
79
34
51
73
317
323
369
171
48
23
174
106
130
38
53
230
303
166
34
165
78
8
159
191
109
17
29
191
121
539
135
104
213
33
284
222
33
70
509
640
68
388
102
317
217
6
33
50
406
91
6
199
97
754
177
48
180
79
13
413
110
51
285
634
149
27
164
202
148
74
263
64
53
7
359
219
97
67
401
114
297
43
105
124
82
233
867
251
18
156
87
58
105
85
466
338
240
156
1053
361
274
17
74
33
452
356
6
84
116
69
13
2
40
268
630
329
234
99
361
191
35
215
584
223
96
28
34
5
306
78
7
28
1
342
307
557
730
527
255
89
708
93
145
88
193
36
554
198
71
63
75
27
550
18
96
67
214
99
371
87
53
400
53
177
346
239
99
249
1
124
56
127
127
339
23
183
124
23
46
24
88
136
232
38
94
234
307
119
448
460
99
67
81
8
271
142
15
389
116
61
91
9
147
209
284
439
321
174
511
216
47
216
105
40
80
106
65
344
421
278
20
104
75
5
53
39
75
103
629
107
87
20
65
270
15
18
3
338
216
404
14
101
878
447
82
114
241
46
67
68
766
966
183
192
48
135
475
18
65
1225
9
117
200
114
339
23
3
44
282
319
371
269
315
87
41
213
91
77
87
206
444
93
1086
43
22
50
324
80
42
6
170
58
52
1209
426
53
441
34
10
188
368
1149
183
45
383
8
5
1
16
397
546
151
113
340
114
179
202
399
412
458
268
284
259
79
279
21
318
33
59
92
129
38
130
162
63
656
363
110
82
48
94
16
43
99
18
374
99
207
171
38
76
66
16
130
391
189
47
260
36
171
143
239
43
587
48
169
70
128
40
619
152
308
150
512
615
125
400
31
162
6
205
260
25
63
163
398
231
249
148
369
405
186
21
166
232
52
556
26
45
426
36
159
197
115
30
86
34
253
206
399
48
206
454
20
86
96
97
14
144
122
712
92
431
14
73
388
9
144
443
56
192
14
472
174
51
21
32
61
340
354
27
200
56
182
280
312
43
382
182
244
56
430
39
45
67
136
62
542
529
152
211
603
61
197
95
469
149
505
380
155
12
45
403
155
26
51
643
76
464
203
19
391
94
61
22
44
52
32
589
195
195
50
31
51
573
405
98
365
78
66
428
6
18
571
61
32
473
17
190
30
372
105
179
18
1032
14
10
43
755
1
39
50
785
272
199
2
170
351
177
38
1290
293
50
155
46
458
160
133
62
524
33
228
128
163
227
103
310
1310
221
791
427
284
187
134
125
131
260
51
32
59
130
35
155
43
41
396
339
195
337
11
119
287
89
86
80
43
296
72
6
785
627
82
98
353
278
216
26
6
98
280
283
192
103
150
145
173
118
275
106
98
843
342
72
312
90
144
12
31
29
275
180
32
58
1014
6
86
616
116
182
46
483
120
181
23
156
127
20
39
2
494
171
42
357
50
63
115
198
144
98
624
408
36
563
387
53
216
118
37
106
1173
28
9
557
31
560
197
519
208
8
120
51
12
837
263
703
34
98
85
739
212
33
462
544
120
29
228
516
2
89
391
35
709
159
325
123
191
37
325
113
44
242
18
318
359
108
121
391
1
66
98
165
48
63
645
26
703
341
107
240
228
178
248
16
127
67
621
318
200
272
813
293
248
7
823
288
408
268
139
321
189
38
203
432
114
282
365
14
165
57
15
62
69
11
264
437
15
86
43
199
511
53
52
140
62
174
63
142
288
476
270
556
66
424
102
316
151
257
639
59
150
60
423
230
109
281
211
36
342
91
111
733
41
69
78
8
101
129
66
285
17
786
287
62
319
336
44
130
232
93
125
2
203
66
70
87
193
319
488
76
53
151
305
43
18
219
288
193
23
118
171
179
87
23
405
192
106
738
289
127
11
1187
47
140
29
85
763
3
103
95
230
181
67
210
190
865
60
46
295
83
422
344
543
108
17
148
18
220
358
663
13
206
275
979
300
274
260
15
347
281
60
302
371
23
115
25
133
105
75
365
68
29
211
146
88
1153
271
169
34
554
60
700
62
50
394
368
125
183
181
226
544
3
207
99
1278
314
187
506
41
376
335
186
658
305
365
9
11
115
296
226
154
317
81
302
296
292
120
26
68
286
97
670
203
162
841
231
127
115
41
206
249
9
74
197
40
474
78
142
122
40
175
91
108
119
42
293
43
43
156
139
806
299
48
84
128
142
224
53
70
223
6
122
71
15
73
26
6
723
121
188
51
4
160
58
233
585
106
486
91
271
28
276
1
7
218
324
46
80
15
239
53
715
123
29
95
88
68
103
78
70
11
204
53
18
5
10
708
43
14
299
81
4
39
257
147
291
312
545
340
349
141
362
284
214
66
7
191
220
239
410
182
4
102
132
165
394
75
162
186
496
230
146
93
614
192
95
111
10
25
513
142
33
67
140
15
431
282
26
442
24
614
7
21
33
61
195
150
37
243
226
205
248
61
448
704
363
87
285
80
324
198
158
236
314
220
205
19
218
191
548
72
33
118
132
322
151
387
29
213
38
120
103
387
1436
62
58
362
70
57
2
165
311
314
38
3
180
451
68
115
370
13
199
37
174
148
462
99
365
425
227
237
95
298
340
271
12
201
151
451
69
32
88
37
192
152
291
79
265
39
173
129
25
290
559
4
156
142
16
63
188
139
149
188
207
402
22
143
926
295
62
70
32
389
29
499
265
57
438
241
269
228
268
63
4
403
44
191
146
239
413
169
48
84
148
175
37
429
151
20
291
160
176
100
146
33
286
70
116
326
234
115
130
161
19
190
529
726
79
524
85
86
63
29
402
142
27
4
134
613
126
30
41
76
48
302
104
301
281
139
407
154
493
9
36
476
8
3
16
36
372
33
43
234
79
150
199
168
93
156
134
39
93
3
443
421
126
58
34
119
256
124
2
57
472
59
86
347
22
238
150
783
406
235
173
504
43
6
105
164
463
892
102
189
324
324
95
146
59
356
122
372
92
338
226
47
181
3
552
87
414
188
43
116
23
40
91
47
28
204
595
883
572
110
311
70
104
76
725
788
16
284
84
193
134
517
159
36
142
138
38
141
12
108
353
6
385
127
282
232
127
17
371
356
78
25
173
53
513
16
394
134
8
134
42
99
715
405
30
77
291
20
205
66
113
140
8
233
2
195
72
124
213
310
150
152
121
169
5
100
43
79
13
258
345
240
252
276
328
117
319
87
19
102
65
196
434
694
59
378
12
522
443
185
50
504
66
1
87
139
261
251
30
6
114
372
253
67
918
58
14
36
264
108
299
57
87
125
101
203
297
101
18
434
288
35
304
87
50
196
193
366
205
24
312
392
236
128
186
90
109
109
517
63
859
26
266
227
133
239
6
10
256
235
287
51
138
29
14
228
78
57
122
270
11
122
61
51
98
242
608
60
278
282
209
248
119
163
124
623
206
40
604
122
16
163
90
430
4
142
421
49
99
43
214
172
180
182
287
54
497
20
353
152
18
255
180
35
377
64
9
165
28
275
109
368
212
69
271
5
177
53
28
926
17
58
186
557
57
87
182
263
147
224
448
593
392
273
48
3
289
70
37
43
179
44
308
461
25
215
91
6
345
50
342
283
438
221
67
201
81
139
37
63
66
586
103
139
388
53
12
93
191
23
23
295
6
71
137
10
686
445
66
135
225
89
8
813
35
40
62
236
145
320
650
26
27
420
44
99
46
159
288
16
218
226
264
114
297
307
18
108
165
236
28
53
118
139
758
390
16
752
251
89
329
671
168
66
349
467
257
11
93
8
14
217
4
112
144
153
144
91
42
391
18
53
34
67
299
128
493
68
221
256
102
22
164
236
217
124
1116
526
3
26
38
1
316
103
199
61
140
211
62
252
151
582
174
33
41
464
211
14
52
459
332
158
222
185
128
204
5
19
21
79
241
127
290
255
404
67
69
156
88
171
105
130
542
685
519
160
207
166
103
7
96
8
49
11
130
290
174
113
143
77
113
562
1
40
212
116
73
1
207
21
76
78
207
61
75
540
374
4
162
626
242
25
555
288
118
73
91
250
64
220
19
3
31
17
268
159
229
92
48
962
37
56
51
25
8
211
222
168
479
179
151
1026
168
1
163
392
473
370
126
307
66
481
339
289
51
151
76
21
8
236
313
98
42
272
145
108
848
44
24
78
150
309
297
328
89
91
844
352
371
226
145
156
221
238
362
413
141
152
269
169
59
166
84
10
420
368
49
434
53
106
358
88
618
178
19
269
307
360
15
436
86
66
359
284
389
150
100
91
220
332
187
506
48
21
59
161
57
57
575
107
401
309
26
161
70
120
404
90
442
4
272
740
89
180
83
114
186
412
341
805
52
159
23
79
28
99
3
45
34
30
497
23
76
300
88
146
132
69
22
123
15
135
8
278
211
7
158
308
3
39
158
42
163
102
6
40
167
135
43
2
72
35
570
68
89
329
4
170
76
138
92
8
12
313
18
177
380
132
162
57
153
371
21
36
393
134
277
21
115
112
125
248
53
114
110
139
25
63
226
279
107
530
374
77
542
113
20
174
110
68
14
126
610
59
19
325
42
105
55
487
885
45
183
286
81
155
87
143
10
151
982
344
61
495
73
271
27
437
95
157
225
64
94
78
105
282
54
262
117
51
14
226
342
292
120
81
365
153
78
71
619
487
260
59
37
58
22
725
100
189
86
2
290
253
91
464
94
217
82
66
89
123
100
215
404
14
740
76
348
547
146
13
1102
257
262
56
72
45
46
443
383
4
139
52
234
98
146
145
226
59
68
141
148
25
682
86
108
902
50
78
48
268
248
49
218
52
585
248
219
136
34
180
634
136
113
37
69
139
477
234
131
312
19
41
90
215
31
121
20
108
78
227
285
103
65
105
314
216
108
68
23
82
21
101
142
99
349
145
59
282
46
38
69
134
344
327
32
6
382
458
399
40
145
114
17
382
39
134
166
53
63
78
78
101
296
359
208
7
126
229
23
76
217
529
684
155
219
175
885
198
203
357
11
19
29
88
194
135
714
151
141
25
265
436
377
339
144
219
387
251
51
313
50
331
31
32
244
22
447
119
382
81
197
192
73
499
178
523
226
39
336
355
133
120
28
299
14
45
56
396
687
237
16
233
338
83
20
50
9
72
413
10
155
132
155
361
199
108
104
87
99
58
119
463
252
88
410
136
44
200
132
191
34
45
15
546
602
128
164
304
403
55
14
280
236
439
237
69
94
70
42
162
267
146
48
129
280
471
126
63
74
210
84
83
558
113
95
337
151
57
38
219
104
771
5
209
326
359
1583
1436
51
53
206
39
159
56
9
138
138
34
144
10
76
63
152
214
39
162
55
80
72
38
36
538
52
161
102
155
47
14
645
46
48
434
165
171
135
38
126
30
43
25
248
136
716
757
87
110
15
245
1
44
388
51
90
394
59
667
525
596
18
321
224
90
251
412
364
353
17
145
185
312
112
304
373
941
423
257
236
243
39
893
22
381
199
366
39
586
271
41
120
27
119
258
354
32
122
305
122
269
221
593
37
11
28
23
322
206
131
528
10
304
96
130
15
122
463
556
198
474
70
34
451
5
37
1023
250
122
137
38
136
344
125
194
126
282
174
3
161
63
13
132
136
36
510
48
151
432
316
460
76
225
390
307
67
79
601
54
46
104
57
167
26
74
142
32
104
562
100
101
38
106
277
272
247
170
96
45
45
263
64
171
116
104
258
592
267
113
87
153
299
79
121
123
184
34
233
190
130
406
153
25
344
79
149
154
659
605
226
112
455
75
33
66
315
126
150
137
124
124
291
122
136
290
50
77
72
8
267
169
295
5
74
1
285
944
45
35
26
124
17
366
148
211
17
330
288
120
57
55
288
57
114
7
3
139
763
171
219
83
53
9
723
22
91
396
82
22
117
94
200
131
46
87
17
142
162
106
80
37
45
672
8
87
116
286
181
145
145
197
57
39
178
147
90
6
240
122
1248
16
280
109
162
187
1
380
214
86
513
340
14
209
13
111
306
9
246
187
17
5
630
376
229
95
16
665
323
548
208
149
67
10
133
908
151
216
293
42
118
89
92
50
31
29
357
84
174
75
3
2
495
117
298
171
244
135
320
324
287
40
444
297
349
393
352
61
317
225
33
43
258
120
498
66
76
20
407
104
24
418
675
409
29
111
303
25
32
301
245
533
72
83
123
416
86
20
344
408
41
470
29
211
408
56
118
28
571
48
407
63
32
36
7
168
90
359
29
272
521
52
181
252
14
46
251
129
225
8
85
521
26
348
9
79
87
19
220
93
733
99
413
168
162
79
141
563
347
278
82
246
13
157
22
1018
75
310
94
41
253
237
26
2
196
27
164
581
260
10
32
16
611
276
62
452
70
52
156
72
82
130
53
50
214
32
250
14
410
78
136
176
133
318
257
34
74
254
238
47
215
450
66
297
3
200
297
340
111
121
26
113
74
152
2
125
505
41
277
246
40
60
128
51
16
311
163
440
96
265
336
304
442
31
79
130
439
182
127
404
19
76
18
172
272
214
46
177
32
142
97
34
62
61
11
195
232
361
428
42
205
147
193
72
63
1
91
217
460
111
295
159
152
355
24
122
55
330
238
250
258
241
198
27
273
50
79
62
187
344
318
142
132
207
35
92
263
107
83
63
674
23
115
80
19
275
250
60
849
36
239
528
30
13
84
309
361
56
255
188
50
85
56
292
451
442
352
164
74
8
6
250
183
398
168
213
42
149
61
201
295
25
301
70
701
184
51
317
86
212
3
17
1271
265
2
88
123
62
89
107
27
56
11
416
464
28
191
534
87
85
671
247
704
66
371
354
437
13
339
61
228
1076
78
15
146
5
259
28
87
957
361
118
101
29
416
23
172
160
91
154
45
23
417
16
164
136
32
153
214
447
144
297
356
7
24
557
115
712
402
108
83
144
227
28
116
144
335
51
488
2
616
339
118
111
439
319
22
321
67
94
30
63
156
97
99
271
41
5
145
12
277
4
310
134
213
492
214
503
4
147
322
176
396
19
431
204
273
103
283
129
43
65
67
17
790
191
154
80
237
191
186
130
154
42
212
317
421
50
161
184
133
273
252
181
479
201
110
326
6
436
66
1
34
31
30
555
277
122
11
47
29
864
210
32
54
220
133
154
324
113
251
151
12
28
267
167
61
245
10
238
36
257
4
21
324
373
370
38
190
92
74
4
83
95
234
237
235
213
112
6
51
457
360
99
110
91
151
56
112
150
374
325
112
371
492
229
21
51
201
348
39
66
62
192
136
906
387
130
184
347
50
326
68
593
236
179
23
190
88
180
62
68
1363
84
530
214
139
463
91
17
365
220
435
177
133
16
26
1363
95
167
138
75
44
194
131
411
36
60
133
143
14
321
673
32
302
55
200
7
475
26
59
44
420
41
10
35
25
236
20
160
169
276
292
258
65
120
199
531
48
55
295
33
25
62
15
52
161
32
82
77
387
510
292
76
62
173
311
79
477
752
193
279
380
153
199
31
820
134
478
87
469
19
6
23
159
190
127
201
303
113
232
77
217
23
59
33
191
296
21
449
45
217
60
233
260
33
34
24
113
30
362
81
101
21
35
109
1044
230
98
111
4
40
39
78
55
239
103
97
197
105
320
30
509
238
475
105
321
158
59
207
78
8
64
9
551
62
481
179
233
154
100
203
483
44
30
14
18
531
56
220
20
374
165
314
186
57
335
524
287
96
231
51
647
7
111
191
407
74
416
181
121
119
105
65
46
2
275
304
72
61
34
193
487
36
460
15
92
244
165
54
104
9
9
327
55
42
365
34
200
218
135
425
244
493
232
73
263
387
6
32
173
94
387
354
14
35
38
212
515
225
18
69
189
198
297
326
209
311
105
268
281
135
6
89
122
213
361
224
110
242
371
76
45
35
107
386
197
87
172
230
176
791
215
2
89
660
36
24
63
85
92
103
395
219
194
105
76
184
322
67
72
51
467
491
10
260
54
51
295
701
35
302
58
221
462
70
248
177
85
19
296
171
72
35
224
305
53
429
129
476
413
4
133
349
285
8
178
108
15
111
289
726
329
5
109
1264
298
1941
363
284
68
165
114
111
27
877
1860
34
219
22
265
580
233
254
40
195
331
56
451
301
3
531
669
7
59
731
39
121
177
655
1029
121
338
344
24
11
25
363
277
333
174
379
129
73
50
46
240
120
69
165
196
173
143
37
349
156
16
210
47
263
851
768
153
92
177
203
62
362
415
196
506
142
130
98
228
317
319
60
114
404
69
137
6
333
83
154
447
186
237
156
313
280
684
341
459
495
23
55
576
96
91
53
187
248
237
115
508
118
17
199
420
32
264
2
624
229
196
106
330
12
92
188
318
213
406
49
200
54
260
81
316
137
420
146
1070
188
108
43
92
139
18
9
192
66
99
153
378
191
367
27
73
116
47
67
233
316
93
426
90
38
204
18
11
50
13
72
92
23
223
77
305
112
34
42
81
759
422
819
271
60
322
904
47
6
36
123
149
272
138
134
337
72
425
30
160
334
460
95
21
362
83
585
146
482
983
259
315
224
214
261
61
130
217
66
118
318
6
139
638
71
195
225
336
490
81
182
249
270
257
141
213
30
27
226
149
383
205
66
407
145
5
189
202
87
525
55
6
122
118
57
54
128
121
12
63
4
253
9
164
240
46
108
184
16
183
172
85
95
131
120
148
93
29
568
224
41
117
18
13
112
440
1264
44
136
10
50
43
82
186
146
244
182
90
326
180
112
36
42
25
344
56
323
325
352
672
140
312
137
101
1103
284
382
236
151
64
336
328
243
231
77
105
154
88
168
162
83
96
242
13
143
166
275
1134
400
398
43
90
156
854
5
77
27
105
179
5
17
135
22
128
7
551
28
95
18
74
621
135
212
325
24
98
6
4
535
35
32
573
132
1078
297
394
259
19
179
104
50
444
89
128
56
29
238
55
210
193
190
662
80
49
88
325
183
16
225
101
93
136
25
96
119
99
98
186
303
528
132
52
9
35
158
114
86
51
31
761
134
15
9
73
130
27
3
106
343
478
413
46
67
21
48
184
159
483
8
1
175
103
392
123
14
149
68
40
268
146
325
197
632
149
283
495
102
596
39
275
33
141
139
161
21
109
372
28
657
289
379
114
273
107
273
294
8
152
240
25
631
28
15
280
22
186
195
710
78
297
85
7
229
82
472
30
129
58
100
176
180
1
107
404
21
50
29
516
102
170
91
55
294
150
72
6
231
313
662
56
232
5
2
175
53
245
483
59
67
259
46
225
12
151
315
415
242
106
938
305
80
417
84
29
34
144
354
45
39
102
171
19
34
122
187
323
80
297
324
310
188
79
179
47
231
16
145
190
340
531
58
71
254
146
33
844
76
56
626
27
295
179
256
126
186
43
165
42
51
153
82
49
292
403
363
16
155
52
174
360
557
13
331
145
39
109
302
171
219
46
595
276
99
93
29
538
29
230
59
81
441
355
269
193
67
147
44
65
100
106
122
441
296
111
155
171
7
85
235
63
374
54
10
24
218
180
4
197
14
260
10
525
3
86
244
215
470
314
445
446
268
466
17
254
56
1118
66
249
83
459
335
7
249
148
119
83
579
581
10
68
525
127
58
279
1421
191
101
183
182
154
24
23
308
336
384
386
139
19
365
59
382
153
157
110
83
178
82
219
73
682
86
56
131
100
37
229
744
1
117
70
158
604
3
42
126
22
212
112
467
90
924
196
14
158
274
182
5
72
379
105
152
8
157
111
237
80
12
230
309
264
586
43
33
172
261
140
113
172
345
36
8
339
131
82
39
15
283
71
63
412
22
750
30
97
242
87
287
119
30
343
1040
393
130
84
8
71
87
146
10
415
38
93
244
318
5
1567
24
19
96
396
339
395
38
432
85
15
93
29
20
64
195
57
428
69
16
93
9
84
584
305
102
135
746
669
515
938
72
77
145
113
435
52
189
37
24
263
22
3
167
131
78
215
221
49
120
298
55
145
53
67
159
582
69
285
943
119
546
114
651
18
270
290
4
502
345
7
562
48
17
664
292
233
70
338
107
15
109
459
603
182
417
7
35
278
59
387
114
501
44
140
199
44
410
185
825
12
363
10
205
24
210
149
532
212
16
69
656
57
51
22
212
8
129
386
280
7
149
324
835
14
96
500
443
200
243
73
125
90
61
30
38
77
512
30
129
402
605
717
99
64
5
218
60
366
274
87
62
255
14
125
327
39
99
271
73
127
280
15
185
29
514
177
123
329
253
19
68
105
113
22
264
301
237
244
33
192
194
126
189
365
165
160
145
28
81
97
101
429
59
561
4
65
398
2
100
208
171
142
263
598
53
60
2
131
354
43
39
167
59
137
218
140
104
189
47
100
156
182
214
30
37
330
317
68
85
91
363
1525
277
94
198
291
72
90
42
42
273
550
212
130
4
15
63
514
255
10
119
8
169
128
163
179
34
104
134
60
379
671
195
27
51
138
65
253
317
230
51
333
127
179
94
269
139
38
57
105
83
20
61
257
42
121
148
238
191
73
25
408
16
123
159
95
235
160
117
61
21
356
7
86
281
213
181
81
144
25
94
86
344
360
32
242
98
78
640
1428
213
530
38
103
577
363
96
44
167
6
88
120
327
287
140
444
15
127
8
353
18
172
106
56
115
45
16
344
93
46
54
31
23
156
190
255
179
117
394
27
818
68
254
513
266
298
132
199
186
50
458
102
123
163
15
224
40
660
131
148
168
168
234
394
145
58
409
70
94
596
235
314
317
147
243
512
512
143
321
373
62
539
368
325
22
107
11
78
289
266
62
368
195
53
199
768
32
1
369
40
400
99
159
522
170
284
592
66
196
620
56
482
227
133
1073
101
243
368
2
645
193
738
331
104
102
88
80
109
862
180
445
6
394
28
16
86
185
437
166
109
75
116
171
70
41
179
658
27
35
428
169
122
445
860
601
115
796
114
8
45
270
219
388
19
93
424
428
697
456
199
26
90
226
203
149
164
383
332
335
155
182
508
81
293
121
494
1
279
222
76
664
112
353
239
8
44
200
242
161
322
41
162
224
252
199
167
310
90
124
159
17
291
87
232
394
613
437
279
272
288
847
43
70
73
101
3
47
312
19
914
202
559
473
16
261
237
73
176
7
120
143
11
299
157
873
57
234
35
140
80
110
128
220
180
39
28
71
313
188
447
105
136
208
175
53
117
64
20
10
102
452
223
51
107
94
42
66
5
77
197
77
79
285
129
223
101
264
69
25
8
597
28
133
70
16
5
9
285
286
75
109
13
782
636
153
169
338
197
52
297
51
236
18
61
554
657
39
346
11
65
32
187
106
245
109
353
95
201
551
687
23
81
49
624
392
85
22
71
145
91
9
183
369
307
59
140
190
257
172
115
42
214
105
47
202
116
155
407
761
459
56
387
245
268
115
350
16
617
72
49
89
141
36
589
176
112
4
60
483
29
133
32
38
24
200
96
271
262
98
154
63
98
1073
11
107
246
73
277
30
2
52
323
233
280
56
189
350
55
62
173
110
37
268
45
1087
103
65
144
76
170
258
69
190
287
624
7
162
2
62
33
149
335
238
88
80
102
33
257
496
524
194
90
47
99
97
45
196
98
144
367
105
162
154
569
83
302
184
25
529
1
739
315
233
302
54
8
168
80
742
287
37
72
108
85
321
630
235
17
870
5
52
115
157
396
4
203
278
69
27
125
322
209
77
314
9
104
21
367
35
5
7
160
404
58
248
25
44
199
34
27
891
87
8
50
249
64
179
411
24
56
118
17
458
137
99
184
701
67
58
188
81
161
370
58
62
300
65
22
394
278
129
637
138
145
64
637
94
34
442
132
218
226
43
335
112
233
141
4
355
23
97
6
300
179
35
96
175
646
187
170
265
61
176
163
87
276
717
59
122
129
299
211
188
254
257
89
13
666
47
41
575
208
472
198
215
101
576
306
3
803
492
206
50
240
198
52
90
96
479
166
88
313
77
467
27
184
22
59
542
214
56
179
185
308
564
302
187
346
97
217
248
25
28
63
44
43
670
202
71
355
167
39
565
59
339
23
87
204
27
421
213
235
179
13
14
135
81
240
258
78
421
163
328
259
460
60
1138
123
41
301
479
191
32
53
158
190
302
129
103
58
72
122
73
176
117
297
168
343
208
119
174
547
11
87
101
65
181
59
116
342
17
1
479
85
172
249
714
46
553
167
89
558
379
12
110
121
46
56
72
544
36
533
47
72
274
64
157
77
72
277
325
41
228
1004
768
254
136
118
137
644
56
65
63
74
257
178
6
1491
144
81
114
17
430
449
26
207
4
452
68
140
344
16
360
11
50
312
294
154
60
21
382
106
397
381
34
12
177
335
186
151
48
56
22
186
150
531
69
317
32
29
195
169
230
105
280
150
34
291
466
234
604
42
59
227
41
424
1227
671
343
79
22
538
92
150
105
573
152
129
35
37
198
57
150
88
28
294
57
70
37
206
673
35
93
15
97
128
340
70
285
512
151
168
559
240
63
16
112
197
11
326
206
298
40
367
551
313
25
6
125
206
32
133
145
5
6
567
96
23
175
91
90
467
152
353
2
483
109
27
45
65
703
9
27
50
263
392
289
455
81
439
8
120
48
239
17
121
36
383
402
130
150
251
237
757
93
55
220
56
157
58
270
193
417
35
119
245
117
181
431
315
38
472
11
42
236
8
33
253
262
234
513
18
478
73
197
74
72
298
272
671
174
97
5
123
18
661
556
5
228
228
32
233
280
129
16
510
31
180
44
39
102
41
23
4
48
118
808
34
73
58
151
563
237
311
1290
244
196
23
96
162
8
20
90
433
490
362
28
76
80
331
206
64
165
489
115
644
30
303
167
404
16
81
315
196
61
16
175
89
58
19
7
68
78
36
77
308
47
16
255
192
55
126
453
167
80
71
104
42
185
74
32
443
6
147
291
15
433
45
216
143
112
58
195
312
166
158
290
423
487
25
336
226
19
237
79
233
151
182
713
170
273
90
122
289
70
37
33
500
95
123
19
86
87
301
83
53
2
60
111
280
4
262
372
550
71
637
63
95
249
505
167
172
504
198
46
26
261
126
25
106
301
137
232
34
506
241
374
95
26
208
934
18
54
153
254
113
145
17
7
123
31
50
18
60
243
28
13
231
463
122
73
95
83
71
57
74
291
437
65
172
177
107
26
210
1323
877
332
309
184
47
447
387
323
69
443
65
440
54
226
66
22
3
346
56
154
43
152
63
53
13
53
304
74
183
115
76
121
100
646
52
205
380
21
175
102
291
347
404
135
215
215
338
84
396
57
6
12
389
63
184
95
299
303
153
105
177
156
8
127
448
132
170
550
381
389
278
88
29
41
419
266
121
178
72
84
171
195
84
341
73
35
670
924
116
123
706
51
22
1111
417
201
132
34
52
2
102
88
165
332
254
273
268
16
5
4
368
163
164
126
102
581
459
403
23
168
72
64
346
78
51
83
743
58
941
52
44
179
6
271
74
197
234
275
129
41
24
124
197
31
16
285
966
311
85
6
413
81
119
242
107
128
90
15
174
84
21
108
16
209
191
30
99
97
13
459
248
566
325
105
587
920
50
610
148
493
234
56
45
49
340
232
216
225
66
216
6
213
79
476
13
87
96
201
66
94
232
96
215
123
152
76
42
239
540
697
708
24
79
20
25
425
42
205
16
32
16
160
270
210
8
89
546
22
431
67
166
193
64
367
28
12
15
186
342
177
2
45
518
95
922
24
275
242
41
119
287
78
45
33
57
141
117
444
16
142
9
25
484
382
89
100
147
67
157
222
108
240
15
137
164
574
288
339
75
297
64
121
110
381
119
362
36
27
181
21
122
104
21
26
19
150
82
194
357
453
105
417
207
311
181
43
204
57
14
229
27
477
286
131
85
188
575
622
45
26
98
9
206
371
211
63
599
340
115
174
212
427
128
161
59
83
465
17
152
604
221
35
179
204
327
338
110
231
38
347
36
358
165
59
315
20
205
135
121
190
266
316
37
115
430
1060
23
156
34
110
43
545
228
216
47
49
103
49
28
98
625
258
595
76
243
260
218
209
87
230
207
149
34
58
32
791
31
130
30
75
87
629
38
71
163
171
169
187
101
474
156
56
123
479
160
85
54
543
184
47
104
254
218
427
121
106
696
33
17
54
99
67
87
430
191
87
20
59
91
140
126
175
79
1
43
184
11
107
115
332
158
245
301
115
273
263
56
46
182
327
423
128
1060
334
368
411
60
204
116
5
94
75
32
104
274
201
1
895
200
262
107
285
7
67
302
207
49
366
711
6
176
4
15
90
41
662
89
13
115
484
16
39
129
34
333
1
213
75
21
53
167
52
28
213
43
74
15
25
137
236
548
272
19
17
144
11
63
152
68
14
15
31
359
694
199
421
223
133
140
119
2
124
50
162
98
369
274
89
211
184
22
136
64
235
387
141
112
212
221
5
376
603
230
149
435
201
468
10
315
107
81
216
198
291
12
17
354
28
2
54
404
330
209
36
669
223
50
6
92
57
441
219
24
64
98
127
279
92
122
569
16
352
304
312
40
50
197
437
601
321
443
672
105
110
354
85
365
638
26
179
54
419
153
104
832
8
435
186
69
82
151
167
63
54
16
453
54
377
174
309
18
183
455
306
74
20
119
102
166
70
18
93
63
168
71
469
52
267
133
304
245
225
129
201
675
189
10
60
248
216
216
71
103
273
27
32
566
117
99
104
212
429
51
278
14
73
670
160
117
76
16
14
160
135
258
177
183
102
22
93
402
196
242
220
534
518
62
264
6
12
206
35
125
105
62
83
158
10
110
118
14
45
32
270
249
387
335
175
120
143
61
606
73
230
201
384
153
70
184
115
203
136
67
39
44
3
142
636
960
249
208
105
99
64
304
76
113
332
90
137
204
80
28
544
739
272
130
155
507
130
3
94
38
66
132
238
453
78
390
213
5
44
245
759
156
458
211
142
67
91
20
505
29
244
461
128
37
229
88
27
206
166
712
414
98
479
142
221
121
105
334
234
181
91
289
108
137
463
6
62
44
139
336
38
275
620
93
547
144
86
128
256
21
26
158
135
94
376
252
291
181
358
122
157
5
10
17
240
15
172
301
275
113
36
114
65
28
409
518
496
1029
162
30
38
149
37
101
1032
172
150
165
97
466
192
130
494
601
8
1
147
532
234
87
81
187
63
608
966
302
245
158
51
536
19
272
7
1
49
295
94
298
86
179
197
316
57
33
260
94
24
791
71
173
128
327
194
223
247
125
307
8
42
325
434
920
239
310
171
127
51
148
362
21
227
117
80
152
234
87
25
201
1
160
36
91
198
302
112
528
81
33
370
20
143
406
33
40
23
383
313
234
199
19
331
3
393
382
7
51
92
154
114
105
107
85
713
132
79
144
310
4
645
72
16
711
81
140
131
386
2
194
101
65
84
143
548
82
45
209
2
342
41
293
60
254
6
19
69
692
47
362
640
523
99
68
22
159
313
13
165
249
11
394
338
237
263
105
18
51
704
278
55
25
138
241
98
567
131
187
107
244
95
40
107
823
95
171
65
154
133
134
71
312
420
118
45
56
205
2
81
40
110
39
113
277
32
171
347
308
98
330
85
107
108
163
371
398
214
260
212
138
131
81
333
130
16
80
110
14
97
28
796
10
288
7
1
46
115
54
329
74
79
242
336
217
92
175
35
175
506
103
4
364
77
261
116
138
47
169
14
34
266
40
163
5
40
149
21
326
30
24
307
476
380
99
62
399
276
126
135
140
365
86
413
326
1
105
273
516
337
76
113
85
597
35
317
198
344
594
173
255
135
54
111
80
130
14
405
65
155
2
42
80
10
106
115
134
3
234
141
39
101
329
160
76
271
222
212
274
330
237
5
670
47
50
191
217
236
4
139
1058
43
182
337
23
32
148
208
344
69
138
251
2
110
96
36
176
71
461
74
182
52
57
258
102
124
68
124
82
606
202
293
676
198
52
35
53
251
254
35
177
58
83
180
151
82
126
261
146
64
203
34
273
31
40
244
252
468
56
69
27
229
98
961
738
54
130
51
117
69
27
87
105
293
78
169
40
156
178
113
78
314
60
330
21
169
38
238
126
210
135
207
33
64
371
48
212
416
149
54
335
98
611
76
277
45
31
72
282
110
90
37
11
119
266
22
469
144
794
33
8
67
5
68
411
19
223
41
129
412
30
202
294
130
148
407
509
91
20
216
99
78
138
163
187
71
202
18
289
529
128
57
218
395
113
44
21
125
198
98
283
5
227
17
17
4
54
156
17
158
14
265
164
162
322
547
256
418
26
6
191
281
182
408
108
464
455
171
777
235
167
4
217
179
22
122
385
108
180
175
50
141
154
359
19
105
37
89
790
40
556
109
269
441
102
201
49
102
45
366
2
9
111
877
44
75
673
390
159
14
42
654
41
125
174
134
31
28
180
184
337
227
117
706
290
46
5
401
353
329
249
199
5
281
58
547
47
97
105
185
640
77
248
93
216
26
397
117
52
577
36
34
136
73
169
186
217
154
240
190
394
13
101
324
47
7
37
48
100
130
37
52
53
136
554
48
38
200
209
218
45
9
11
53
28
126
390
127
271
237
283
206
287
162
330
113
18
11
106
431
67
267
173
133
378
437
274
191
21
202
312
82
60
174
154
287
229
8
114
523
220
121
194
117
351
34
22
330
147
623
70
275
61
291
167
86
206
285
22
110
211
52
267
391
558
234
835
101
626
89
5
165
115
163
322
47
44
44
6
119
262
387
54
73
163
207
208
3
309
83
15
44
446
780
153
392
28
125
388
139
182
55
553
38
101
256
479
412
379
131
499
17
64
357
267
312
53
491
546
438
320
345
331
50
260
529
337
39
12
687
244
36
21
669
19
303
54
198
209
15
191
67
248
214
9
549
104
32
45
180
30
185
154
95
166
137
463
175
334
403
71
55
40
42
307
66
799
197
865
527
338
36
35
84
531
85
69
41
544
7
49
36
163
2
47
30
227
268
2
489
86
48
286
65
5
21
367
105
250
37
6
56
72
53
1227
405
241
153
182
167
24
369
421
172
18
37
90
48
179
100
132
92
368
246
247
11
14
31
68
6
718
17
17
35
19
15
134
156
264
351
458
7
343
223
201
59
48
91
438
223
358
188
184
391
73
14
273
141
57
65
833
70
10
59
46
53
59
45
356
142
83
11
127
145
8
84
291
18
4
24
5
163
6
63
135
291
83
52
339
159
174
40
209
363
337
336
332
931
714
380
15
97
108
58
523
462
355
101
105
111
39
28
87
419
457
654
25
569
32
84
49
12
42
60
348
275
275
18
210
533
142
765
21
58
125
232
54
12
92
19
153
23
640
88
313
191
58
1
68
244
148
305
170
418
66
197
490
175
482
194
342
145
50
60
203
220
170
365
241
330
464
103
639
109
53
617
190
251
1096
112
214
369
376
30
405
347
35
26
34
95
671
43
283
39
164
16
64
212
111
106
708
637
309
6
86
28
118
74
111
21
28
819
258
189
23
49
111
230
51
70
199
198
37
309
57
75
16
158
110
240
70
77
9
65
127
96
46
128
213
2
41
207
277
30
357
267
407
11
480
46
680
110
63
72
89
190
106
70
104
138
86
289
12
241
59
138
132
182
425
33
141
422
42
48
8
18
36
107
74
429
80
25
732
139
369
360
828
21
259
126
68
129
34
66
39
488
67
80
126
150
168
80
52
607
17
196
66
258
277
72
40
40
8
21
519
55
661
29
17
435
1
28
158
275
322
30
244
152
35
117
31
271
72
212
218
133
371
222
380
233
124
155
373
199
265
338
180
14
20
170
64
369
103
165
22
71
15
249
72
86
57
132
81
153
666
52
53
587
334
24
49
76
4
253
58
28
122
451
372
29
153
925
305
10
110
2
752
358
190
354
48
94
61
14
584
477
66
200
607
7
214
228
553
225
744
488
545
327
179
544
204
75
113
243
113
328
478
230
65
297
467
321
63
374
61
289
1142
181
340
479
116
213
102
15
224
158
271
216
8
1089
399
138
7
40
296
134
195
202
11
292
45
61
63
99
491
47
205
29
176
8
860
172
463
566
100
598
38
112
166
682
70
61
86
25
39
11
101
180
91
65
98
107
10
34
425
371
38
29
32
236
464
103
10
190
30
55
86
619
66
156
152
74
4
96
125
71
73
576
740
268
59
233
311
270
47
8
279
408
216
141
408
521
55
170
19
129
155
25
75
234
533
347
174
198
30
85
662
143
284
186
8
23
131
9
130
364
37
45
268
209
181
114
55
69
778
33
14
17
21
90
226
259
34
544
136
83
34
96
619
44
677
136
558
89
354
268
4
288
141
217
156
348
309
56
6
48
183
123
288
341
101
735
40
187
18
57
436
78
41
482
430
285
121
313
451
190
228
99
76
156
439
36
246
145
203
128
88
17
220
153
328
160
186
41
459
369
524
390
53
531
494
181
156
176
355
102
626
125
1
350
196
37
18
33
195
74
30
442
232
60
376
30
223
183
139
111
61
484
1
173
365
773
209
73
13
3
337
528
4
720
93
22
155
185
613
320
147
58
432
129
350
17
457
273
228
287
116
92
6
61
251
566
393
285
62
27
506
90
47
257
347
222
545
134
1
307
119
1513
130
404
12
112
518
365
223
161
897
73
96
428
76
75
166
44
70
6
58
94
576
494
478
361
610
162
121
128
69
189
190
91
106
33
114
36
130
332
24
129
187
636
414
16
172
118
31
76
788
1
223
171
71
519
478
9
360
20
64
288
8
611
178
50
18
165
97
79
78
52
59
32
97
522
14
60
189
4
30
838
188
99
46
128
134
191
70
355
270
50
82
68
47
210
190
193
24
5
411
290
202
71
55
505
2
423
237
681
164
87
82
190
244
84
22
8
93
38
56
108
308
85
38
41
25
141
2
77
539
559
123
165
586
43
67
401
5
621
19
643
480
268
184
78
205
138
52
119
31
282
7
262
525
82
498
351
111
72
46
335
379
38
70
1
27
13
252
296
330
289
39
47
135
116
483
650
202
612
5
24
84
137
5
110
701
156
69
315
29
300
245
72
1552
12
27
187
97
2
581
33
176
96
129
472
129
229
79
20
276
66
154
210
388
134
227
387
164
294
187
434
177
209
28
244
91
101
69
22
64
26
132
52
110
87
21
124
96
220
1124
1019
430
144
103
465
488
317
163
26
41
72
301
27
129
183
39
221
294
124
259
116
241
119
514
580
53
236
282
141
15
163
40
223
311
35
379
528
18
121
72
5
40
431
74
276
353
66
207
161
433
1153
623
310
475
1
689
723
292
434
273
434
275
136
49
368
12
45
244
2
67
125
213
18
256
267
69
49
6
74
109
113
51
48
22
152
131
299
104
237
201
428
640
222
639
171
156
573
26
15
97
201
299
324
122
161
358
158
110
45
312
64
135
23
32
305
421
67
87
257
25
47
63
22
440
32
184
419
233
29
60
234
454
149
35
104
199
97
96
125
826
185
40
265
541
20
376
389
181
395
318
293
16
83
660
116
192
337
474
117
67
69
182
115
382
191
97
40
46
61
14
26
388
153
188
49
504
198
95
11
33
75
114
328
87
196
374
57
337
103
123
66
9
1
22
36
119
12
266
2
69
174
120
183
144
79
349
49
251
217
194
120
10
459
51
239
25
79
442
88
281
377
39
92
298
178
174
42
129
50
385
263
23
126
513
127
3
151
519
44
227
408
75
188
92
22
130
64
194
107
495
12
71
76
80
214
100
17
234
71
78
241
252
37
603
277
261
282
6
500
86
176
62
206
5
159
319
195
369
81
49
180
176
25
469
41
151
13
447
51
520
276
691
72
207
23
51
872
593
643
323
131
419
312
4
19
40
282
191
95
75
207
87
64
103
293
195
11
263
127
93
136
200
63
887
12
73
69
109
122
144
11
41
109
204
39
172
9
9
44
235
141
51
580
166
178
252
252
20
266
53
264
2
16
934
10
160
47
243
119
25
32
42
123
193
37
22
18
227
9
255
71
135
90
61
568
132
100
255
28
165
64
225
226
20
414
7
281
107
51
44
62
1
291
180
21
30
92
18
347
33
90
36
611
15
147
119
74
366
59
121
207
385
487
10
19
1258
147
201
146
542
311
131
104
376
280
42
81
94
427
270
220
495
801
35
152
17
300
34
233
120
125
316
94
102
29
226
267
43
88
141
544
13
326
182
135
146
59
63
3
158
318
171
393
870
189
89
407
297
31
19
236
53
7
126
444
48
198
55
84
53
118
48
17
83
100
528
26
721
29
864
117
127
106
113
192
129
221
54
63
810
380
75
468
42
231
9
56
486
73
276
188
302
168
33
133
465
449
46
395
63
808
81
105
163
57
138
26
175
70
25
138
32
86
51
409
111
406
525
587
242
70
169
45
175
52
173
36
132
407
139
57
163
22
30
34
332
8
75
147
186
88
38
325
68
74
167
24
29
275
97
802
96
583
104
279
133
206
175
176
103
21
51
300
16
149
17
104
351
278
273
555
540
110
109
444
6
190
112
24
186
46
141
324
85
349
73
407
110
277
21
239
173
169
31
516
35
806
228
83
321
163
4
124
11
318
248
571
174
94
55
81
50
371
55
79
176
253
215
27
112
47
466
484
150
142
88
28
54
574
73
190
144
380
241
32
155
137
276
185
284
481
301
42
123
829
92
583
227
199
46
13
197
100
195
24
86
84
75
326
361
177
36
88
84
57
238
5
14
58
17
897
646
293
35
18
435
221
150
146
324
306
5
42
54
102
256
206
271
261
321
78
170
334
73
33
62
174
59
18
102
147
19
231
41
250
379
94
38
211
42
93
260
195
155
819
168
8
144
80
1
155
618
7
34
54
197
14
372
463
752
69
100
128
2
273
4
256
212
100
14
107
222
71
336
327
145
456
6
366
32
122
4
393
60
57
98
44
407
201
56
131
321
173
2
1
500
235
207
1124
255
115
111
33
29
166
5
48
14
85
26
13
195
302
62
1
149
58
38
276
193
375
47
327
1
374
67
254
266
144
369
623
158
301
43
296
177
464
455
575
207
251
113
220
306
150
341
139
524
71
137
220
71
39
20
176
50
673
91
602
51
223
790
54
670
211
105
502
419
145
178
76
11
89
211
86
75
100
85
20
721
189
119
117
41
162
365
272
107
299
133
274
898
21
6
238
36
61
46
562
239
16
359
397
111
183
166
143
270
154
24
277
145
95
47
68
98
99
758
113
469
17
704
407
133
41
154
105
216
309
328
474
176
254
653
84
60
260
9
66
116
180
679
212
278
283
10
30
404
163
205
2
86
217
56
330
1
318
218
219
81
92
153
188
508
12
462
257
94
2
11
139
197
217
91
47
50
420
80
200
112
101
159
12
272
60
344
289
231
64
33
814
97
25
326
162
531
36
37
46
594
218
216
266
90
75
84
7
330
362
148
32
250
255
4
96
116
178
75
216
143
108
85
19
95
24
26
715
227
176
422
42
139
457
4
63
159
173
156
710
271
239
40
291
49
329
626
1178
27
81
107
31
74
139
38
558
47
105
19
329
17
83
268
75
442
418
96
21
538
716
43
18
182
137
571
70
63
105
411
33
357
31
532
165
272
61
35
238
27
4
102
257
440
465
10
109
78
265
18
570
24
126
24
207
67
53
164
60
10
268
393
70
557
202
276
1
81
485
113
276
250
551
371
23
245
53
240
174
85
171
171
56
144
142
259
34
14
422
399
455
171
133
189
23
36
103
383
62
114
28
243
244
467
24
73
12
725
276
41
17
380
128
95
35
110
1
9
79
159
95
309
39
252
326
107
131
170
1
78
396
56
14
66
98
713
129
282
101
763
83
175
110
16
126
25
163
645
84
221
20
223
202
86
297
40
77
30
152
170
628
79
6
335
80
14
369
155
485
63
218
381
91
169
80
183
168
145
9
20
92
322
189
263
152
221
19
146
26
62
181
489
290
29
254
5
2
162
80
166
69
2
26
167
208
108
274
86
285
97
504
200
103
53
58
90
485
624
56
27
297
392
50
237
439
21
187
191
215
363
81
88
115
54
269
567
134
802
357
176
853
196
52
52
53
87
186
155
179
146
14
57
73
173
39
87
286
227
17
35
71
183
160
165
34
70
50
204
208
261
681
509
37
55
248
97
25
29
131
177
87
275
26
646
48
226
120
223
304
108
59
15
110
24
464
40
48
200
738
36
89
243
277
76
41
79
370
115
304
35
469
38
601
31
224
44
127
1
59
301
78
628
622
195
852
59
149
157
85
311
31
405
80
160
1093
14
446
14
333
171
108
180
27
72
23
67
258
260
141
995
3
31
254
7
263
494
110
132
297
83
60
102
168
567
256
143
272
332
25
271
148
347
234
44
188
80
142
382
792
37
52
234
95
173
66
126
375
467
196
395
51
177
197
41
349
110
40
106
57
155
210
262
184
13
260
79
8
604
340
195
418
712
3
252
45
56
67
42
68
96
649
8
223
215
20
684
47
43
335
229
746
173
58
138
101
1258
29
524
77
48
216
124
163
119
241
71
170
205
732
47
286
807
62
62
28
62
64
218
253
714
44
83
198
187
207
188
658
45
741
158
169
136
201
80
447
268
185
58
315
191
166
202
231
44
371
94
346
125
273
65
19
82
94
1337
24
203
154
253
19
14
315
77
29
148
72
66
127
361
139
777
97
88
54
224
46
84
125
325
47
213
12
487
286
233
399
402
162
7
178
171
65
380
179
725
169
94
45
123
181
170
204
137
17
101
31
194
39
181
93
173
597
175
262
288
466
68
208
270
74
139
115
5
271
204
372
362
212
124
355
25
68
197
269
99
371
189
102
402
40
678
64
77
555
82
58
26
102
55
39
4
552
18
233
1227
111
92
138
348
97
159
219
172
71
146
873
392
378
51
21
448
145
75
85
56
65
84
15
90
375
130
92
232
53
39
489
153
778
342
677
119
755
264
31
66
17
190
8
231
136
318
71
67
45
82
55
35
70
96
194
666
170
315
193
79
42
146
213
281
308
190
28
337
403
125
225
271
341
26
3
57
98
55
4
242
655
174
15
125
152
167
69
140
190
339
304
25
8
41
110
421
544
49
82
194
244
153
202
175
107
20
142
145
91
321
62
503
61
114
110
34
279
91
117
203
259
5
41
342
51
185
238
49
55
563
105
36
91
16
94
145
131
111
175
13
131
16
926
315
64
28
86
351
548
174
105
28
100
262
197
327
102
154
510
39
54
556
200
78
547
167
46
83
88
391
291
8
1552
2
29
65
422
270
93
215
67
91
134
347
327
21
91
6
119
22
147
60
38
47
290
174
260
355
106
615
21
748
13
46
108
423
181
108
239
43
132
112
49
48
587
222
425
29
31
8
127
275
412
11
4
179
7
4
63
7
57
88
130
47
526
471
114
76
56
87
11
56
31
142
91
642
6
245
58
234
33
758
301
65
82
58
123
297
27
69
73
230
539
195
906
343
74
18
795
67
493
77
1106
139
65
392
180
311
526
14
64
121
14
178
487
352
54
198
475
67
48
223
327
202
215
565
374
535
188
64
46
22
110
205
69
108
67
9
709
51
354
722
2
663
6
45
197
443
387
14
133
137
505
2
595
18
176
174
741
139
240
185
125
113
154
274
111
68
6
48
317
29
413
277
60
185
207
271
446
70
125
151
8
195
87
282
31
170
361
481
6
80
508
317
86
62
2
32
184
58
378
23
172
265
38
331
147
181
916
260
467
48
68
17
28
261
16
602
2
812
144
99
94
13
19
37
211
619
157
120
269
68
158
16
10
173
325
215
6
1
190
64
15
35
147
416
8
251
28
54
97
158
225
170
21
43
132
197
103
42
354
90
133
51
100
9
34
167
343
458
261
276
150
18
5
1211
82
36
294
81
4
358
80
358
90
23
1
11
380
227
355
1248
146
226
44
263
29
156
15
568
55
52
67
174
49
125
188
546
399
69
9
37
253
171
27
284
171
266
191
338
106
109
103
287
52
68
598
78
695
234
40
70
11
113
17
21
198
73
450
146
48
236
69
218
225
412
62
175
67
70
40
143
373
156
310
45
158
39
159
87
177
46
20
162
46
99
49
274
42
20
37
203
121
460
227
20
322
271
126
482
112
250
213
1094
76
80
435
94
7
109
140
5
28
100
200
1194
199
18
144
334
307
486
539
152
198
155
16
174
129
309
218
232
504
3
257
837
116
217
333
237
48
43
11
96
48
34
364
56
50
176
144
111
298
116
486
303
275
79
17
20
161
46
2
46
201
76
305
6
76
3
447
488
173
284
33
75
514
922
754
58
358
11
129
164
837
563
10
73
312
16
1310
116
86
313
415
20
109
351
605
148
138
118
232
27
182
130
126
160
337
855
151
81
73
274
94
8
250
66
140
94
244
233
410
64
211
533
381
83
19
383
14
246
5
194
636
293
240
324
101
222
476
351
44
29
113
4
474
144
256
497
212
184
105
38
118
21
255
185
276
59
112
314
231
220
98
314
242
198
68
66
9
20
237
311
448
208
802
74
135
138
57
458
22
554
308
190
43
57
65
97
180
145
42
29
17
79
163
329
26
353
261
159
57
17
29
272
286
48
238
36
59
83
819
410
217
230
235
46
71
486
146
117
201
27
20
127
55
124
695
23
206
369
91
84
157
271
213
34
34
145
65
47
11
53
24
15
93
131
586
51
220
26
23
153
82
114
352
128
426
230
151
262
491
132
140
136
46
6
34
17
209
171
101
39
123
48
61
81
132
76
85
10
532
272
38
4
97
32
12
503
114
120
190
72
321
475
108
499
50
261
1161
39
8
288
242
426
284
35
159
17
128
146
210
31
113
138
76
374
226
72
105
226
10
15
13
9
96
193
88
202
67
135
5
229
80
313
327
56
658
318
158
81
7
287
176
15
53
580
186
163
84
66
128
244
178
230
41
293
622
124
149
280
349
310
150
117
287
252
68
61
321
237
72
242
15
13
381
135
24
135
175
68
252
336
341
12
207
67
285
449
11
196
25
129
822
603
68
438
305
554
238
10
250
62
79
101
253
307
25
33
171
95
58
292
90
717
790
430
147
241
9
109
103
206
64
21
194
33
158
10
12
45
160
311
406
288
187
49
78
199
3
448
367
242
18
79
12
39
124
111
55
192
274
579
673
99
26
2
75
101
2
156
131
179
83
300
33
68
180
163
121
209
32
215
375
101
7
411
314
39
264
4
158
160
12
215
508
19
276
237
89
159
385
176
33
157
144
101
35
306
47
103
450
53
19
129
58
56
140
513
312
18
53
20
462
401
200
86
218
73
47
265
299
73
264
821
101
354
140
25
50
8
361
83
212
25
98
126
111
393
96
176
132
84
93
37
133
297
181
99
326
569
151
319
71
48
284
31
286
169
240
145
92
225
84
156
592
97
158
385
127
253
3
161
148
271
150
403
45
79
154
282
40
59
246
210
96
216
145
12
2
52
124
59
90
39
10
301
52
122
10
596
44
27
50
26
305
109
10
451
215
109
146
3
363
364
244
33
43
421
12
76
25
187
27
19
229
390
277
106
32
21
82
35
29
54
70
40
87
381
56
13
45
313
15
79
11
200
121
59
198
575
478
22
68
392
877
406
148
425
250
102
177
111
356
775
152
10
811
45
157
394
102
60
425
6
43
116
73
497
388
1
71
300
12
43
561
131
77
158
321
58
224
69
209
437
503
2
91
104
147
62
423
190
296
133
129
163
87
246
76
78
305
158
151
31
674
647
248
73
87
33
32
342
353
53
208
68
614
531
77
915
180
9
24
193
174
343
128
210
133
15
1278
339
15
23
93
205
165
92
122
145
70
348
486
65
382
640
25
292
60
150
323
81
93
307
46
261
4
119
19
109
1048
12
142
251
149
4
178
262
55
744
59
203
79
310
38
36
426
328
338
335
26
224
554
327
131
88
83
31
54
204
58
350
284
328
46
225
519
244
220
243
405
543
100
155
174
90
250
383
150
239
252
58
330
83
170
196
5
45
507
102
93
286
189
223
25
7
221
240
4
227
332
239
305
896
98
114
40
644
10
172
396
33
2
60
158
175
63
381
169
90
171
97
144
65
154
185
423
12
244
29
143
159
566
238
306
131
690
422
44
20
101
103
115
67
23
87
151
167
74
99
35
131
29
79
262
267
24
24
80
307
81
218
20
4
242
148
32
84
19
296
230
89
249
54
61
320
203
100
533
153
235
861
70
302
220
316
12
314
32
149
48
257
313
79
105
425
120
380
188
21
487
89
216
120
214
364
344
1129
120
176
428
355
30
54
599
19
118
246
136
41
35
6
277
688
155
138
18
7
63
43
97
417
356
52
24
36
190
330
15
297
190
130
135
450
19
168
171
345
680
79
3
275
101
203
196
48
58
453
243
122
605
460
33
97
119
73
1142
94
230
177
110
192
106
650
348
60
239
63
17
992
593
57
162
107
342
50
994
268
345
178
350
52
4
40
11
539
179
413
55
13
235
125
297
188
86
65
529
156
366
121
371
47
79
111
6
46
23
133
131
111
92
783
760
146
240
17
244
111
72
159
260
70
38
168
131
110
33
1121
337
127
24
20
255
218
57
33
75
54
217
812
39
275
50
349
212
180
606
130
44
88
368
69
80
55
99
411
92
81
281
11
123
376
350
1
6
34
19
11
58
254
183
24
206
293
539
49
77
337
119
25
17
336
237
105
411
33
77
44
265
44
80
244
334
177
3
348
162
14
116
23
217
646
281
24
483
33
64
182
103
201
174
166
94
132
164
160
35
97
213
46
84
128
57
168
311
231
113
14
162
94
23
209
80
89
232
14
131
32
53
274
73
182
122
56
171
206
87
250
611
96
335
102
111
48
23
182
65
54
155
14
282
217
27
81
1
103
220
459
76
186
3
314
103
85
474
109
203
35
49
53
1096
228
522
28
231
12
263
19
28
112
151
2
87
19
266
38
103
226
234
98
385
660
11
46
6
190
131
45
1011
140
139
313
963
492
378
178
70
58
33
234
37
155
75
508
1
111
104
146
51
399
126
31
1
61
801
322
134
51
116
151
155
261
309
107
192
334
33
339
437
194
196
96
41
585
142
229
375
4
339
14
27
268
112
196
29
27
226
265
13
23
295
47
205
134
400
126
143
43
26
235
173
180
195
137
558
26
125
1
130
340
417
401
261
36
257
29
19
297
49
142
1060
64
40
417
29
6
276
219
68
674
293
553
562
42
364
244
36
192
56
119
687
92
243
70
203
22
50
344
41
6
455
693
139
355
19
3
77
42
220
14
151
32
345
27
4
4
41
6
163
21
199
108
385
331
204
17
106
188
140
223
43
71
57
73
284
825
203
562
690
103
16
15
307
352
259
216
81
69
307
346
304
75
26
35
31
401
56
71
178
354
423
148
91
177
1
11
509
7
233
359
79
238
201
108
170
48
208
328
393
329
960
321
129
21
551
294
75
399
71
90
221
2
94
10
110
135
25
17
24
89
341
244
22
235
55
45
95
175
125
214
12
634
94
1
56
103
4
40
72
256
312
6
27
132
262
297
159
45
297
193
106
122
79
106
128
185
895
372
214
79
307
35
364
266
251
349
213
57
4
38
149
604
573
105
102
226
105
13
102
139
91
51
431
450
52
212
18
55
49
28
361
495
523
21
183
254
4
1
60
288
76
90
400
214
42
570
448
25
178
26
20
296
140
331
162
87
60
739
11
1758
123
39
74
515
538
22
43
18
144
193
163
36
1
51
224
154
41
111
983
110
38
1
53
854
5
195
108
178
405
291
675
432
131
116
114
3
164
209
606
184
202
20
7
291
451
14
291
433
315
868
9
71
296
186
411
247
722
61
114
127
54
60
417
131
62
264
157
570
67
11
221
200
10
44
30
724
149
9
115
177
24
24
87
162
262
220
157
22
198
219
155
566
58
151
73
712
2
46
562
165
72
132
187
29
199
7
67
68
30
32
114
27
119
191
48
18
22
297
57
493
129
25
200
12
148
137
56
30
29
85
440
338
151
550
139
216
131
14
386
71
248
51
883
169
81
221
413
432
214
87
118
139
51
56
176
591
95
505
33
84
64
1233
198
273
183
63
161
87
498
19
48
238
521
655
315
179
142
301
163
8
444
223
17
316
317
2
54
389
404
107
616
163
68
84
91
131
399
37
114
580
129
56
222
60
43
436
2
120
567
319
120
258
4
380
161
82
83
268
100
23
283
111
12
83
58
460
63
57
101
39
66
300
480
5
150
401
204
93
64
1
341
517
252
49
658
373
268
58
50
18
352
27
152
58
76
362
121
157
135
93
794
223
243
293
43
57
9
132
23
201
227
239
156
241
132
430
96
123
782
61
4
10
69
109
100
5
15
321
107
133
30
60
29
420
302
117
147
20
117
38
34
263
321
172
263
2
368
41
202
83
19
232
154
710
136
185
62
265
28
167
390
66
69
110
16
398
11
478
71
18
528
19
16
169
223
65
53
17
395
224
336
706
85
114
315
160
25
96
314
46
282
15
268
353
1248
124
282
156
156
418
34
16
220
133
394
456
323
6
21
131
172
1248
257
237
137
2
7
339
335
158
81
22
238
362
50
94
67
15
364
219
257
207
588
64
312
243
54
73
37
213
187
28
886
465
436
229
286
142
244
32
46
875
645
563
35
893
239
142
28
9
245
362
161
24
266
51
104
40
201
53
47
171
61
69
15
50
159
635
348
195
135
59
414
237
131
17
342
56
295
35
135
59
125
138
121
283
330
346
176
119
48
592
366
320
297
165
284
429
221
98
370
202
68
49
97
270
104
255
354
462
63
183
71
230
528
541
74
222
221
73
92
28
383
176
118
535
17
441
670
487
525
226
116
112
46
112
60
72
691
473
325
409
53
120
115
103
207
65
132
148
9
58
294
580
32
22
409
39
80
168
168
111
259
96
246
128
173
210
1007
203
28
149
349
208
511
226
298
171
403
140
319
177
401
175
292
245
103
77
116
77
450
53
106
201
40
450
47
360
637
715
11
24
162
75
120
77
348
175
31
122
171
112
160
257
73
169
74
77
214
427
553
277
93
387
75
367
28
123
692
38
25
363
403
39
204
364
240
168
203
342
82
102
125
250
142
99
270
344
74
306
216
69
194
120
165
289
12
118
27
34
136
272
9
6
364
95
136
150
13
224
66
96
27
379
587
403
461
203
292
70
213
43
428
436
49
945
138
195
99
553
117
493
272
100
554
221
82
87
568
205
139
141
433
184
58
85
35
54
113
24
46
67
46
265
143
389
498
157
112
117
9
471
16
142
35
164
54
53
241
368
154
68
117
151
338
37
106
146
624
4
64
9
19
114
296
233
121
52
98
403
337
170
238
6
268
158
207
66
174
151
54
221
157
108
306
325
206
21
68
21
469
56
13
64
222
264
35
113
81
417
282
76
84
250
4
17
389
135
171
42
358
256
51
282
583
344
444
768
35
294
147
455
70
316
465
51
112
142
25
113
137
145
196
368
497
468
198
510
175
207
311
138
17
75
463
26
120
31
184
72
97
443
257
363
30
102
96
483
11
114
97
57
2
244
13
828
214
151
28
148
307
33
184
6
193
30
134
403
129
400
49
190
155
146
129
511
34
194
154
606
120
150
210
155
207
379
188
428
471
77
17
533
10
2
313
43
716
102
36
46
36
75
142
84
17
11
79
59
321
416
431
161
282
33
176
12
489
45
63
62
50
85
5
71
226
8
187
959
423
195
18
110
96
210
252
148
226
54
316
6
53
108
106
144
76
1
351
205
7
371
146
123
96
5
121
399
238
520
292
5
71
232
90
502
239
452
161
293
48
34
92
153
83
85
166
52
240
31
754
53
547
254
71
95
96
23
372
674
380
43
122
131
104
331
19
38
107
474
44
71
317
57
139
34
254
184
62
229
234
618
188
387
67
185
6
152
116
246
204
7
184
45
81
31
180
163
79
289
160
97
69
506
277
66
194
90
238
736
471
124
69
40
62
206
121
26
174
7
894
63
56
178
27
35
145
101
130
364
20
91
363
407
622
8
194
95
25
262
74
20
84
271
263
444
122
331
153
267
76
171
230
175
8
57
80
26
183
47
447
467
98
268
263
281
298
205
37
1
88
508
76
115
466
69
119
147
217
220
85
287
10
120
101
304
91
257
345
822
208
32
440
86
39
273
104
64
323
79
95
633
218
237
43
77
97
127
22
353
79
195
107
86
13
160
48
85
156
342
583
134
42
92
267
24
98
83
274
136
163
63
118
102
84
460
31
461
10
54
172
534
409
39
1025
139
25
87
119
20
383
114
282
48
50
200
516
130
509
166
92
84
7
59
313
335
217
132
15
42
196
32
686
66
227
507
12
11
116
521
197
44
160
163
5
178
47
66
35
15
212
165
183
174
234
211
11
9
389
132
190
8
78
82
180
225
22
157
67
235
258
582
137
36
388
66
57
439
20
60
93
402
108
167
134
339
122
110
18
62
29
7
27
28
330
158
878
60
128
349
18
588
29
222
5
367
645
297
199
51
66
22
242
38
5
471
320
139
260
27
664
3
220
88
227
2
51
24
476
146
15
205
177
44
71
616
99
114
5
77
24
164
204
540
145
211
56
1
4
521
93
495
823
32
184
298
13
12
39
619
79
66
36
642
202
208
76
57
1
130
37
66
81
234
145
131
101
73
352
93
86
54
255
154
214
431
10
243
302
138
270
182
114
253
779
370
315
92
286
180
132
390
137
25
221
62
254
12
32
128
134
194
251
104
174
80
250
303
18
209
14
101
126
33
205
87
252
119
83
60
220
197
220
327
15
96
45
299
151
171
307
380
470
121
282
61
51
51
22
265
289
48
392
219
91
77
174
9
155
5
66
14
157
173
192
442
511
260
268
162
240
154
160
127
263
220
358
131
99
278
1144
943
23
19
355
13
503
105
21
1075
177
482
80
97
91
64
190
6
13
447
323
304
117
8
459
244
177
33
6
170
68
7
303
30
20
14
90
41
18
74
61
283
638
160
517
209
170
28
32
131
120
252
203
128
118
296
144
65
12
445
28
443
182
299
13
23
232
6
161
129
65
144
89
50
264
128
52
29
18
34
562
376
8
27
46
138
397
5
66
59
245
670
218
205
126
71
217
38
328
604
52
51
99
21
445
195
589
72
25
704
65
634
512
17
260
31
41
166
77
224
78
8
11
157
395
402
143
137
197
616
86
473
518
163
300
268
176
157
191
283
39
26
1
268
58
125
102
437
741
51
480
42
669
98
182
442
226
121
335
402
50
107
38
12
468
120
63
246
96
466
251
210
258
100
175
68
70
203
454
169
239
410
43
205
289
99
323
92
306
30
527
139
510
391
24
214
31
259
36
405
116
717
43
434
319
118
325
884
205
172
8
135
42
277
44
232
135
135
21
111
169
136
423
17
114
553
663
13
81
9
50
225
31
90
682
126
31
295
506
350
23
187
187
11
1100
568
111
173
28
127
431
190
33
563
34
428
222
208
138
252
446
469
222
40
18
6
514
132
51
252
216
94
250
99
88
274
103
94
368
37
442
122
154
169
87
271
254
302
296
77
121
35
621
218
51
6
18
62
496
27
55
125
49
321
249
554
1
34
102
342
429
449
45
499
98
6
254
1
1089
54
21
206
152
4
94
143
9
121
39
253
292
223
20
9
58
396
167
185
56
656
237
444
122
314
245
222
277
343
148
228
431
74
49
203
106
6
254
133
298
69
194
93
63
138
104
79
453
501
648
18
265
558
256
11
542
135
63
411
450
397
273
166
278
209
515
224
263
1691
66
125
148
676
434
164
41
16
150
7
280
499
321
108
22
606
199
182
35
48
717
5
15
39
20
70
112
140
54
126
23
386
13
39
399
138
220
596
55
645
146
253
441
103
46
954
577
654
68
226
117
294
26
713
135
396
825
86
50
250
96
14
26
182
321
42
373
139
410
166
28
336
35
311
373
143
144
153
350
5
65
67
165
173
52
470
82
28
167
13
466
249
328
426
77
80
542
477
785
40
200
286
151
97
619
137
197
687
68
25
66
68
476
57
294
204
8
88
283
65
236
181
250
149
41
210
49
56
199
182
59
81
70
57
14
145
27
515
245
22
73
34
334
921
46
57
305
159
142
45
418
233
590
680
90
297
104
124
74
201
297
87
25
89
112
15
87
31
184
3
6
356
166
106
441
128
473
325
309
139
337
217
303
381
197
7
6
224
168
273
10
419
664
25
134
57
340
195
608
71
10
157
3
219
65
794
622
35
131
67
115
65
87
72
150
84
275
137
88
7
1
66
386
121
149
224
284
170
127
204
107
23
363
29
151
248
424
77
109
174
21
444
386
60
265
6
31
362
9
450
126
58
58
40
28
536
137
215
308
145
185
45
57
310
14
59
557
218
6
48
213
85
222
231
203
109
316
20
195
20
677
196
563
79
16
489
52
741
200
158
457
370
219
264
522
211
157
48
12
343
178
321
3
38
329
163
368
78
176
21
532
776
237
489
358
373
123
67
133
84
108
211
442
506
76
1
472
23
325
37
37
14
213
161
327
387
376
58
1502
27
94
703
1153
117
25
366
220
1080
183
116
44
433
8
30
6
244
112
25
183
211
21
23
7
422
154
71
77
72
374
85
24
177
212
1
258
151
364
78
113
162
496
421
202
159
109
3
9
273
24
152
100
421
101
428
415
82
287
45
326
140
173
63
205
11
28
339
819
96
44
27
178
438
10
115
8
92
42
26
29
41
224
11
203
130
98
39
99
22
16
294
132
155
154
71
150
125
259
97
189
53
53
380
14
672
378
69
186
131
240
35
768
288
213
332
217
52
128
145
268
117
118
391
159
181
531
157
39
88
180
5
108
106
250
624
60
84
101
728
145
23
5
217
249
334
332
71
281
1
307
64
162
47
12
218
34
562
236
665
123
388
20
97
39
83
28
265
7
38
784
87
487
172
595
3
571
60
24
86
39
295
36
220
548
381
74
260
113
574
128
91
254
233
328
129
199
151
226
78
259
46
25
201
475
70
861
114
276
192
278
28
34
183
39
283
121
107
346
537
129
14
203
98
292
37
154
203
138
181
68
244
30
293
154
96
174
294
91
1044
224
1
31
35
445
204
22
119
32
151
118
142
87
394
64
149
434
46
73
165
122
54
180
244
159
329
42
135
795
187
5
187
264
28
477
72
161
31
575
134
146
114
53
6
20
747
42
24
344
72
86
67
36
58
636
970
234
370
55
47
28
139
201
5
106
68
468
283
64
120
109
126
157
582
123
103
246
34
463
78
314
163
27
39
53
149
125
18
298
1302
17
26
3
54
172
376
215
94
44
17
33
1
671
343
222
133
197
450
35
53
216
40
132
218
75
649
60
11
469
81
132
888
76
35
175
241
612
147
452
427
14
34
63
81
271
352
331
14
119
24
100
30
111
161
11
467
326
243
313
457
319
569
644
26
295
182
292
403
177
80
3
437
5
52
219
12
195
190
84
68
393
945
76
452
416
31
26
34
252
333
90
56
95
625
347
71
135
12
123
328
4
104
92
15
307
408
86
464
46
31
26
88
3
358
327
194
106
142
304
451
96
7
125
87
183
62
35
3
266
139
147
230
139
254
310
237
72
2
72
226
319
51
124
12
67
63
247
150
33
9
182
42
86
127
166
175
29
182
145
90
853
54
305
280
4
20
168
198
259
487
126
68
114
144
33
303
59
64
368
489
531
824
181
233
100
162
19
98
94
151
501
4
579
471
9
93
61
42
128
79
118
43
289
264
405
142
121
142
271
38
850
41
73
109
65
214
138
16
118
75
113
133
391
63
151
143
16
760
209
143
267
363
11
319
17
23
167
160
18
332
294
200
454
350
160
65
188
549
412
34
1209
1056
29
257
71
777
419
98
187
25
75
105
13
330
91
7
63
183
253
349
57
389
178
215
70
112
214
79
6
701
582
63
19
39
5
88
215
192
85
49
88
