187
39
68
157
92
145
129
15
77
173
1014
17
149
142
357
395
328
58
133
106
58
328
176
97
248
243
453
4
101
1619
188
22
93
263
114
168
26
16
120
366
495
28
39
133
46
181
349
71
266
68
58
102
219
256
132
114
75
236
104
129
339
35
125
257
115
64
551
183
209
529
245
73
331
198
1086
129
188
10
12
857
846
29
65
159
292
13
203
28
266
514
14
381
81
127
172
108
271
279
236
233
160
4
34
133
242
248
77
49
983
406
66
114
310
374
29
446
47
199
95
51
133
201
490
324
265
70
193
512
332
81
584
380
148
3
159
390
453
51
86
371
241
300
18
191
670
245
272
114
258
617
435
527
216
66
79
581
494
247
22
120
288
105
68
16
88
69
134
96
68
54
200
124
36
48
464
712
548
47
89
31
34
65
41
543
596
155
4
409
393
144
98
228
76
173
206
77
534
632
108
127
90
6
13
32
505
79
3
110
248
14
177
647
113
163
28
100
204
74
12
29
208
51
223
283
300
223
69
139
51
359
196
4
45
24
419
543
179
1
158
84
450
50
94
319
171
129
116
537
188
240
385
62
117
15
1
71
10
264
379
147
74
123
55
97
130
47
213
366
449
352
124
176
233
339
2
150
241
114
218
205
80
10
34
279
146
4
62
98
196
5
67
55
84
20
53
99
126
59
77
367
207
26
169
127
429
53
28
1
5
159
44
18
401
456
13
14
53
261
44
172
181
5
453
132
178
248
112
82
6
109
30
432
273
483
150
307
401
11
248
7
368
214
66
68
424
6
2
201
7
182
92
442
208
114
83
12
101
2
132
803
195
16
256
440
44
597
354
307
192
20
16
103
164
75
1169
277
197
111
303
391
128
266
45
344
11
38
187
258
47
104
471
168
70
349
6
270
20
245
344
44
247
95
444
402
219
313
65
117
595
70
140
24
42
706
638
79
232
95
8
52
168
6
10
311
236
133
86
69
196
93
232
48
75
34
37
32
274
18
435
321
70
14
209
260
489
381
277
358
3
104
74
63
22
264
20
343
11
19
81
91
14
374
121
138
41
439
59
531
132
474
118
260
235
96
6
4
131
206
148
56
18
352
119
149
157
19
19
71
47
453
647
280
320
287
988
41
232
62
382
422
207
232
106
182
295
23
326
60
326
81
16
496
165
118
350
202
247
100
481
82
175
95
168
49
67
124
6
407
287
42
2080
193
22
170
18
59
284
79
129
235
472
193
9
236
231
62
34
49
144
206
67
140
44
50
349
133
19
2
24
196
622
298
18
276
338
114
189
2
126
83
433
152
445
531
473
413
71
146
134
375
645
170
300
379
219
85
278
60
409
40
211
858
104
93
355
355
364
388
816
204
73
219
52
655
678
104
1080
53
352
215
52
16
34
197
322
441
43
411
244
44
95
133
450
655
364
153
75
102
77
32
8
101
66
10
7
29
111
469
131
2
74
87
25
111
70
698
189
187
172
34
100
571
119
30
543
6
174
9
579
640
138
79
117
1182
884
115
39
37
215
2
93
479
88
133
57
95
217
133
74
120
49
286
397
21
6
16
243
27
160
439
134
786
250
31
261
198
194
3
429
33
33
2
150
26
42
36
9
99
207
300
361
85
21
129
142
54
31
640
809
222
60
70
10
468
100
11
59
579
642
39
250
30
132
533
209
66
188
253
67
436
252
36
764
226
325
71
13
448
495
36
101
156
330
236
14
30
13
54
54
15
98
153
172
35
77
140
66
144
5
231
19
61
119
232
92
73
142
124
188
178
169
304
104
19
462
266
82
13
82
183
252
181
415
509
257
47
113
41
330
101
113
356
506
423
140
22
131
163
801
103
168
318
108
197
79
30
353
70
923
4
514
279
183
176
880
99
278
58
226
30
127
903
107
30
176
14
204
444
199
52
177
301
248
674
395
53
74
695
130
123
143
78
201
8
194
167
436
48
182
49
2
62
82
334
36
325
53
27
246
57
797
175
66
129
31
145
104
374
87
84
80
156
254
61
90
142
92
155
79
410
157
1
127
39
80
386
119
57
87
79
213
19
156
87
191
178
79
349
202
117
71
132
122
14
301
19
21
547
61
699
211
17
50
135
47
43
48
173
207
23
311
456
146
9
34
271
262
115
11
59
57
243
356
18
150
308
45
5
535
339
175
319
328
288
182
142
120
91
180
480
252
54
255
11
112
125
147
109
92
162
126
27
4
9
132
74
323
216
361
60
9
90
115
111
78
14
844
403
151
124
505
57
50
250
224
674
192
112
38
150
392
238
12
262
344
174
196
310
30
416
431
587
240
140
312
258
81
88
10
84
398
667
135
123
75
355
145
301
102
254
134
222
28
362
211
80
198
36
128
196
787
361
433
51
64
432
117
9
162
47
302
228
698
17
117
413
264
22
123
185
43
378
238
522
238
37
110
32
139
88
18
97
95
36
258
40
50
424
8
42
74
112
152
180
123
263
283
72
348
59
13
147
138
9
398
370
224
21
441
98
179
115
93
23
649
237
198
425
22
170
14
117
139
8
933
290
6
164
61
2
148
56
51
173
517
58
464
114
294
60
487
49
34
106
16
72
664
136
38
91
164
294
401
160
203
65
43
373
132
507
196
270
86
54
42
320
36
28
168
40
67
139
239
289
152
1049
308
550
47
360
62
199
83
1004
189
265
337
184
142
121
244
457
89
245
112
191
156
37
2
15
123
7
24
436
313
31
35
198
576
124
25
50
39
210
65
135
78
227
258
231
218
40
230
68
346
175
129
960
49
203
81
38
5
109
269
245
18
109
169
126
351
311
236
89
138
91
71
49
402
155
212
112
256
174
137
187
49
146
319
43
135
30
26
60
154
51
58
124
343
203
98
98
163
71
159
42
42
231
113
388
604
553
130
561
19
41
75
19
177
28
71
59
765
163
115
401
31
325
77
420
170
331
81
813
22
370
418
398
151
133
310
331
28
686
221
163
146
132
101
235
343
138
127
118
207
285
119
59
328
859
48
451
62
486
48
169
63
269
129
280
35
189
175
43
320
43
71
352
22
556
24
17
209
40
103
57
319
173
107
103
87
15
321
226
37
449
550
39
251
299
261
120
12
427
25
365
44
204
4
150
68
869
478
213
209
44
306
87
18
331
229
1
115
340
152
184
436
224
141
162
548
47
193
287
157
17
314
75
105
329
19
203
377
6
82
147
55
9
435
233
138
51
240
129
168
124
124
62
97
29
2
39
65
289
252
253
67
625
21
418
90
219
87
94
495
114
6
141
231
222
176
99
96
163
1
585
21
245
54
134
611
28
205
51
497
203
43
166
68
54
195
152
348
210
59
34
644
156
259
35
20
144
84
331
105
145
52
65
48
254
19
73
55
133
225
189
442
134
328
291
482
185
9
886
108
218
351
201
317
214
59
274
107
126
48
150
189
295
21
6
624
31
381
710
51
947
135
641
15
120
488
2
375
256
29
226
180
18
241
221
173
12
154
59
117
460
386
81
88
708
115
139
47
17
607
641
56
106
162
191
37
27
125
44
30
50
284
273
216
276
21
85
335
843
177
98
337
207
144
56
87
259
34
238
233
24
106
654
680
126
113
205
276
172
1298
118
38
235
426
13
286
715
356
662
84
215
144
166
4
1
5
132
217
192
61
84
680
67
363
441
107
398
295
342
49
86
214
22
222
241
163
48
433
153
76
10
89
60
147
531
93
279
345
142
230
43
386
433
123
24
117
412
570
62
80
210
337
118
37
258
248
307
537
140
406
231
161
80
99
542
466
84
11
28
547
825
35
719
29
136
108
172
5
60
61
74
589
88
204
84
381
19
244
118
58
633
99
30
30
295
77
329
11
97
14
370
835
322
39
117
98
10
560
28
727
191
108
181
166
404
196
797
200
44
108
33
372
78
665
18
62
160
90
667
122
86
65
16
41
13
37
13
991
32
714
236
68
260
321
242
47
377
159
302
4
60
580
85
32
11
656
39
254
13
18
126
231
59
97
128
84
20
478
57
114
25
72
213
155
184
33
37
1
224
7
191
24
247
270
115
227
82
180
153
418
492
100
82
108
357
526
32
397
116
146
102
65
1176
163
414
473
123
157
140
39
115
159
367
192
46
179
325
12
14
469
284
248
591
156
169
107
157
72
233
268
397
123
420
41
158
48
227
35
271
105
42
6
592
103
64
346
190
201
311
1036
397
319
468
311
48
27
28
154
162
266
32
165
85
153
3
487
55
178
395
219
24
141
222
699
273
276
45
193
6
85
249
70
13
2
141
63
721
17
602
267
286
74
10
144
18
456
23
77
64
372
234
94
121
610
92
140
16
176
97
132
282
159
384
385
256
27
163
475
258
236
539
13
293
539
95
93
138
9
110
84
166
862
451
365
387
45
218
50
476
281
9
135
80
105
126
220
191
168
151
10
38
178
580
212
483
96
184
141
52
329
46
6
271
401
228
46
205
11
490
327
537
564
412
74
135
114
299
340
53
192
88
202
56
269
351
272
53
58
206
431
27
93
210
140
36
38
252
47
85
207
117
9
162
225
8
45
47
131
689
133
309
96
118
46
18
123
98
216
139
1
465
13
63
61
559
1022
454
119
31
41
257
125
155
328
464
80
38
4
219
270
46
579
47
344
222
423
11
103
102
349
45
514
56
43
605
85
49
348
265
14
165
12
275
85
125
14
340
25
92
47
62
286
189
165
33
269
93
98
270
171
187
281
153
34
1
5
232
359
178
104
40
60
12
84
188
123
119
424
400
22
46
345
198
110
67
319
727
305
90
9
575
77
260
12
112
230
828
442
46
68
31
57
126
19
39
34
256
78
233
105
79
42
248
135
182
621
69
46
294
116
508
281
231
80
117
115
147
80
123
261
120
186
506
585
155
127
522
46
249
316
87
460
45
26
102
118
53
532
217
114
85
10
320
6
45
199
103
233
38
286
37
14
184
6
589
46
12
34
318
311
113
18
171
239
48
137
56
142
328
61
103
52
50
300
48
639
598
186
51
243
124
137
77
5
9
32
47
324
106
277
265
324
573
267
123
55
316
271
231
21
345
48
133
108
203
213
370
55
189
719
140
126
42
440
180
76
94
446
215
199
240
235
36
266
154
208
17
11
23
32
205
52
949
98
374
551
165
158
383
34
16
319
313
11
401
31
30
57
111
155
51
215
271
63
713
220
251
10
131
293
5
348
135
139
58
258
102
329
224
34
397
177
124
133
192
203
263
72
168
257
56
246
315
650
18
190
147
64
46
149
220
22
30
275
18
25
280
148
4
32
93
9
668
1803
21
313
129
132
268
59
681
55
18
89
54
242
750
240
199
348
561
1078
195
398
290
257
270
409
405
107
159
36
293
180
256
126
155
330
349
602
164
263
443
437
114
319
94
30
104
84
184
41
19
263
70
652
556
105
58
32
42
95
332
36
247
12
36
207
161
744
23
136
176
74
90
86
919
225
3
191
12
47
44
329
6
84
181
101
105
71
401
512
148
265
175
159
272
144
307
310
28
17
251
213
518
105
405
457
223
884
511
177
88
320
212
273
89
302
108
61
205
265
76
300
459
33
195
325
32
437
164
273
131
56
5
17
106
70
93
106
192
15
362
177
112
126
220
206
452
85
187
270
351
468
314
415
167
201
210
147
491
623
501
615
6
545
92
138
177
14
72
86
41
188
124
58
28
103
106
266
225
230
1033
25
413
360
639
765
831
156
87
94
282
81
294
121
107
728
12
270
257
231
160
293
564
195
127
72
6
206
150
392
602
300
92
292
104
102
591
117
371
167
100
30
22
128
134
407
143
146
92
261
323
559
135
79
233
132
142
165
109
15
26
115
45
624
135
35
293
76
89
49
9
279
101
231
22
228
487
111
100
14
157
129
150
127
610
62
114
464
42
574
74
105
291
134
23
451
19
382
5
31
61
373
247
132
634
689
195
22
89
554
92
125
321
20
78
283
56
112
107
552
19
122
110
52
145
197
179
190
392
141
627
67
43
124
39
133
208
10
58
262
184
338
618
461
77
304
80
28
28
56
16
877
286
45
46
543
421
12
301
126
128
403
14
919
35
318
2
357
1036
14
70
101
444
14
444
483
57
365
104
280
389
271
18
320
257
93
349
311
366
175
4
36
165
304
169
87
203
39
807
562
141
64
299
300
594
66
30
93
248
214
29
207
29
157
82
122
124
59
37
439
381
182
413
281
264
41
105
72
169
145
20
168
209
1111
115
101
632
211
400
139
317
252
330
216
30
395
520
100
113
55
352
39
359
19
29
198
163
23
54
193
93
80
165
342
399
222
271
190
171
682
128
399
163
183
119
139
146
141
42
97
13
318
29
117
39
203
328
148
173
227
113
527
509
253
339
31
166
339
407
206
504
186
171
93
6
716
308
247
99
421
217
158
267
138
26
75
267
109
24
145
73
24
19
239
170
97
144
78
27
11
254
154
178
154
1
63
43
186
65
226
82
731
24
85
351
2
159
62
371
46
134
7
49
255
4
54
31
193
148
139
439
19
478
42
207
80
332
35
5
88
20
202
107
97
146
176
216
18
451
191
69
89
185
366
288
487
283
237
497
75
549
34
39
260
298
83
190
31
62
738
120
39
27
215
30
69
17
108
154
171
89
149
84
356
81
11
89
42
161
16
214
558
13
22
63
408
94
171
136
261
389
1
94
24
862
221
143
128
49
82
257
112
377
1
264
40
300
25
99
29
94
49
176
172
113
143
110
142
130
77
282
115
70
408
219
74
1
111
791
71
166
39
123
230
1
449
218
158
58
363
48
119
478
328
101
446
310
443
385
259
175
372
82
47
140
158
35
1013
51
156
133
262
786
26
584
128
38
452
328
220
69
89
32
463
167
93
58
32
21
21
282
243
453
63
203
171
198
84
221
139
107
125
107
81
156
239
91
4
112
157
71
415
213
35
133
94
128
68
307
44
158
78
68
250
87
158
153
221
7
508
674
57
12
134
204
59
156
295
383
209
164
49
277
21
75
16
134
361
127
291
21
135
153
24
171
27
183
132
93
48
73
67
319
276
90
279
136
56
134
163
149
292
16
30
54
381
123
66
98
85
26
413
280
15
232
86
251
101
1
256
625
146
55
295
416
192
57
55
300
201
25
190
125
442
46
96
72
58
139
68
95
13
249
143
318
169
369
60
297
17
212
283
170
139
390
16
429
161
88
298
290
91
95
359
251
191
437
385
672
1
15
652
198
52
55
111
261
51
13
108
307
355
88
503
672
216
103
53
128
88
10
6
45
649
115
127
71
203
318
75
246
105
3
141
64
44
111
47
151
388
194
266
278
98
199
98
88
20
80
191
61
483
102
144
68
158
229
22
45
274
75
89
131
89
104
127
108
103
246
71
204
428
4
130
206
174
256
40
112
138
76
575
366
47
47
177
248
353
255
220
96
346
153
113
243
85
148
273
29
93
56
689
721
76
679
57
103
85
180
37
83
33
59
67
290
78
1114
120
191
27
95
116
285
373
68
342
62
119
412
167
124
265
467
86
486
284
104
870
551
245
517
11
246
545
61
10
166
110
1039
33
190
80
239
7
53
429
24
212
151
85
40
145
107
46
68
102
73
107
132
952
27
299
25
100
200
78
220
746
262
302
35
169
316
564
565
109
215
22
61
479
77
72
99
145
707
183
248
544
129
15
171
449
333
291
67
174
222
95
6
39
260
277
35
118
248
11
179
453
410
281
252
103
524
41
213
358
17
345
45
187
46
25
63
224
335
815
61
391
386
288
24
17
870
309
98
87
97
84
85
26
222
44
38
319
27
119
90
17
214
411
142
492
281
152
95
210
489
347
190
74
230
262
466
127
488
115
617
247
72
19
27
17
347
408
10
182
30
31
23
48
177
371
22
45
377
441
512
135
401
303
186
391
26
28
192
130
413
83
234
303
113
36
13
25
14
77
126
34
224
490
246
149
258
514
39
208
228
90
35
46
99
115
53
66
188
101
225
170
47
53
31
224
44
7
148
476
23
37
69
214
459
1538
45
219
446
100
201
67
488
244
158
32
40
130
47
42
10
169
258
167
51
547
170
83
136
279
15
132
194
33
19
32
122
53
360
191
431
198
21
858
227
65
294
2
438
221
653
9
335
66
198
192
43
95
704
168
234
739
143
48
57
18
33
140
121
8
19
245
123
21
504
127
173
5
266
366
32
427
206
32
275
273
128
52
91
171
9
1
193
590
373
323
184
422
131
120
126
113
215
189
85
89
34
70
227
136
166
4
161
16
26
204
36
306
161
56
614
199
46
28
177
143
75
75
61
159
333
162
155
6
119
86
56
16
180
394
147
341
180
64
222
74
754
147
361
328
100
386
31
279
183
62
91
20
89
31
303
43
176
52
42
8
177
66
340
879
260
110
23
262
97
228
7
258
148
192
4
338
265
180
16
54
19
177
43
259
212
8
224
1
696
262
102
60
112
23
244
589
305
14
495
161
253
210
31
167
302
188
113
105
151
82
420
126
59
22
305
6
18
18
113
64
375
34
193
18
154
426
143
439
237
263
444
45
177
577
127
38
135
4
59
301
634
72
204
552
100
223
75
49
283
253
141
96
342
120
294
141
239
1011
325
371
26
44
118
43
47
220
123
674
25
47
31
245
108
12
107
50
145
1144
111
21
1216
245
78
328
47
103
56
22
495
41
28
546
115
17
124
197
4
62
145
130
366
98
51
171
145
143
53
871
90
194
55
15
87
38
65
25
11
203
451
10
108
149
1092
97
268
382
68
46
219
151
4
77
164
189
20
88
19
484
17
2
97
538
84
30
172
174
260
776
24
201
11
25
204
118
433
138
363
347
270
50
5
180
76
45
441
296
325
189
42
387
537
29
281
36
307
434
213
265
2
33
398
247
145
218
57
248
56
234
62
32
25
163
42
549
254
537
38
190
441
141
18
67
251
79
91
99
19
138
313
306
108
130
140
5
156
212
26
114
134
121
65
343
36
239
124
96
144
105
124
253
87
313
63
130
81
196
352
153
57
277
102
51
51
483
578
176
401
201
87
14
1
98
361
231
23
252
95
19
610
194
150
143
213
337
118
13
209
38
127
88
254
3
25
445
219
134
347
56
236
277
62
106
32
38
201
112
210
66
226
171
60
213
404
62
266
146
156
3
142
46
83
124
114
59
326
699
578
83
135
232
235
268
100
187
55
181
16
171
583
210
80
233
194
236
236
21
1332
115
243
204
252
10
45
73
307
6
152
806
55
235
4
122
1
533
135
31
169
150
69
139
200
229
146
198
44
1
534
660
77
240
70
185
10
27
155
41
205
136
181
321
235
402
43
538
53
59
152
372
103
562
26
110
327
347
208
550
25
631
54
220
9
6
452
463
58
602
165
52
82
98
142
200
107
65
150
83
122
52
247
440
666
448
28
103
8
26
82
137
128
3
692
387
705
265
75
430
8
29
42
111
225
12
1194
8
133
113
57
272
51
652
113
315
122
158
182
83
91
46
112
153
82
261
51
4
100
266
165
55
19
95
13
185
530
112
4
490
635
530
71
12
160
37
81
108
9
31
150
816
70
75
798
196
266
276
322
134
11
152
431
1060
12
131
156
111
366
7
267
142
379
127
85
8
489
31
59
678
392
7
204
524
321
60
65
229
225
338
51
117
38
50
268
154
165
80
245
106
192
1005
156
105
32
361
296
67
63
303
63
904
3
209
92
187
80
128
325
681
28
290
271
462
113
136
319
172
43
475
88
494
549
5
8
156
326
488
229
55
8
169
217
95
170
149
416
71
311
619
67
18
8
151
75
264
936
202
643
41
140
71
1
30
590
112
10
42
275
227
447
42
23
181
546
93
174
67
7
27
168
77
210
733
72
27
190
207
128
149
83
291
5
220
427
27
63
24
193
652
408
45
589
61
360
151
337
157
11
207
116
12
143
284
12
547
331
226
10
42
688
201
62
16
58
67
602
290
766
168
3
354
7
208
22
116
11
206
56
344
637
109
103
462
565
15
412
183
103
100
263
288
9
6
70
46
205
142
425
312
202
442
250
20
15
63
83
152
10
320
95
128
59
145
633
75
207
203
235
571
446
171
140
186
253
93
44
179
201
311
13
298
61
286
108
106
301
110
86
46
180
121
184
23
387
534
388
311
418
117
78
69
15
195
496
321
139
485
616
5
197
225
187
31
85
122
9
293
518
160
159
667
498
213
143
229
207
286
167
223
91
12
311
73
231
6
57
64
88
139
304
197
890
330
84
33
376
373
259
142
58
43
15
35
257
11
513
136
131
43
65
32
72
210
84
1375
123
95
133
321
253
172
22
408
13
503
338
478
44
101
352
74
122
800
291
802
41
423
417
41
40
141
446
55
86
808
119
258
17
87
86
925
136
39
166
168
33
365
70
93
69
36
505
44
50
207
48
127
538
703
195
270
155
16
9
354
206
106
311
40
48
254
60
74
12
525
6
421
152
134
288
80
137
324
320
155
42
1352
234
140
18
278
203
136
77
92
15
198
302
432
63
103
130
87
93
11
58
11
173
73
120
425
521
110
206
163
128
10
664
648
49
330
47
55
189
25
56
596
8
45
352
578
2
302
129
47
161
93
98
93
145
233
26
28
46
28
9
63
39
308
30
155
144
596
89
10
122
195
4
129
259
570
80
261
87
8
293
84
99
58
56
68
90
51
259
113
272
307
123
93
89
32
58
354
6
84
10
98
72
95
72
237
204
24
68
671
382
58
449
466
41
151
14
329
386
116
108
19
102
160
30
436
233
421
349
7
514
55
59
11
137
18
267
119
999
312
39
782
70
359
88
29
683
430
174
151
608
48
74
134
278
117
311
117
11
14
87
114
19
271
113
116
185
317
514
227
262
503
580
235
221
158
193
91
130
359
677
207
356
291
137
25
21
76
178
57
162
31
66
109
26
315
140
155
107
455
115
107
141
65
1
187
44
135
28
7
39
273
427
548
436
218
7
160
122
417
42
25
149
423
8
125
85
40
386
534
531
28
340
299
235
134
53
362
74
25
70
214
56
349
120
307
264
335
586
124
164
218
239
117
141
103
3
29
318
151
86
313
95
169
172
876
98
3
802
16
215
48
136
386
175
28
61
35
46
125
53
191
397
15
244
53
60
37
173
21
54
78
74
439
44
207
43
90
104
37
16
194
26
481
14
83
329
160
97
200
86
49
384
409
155
79
62
14
287
804
12
24
31
410
152
177
10
26
25
72
65
22
316
88
303
237
82
477
59
356
83
89
115
1
271
40
130
141
454
28
50
1691
278
6
247
84
67
369
330
22
283
73
58
344
458
285
606
97
175
126
800
162
28
20
642
24
321
180
69
151
180
46
11
250
521
311
382
267
70
46
174
12
142
698
71
35
191
477
36
31
13
1
288
32
51
41
197
37
451
57
74
36
337
215
439
637
346
115
46
474
291
343
230
295
255
798
23
325
202
127
34
132
890
186
19
424
162
169
89
31
405
94
171
3
134
122
180
502
207
22
26
158
93
111
209
101
254
26
18
67
27
244
464
59
164
121
38
408
152
311
74
86
150
74
391
151
3
34
55
26
167
2
221
42
58
87
53
106
315
62
88
712
248
127
175
216
534
338
580
16
5
684
356
118
207
125
207
2
58
476
25
111
263
132
204
49
2
150
105
210
46
96
292
18
138
47
184
54
53
13
12
71
96
354
146
114
686
91
29
176
155
124
272
12
59
537
156
388
257
126
91
68
40
150
426
231
11
709
173
405
163
213
407
41
104
235
36
215
48
189
59
56
229
34
374
165
48
405
185
38
569
68
147
361
512
398
770
224
107
99
89
308
708
32
130
50
97
124
316
332
12
486
206
333
603
502
95
371
213
443
293
17
227
238
138
35
182
205
13
321
19
239
1055
164
143
42
229
275
13
206
207
507
34
13
217
621
19
67
141
32
185
238
244
81
108
917
32
125
82
45
378
212
11
251
295
22
39
146
2
554
214
82
39
92
27
608
99
43
72
93
191
13
9
15
316
151
22
14
155
71
57
766
301
223
275
395
41
228
565
710
239
337
388
53
13
411
162
167
195
415
63
446
77
145
527
460
30
25
37
106
616
160
102
143
2
29
19
32
570
446
272
132
250
56
338
188
44
138
1
798
421
47
30
35
114
308
42
35
164
94
135
23
463
124
365
108
106
35
122
40
875
232
137
15
266
530
35
88
239
210
1233
93
100
54
151
15
2
135
248
495
182
116
115
356
22
187
171
108
177
255
240
35
128
88
15
380
36
112
734
547
452
18
7
1239
25
370
147
27
73
179
90
83
142
68
353
380
138
490
176
78
370
196
30
412
288
150
76
8
25
30
354
109
84
447
169
51
260
290
222
105
325
101
699
228
64
261
666
6
58
209
342
9
49
148
167
249
122
42
10
548
112
70
278
127
332
146
9
139
189
173
1131
188
46
161
82
70
176
113
188
346
271
110
43
171
121
499
53
212
89
213
11
567
214
806
55
82
68
270
381
94
428
242
1020
1471
111
12
52
198
392
461
968
67
168
42
180
3
6
32
396
64
137
181
17
159
16
28
60
398
747
233
92
133
92
102
194
121
186
58
97
49
53
133
342
12
157
57
412
157
27
103
212
270
26
4
381
83
225
143
57
138
75
355
527
168
191
299
73
115
22
328
142
236
160
94
61
94
246
55
386
119
210
243
63
336
236
66
12
1087
38
266
24
64
537
806
369
120
441
307
583
1
133
281
64
308
100
189
610
16
76
34
81
22
53
526
363
379
458
15
89
69
926
62
51
340
245
72
97
12
40
50
475
329
161
125
80
75
9
16
2
174
365
76
13
723
49
316
651
319
206
116
96
20
67
103
111
88
250
69
323
102
42
254
5
20
77
209
66
42
143
133
1278
486
697
104
302
196
218
393
248
45
10
289
255
89
507
70
6
239
60
316
73
176
81
289
184
246
2
89
248
110
148
107
727
229
194
114
39
248
89
151
194
43
120
299
573
32
133
520
339
60
392
1
16
343
286
230
105
16
16
1
38
25
150
64
119
21
501
289
516
808
319
11
240
141
106
159
175
185
67
30
7
8
59
118
63
103
80
207
234
52
42
77
40
123
234
77
103
633
49
22
214
67
46
146
110
124
248
136
31
697
84
185
103
205
104
1
1
254
194
217
33
305
54
101
50
273
441
208
68
215
16
137
751
160
144
397
263
805
84
93
20
175
103
371
22
58
133
446
92
59
523
179
737
630
77
219
280
88
264
46
6
42
67
83
123
337
98
401
9
172
149
68
419
411
507
51
313
213
438
229
108
179
63
29
329
165
294
466
45
290
156
298
3
27
377
91
207
45
43
33
54
87
235
234
459
90
18
627
181
54
53
65
40
101
96
363
287
958
28
52
624
159
86
950
21
210
934
212
10
523
7
40
217
1
136
91
156
218
314
19
22
632
85
532
209
114
251
19
111
58
34
22
96
91
505
80
188
151
34
200
30
73
254
63
30
349
327
120
32
137
216
148
96
100
67
54
311
168
118
25
381
510
360
81
330
712
262
22
85
27
1163
13
93
273
303
168
623
245
251
111
7
214
5
963
622
242
76
29
153
275
125
1275
165
43
92
14
153
51
733
130
169
101
103
13
36
270
127
17
407
27
153
24
131
10
561
18
350
202
532
479
305
4
96
214
159
365
37
324
355
14
169
122
4
442
126
17
461
438
282
204
22
34
312
221
272
215
41
52
124
156
360
41
104
150
147
384
63
53
418
95
536
152
32
442
431
281
141
502
542
417
79
548
88
124
52
190
10
173
57
233
316
90
625
543
56
140
546
44
211
82
86
684
10
285
13
128
375
260
12
254
178
132
178
138
306
75
340
318
172
813
83
177
53
199
116
127
21
64
99
29
20
246
217
22
85
723
96
269
9
30
417
679
34
176
222
240
5
163
269
108
136
32
101
422
210
130
210
120
280
61
93
660
126
139
23
212
719
136
451
15
17
490
544
136
450
33
107
281
38
209
101
2
514
116
13
92
99
196
37
418
594
817
17
346
21
124
44
351
9
265
25
236
8
171
111
127
8
56
97
258
323
198
107
126
674
77
245
242
60
98
319
20
102
10
117
236
318
530
216
41
202
45
63
223
122
53
285
107
302
4
392
144
586
28
198
3
231
83
108
92
157
226
163
317
310
34
21
103
355
363
121
195
323
139
72
505
87
179
168
42
68
256
372
408
25
98
22
49
24
33
1161
241
875
1064
231
2
289
23
104
192
571
250
269
98
163
77
416
44
48
617
238
1275
241
242
12
97
68
51
24
1400
59
135
723
420
334
117
206
24
596
309
118
381
84
225
476
14
439
121
95
20
816
50
48
100
26
100
548
136
458
12
33
193
17
45
177
506
241
245
22
354
537
41
3
125
247
117
167
178
281
306
472
13
19
404
103
60
192
80
203
129
404
448
572
227
151
46
323
237
331
16
653
50
63
95
198
214
42
77
154
53
17
67
68
96
109
841
296
364
54
29
8
120
171
85
108
27
144
152
70
476
287
111
82
238
134
153
149
128
102
47
398
191
279
6
12
41
81
57
9
247
869
148
263
99
406
189
260
57
472
70
126
24
211
52
162
1
17
508
214
323
109
187
333
241
204
39
128
120
211
511
35
316
380
75
7
22
15
131
57
229
163
245
115
245
8
161
38
57
144
459
238
93
332
186
392
315
170
876
145
1017
225
414
67
90
296
104
699
55
685
83
165
105
66
15
9
522
612
12
616
387
49
506
7
289
179
431
246
157
85
337
425
130
37
164
310
5
222
324
71
72
339
38
133
273
395
305
357
393
450
1090
451
193
179
152
304
101
58
256
65
586
264
22
798
104
90
6
65
263
113
182
133
200
84
158
10
90
11
83
19
114
354
49
45
217
2
93
290
151
280
925
242
83
126
98
610
28
644
510
168
310
470
769
253
106
269
202
134
62
170
78
322
108
44
35
71
121
332
39
154
64
148
34
84
104
60
72
208
363
29
133
237
357
501
52
468
222
222
45
65
330
24
107
228
111
454
394
354
332
71
297
89
173
123
63
291
36
300
171
201
170
147
157
486
383
61
251
222
67
62
179
22
234
81
98
35
496
74
588
218
438
278
18
50
55
525
899
299
930
221
5
46
48
52
150
237
39
240
488
90
670
28
288
393
598
395
23
97
44
63
206
423
43
107
26
341
453
288
165
95
181
158
167
91
131
358
120
264
132
613
97
8
65
79
59
226
726
70
152
51
106
20
288
303
165
139
1387
175
6
63
345
328
7
863
46
372
584
97
535
555
303
260
304
134
196
101
47
443
135
44
257
63
158
165
254
433
43
43
499
211
659
49
47
143
245
157
10
19
5
100
39
117
115
232
388
46
58
84
85
13
168
21
348
342
115
508
144
546
190
203
38
430
408
377
272
34
89
265
66
62
659
372
780
178
34
125
121
106
59
208
1108
697
197
142
17
463
289
442
270
435
243
651
35
395
287
412
11
202
16
9
45
59
406
43
272
597
816
221
142
10
166
58
16
188
110
452
344
60
10
213
182
494
229
58
88
423
138
127
85
11
68
532
42
214
229
87
120
74
76
408
11
289
641
166
21
44
13
241
132
87
210
408
401
109
24
166
83
623
298
67
114
262
299
340
251
319
42
250
232
223
432
189
47
575
14
128
37
37
884
81
176
90
304
216
514
2
468
512
309
349
31
114
254
49
212
21
89
250
5
30
196
61
297
103
45
227
87
78
790
38
1076
36
273
42
137
192
274
147
74
79
124
565
833
140
44
63
98
30
299
37
212
616
7
146
104
256
82
304
27
549
358
18
49
160
224
119
233
323
452
1
505
268
51
130
154
158
122
416
302
60
261
199
103
614
65
22
158
4
5
307
155
184
188
955
29
322
39
130
21
272
154
258
228
19
5
78
414
18
229
52
811
294
14
72
113
103
76
461
73
248
285
555
179
15
313
47
165
45
33
81
74
117
108
40
406
66
475
19
493
23
210
279
136
546
266
21
273
7
235
1
31
40
31
48
27
172
120
61
222
1
176
311
277
92
441
16
25
40
4
23
111
17
263
17
31
952
298
210
43
10
162
263
384
308
384
70
348
328
60
447
698
112
170
83
234
121
447
81
99
199
179
109
2
509
444
16
25
32
76
75
127
25
207
194
174
375
227
180
50
520
128
16
75
221
68
43
57
22
657
22
1
115
596
317
26
8
233
324
557
171
176
33
23
96
69
111
332
214
135
53
229
168
598
857
451
424
1
66
95
44
52
275
192
95
147
256
11
69
64
165
131
108
465
655
136
119
108
25
93
129
60
12
112
353
31
7
60
43
19
59
431
14
106
377
53
43
336
102
564
4
100
399
596
308
229
58
375
100
158
441
116
152
9
201
147
66
18
364
68
242
1
130
107
153
348
47
44
184
117
280
296
4
97
117
475
288
114
57
55
287
309
34
152
5
1
55
393
652
110
55
48
129
72
9
123
413
97
376
43
67
23
110
93
168
41
56
58
102
280
447
173
169
379
156
141
26
98
416
44
95
96
71
183
156
199
277
86
360
178
1
60
440
187
294
105
104
77
116
52
249
84
387
196
72
7
454
169
609
154
62
26
140
306
69
93
475
266
27
61
203
155
30
295
9
354
411
100
271
477
108
109
232
809
147
730
477
54
69
64
199
445
368
15
306
11
251
304
157
119
107
50
665
512
514
119
79
287
150
232
60
221
303
287
66
166
824
15
331
557
1
141
51
804
290
78
28
43
68
115
99
242
171
19
721
6
60
89
71
131
58
134
20
472
88
151
109
12
16
46
449
52
159
140
295
114
486
1201
521
337
555
67
88
146
68
173
68
265
58
466
134
34
66
370
412
149
41
84
1038
153
79
139
148
302
204
376
69
653
416
14
5
25
349
191
77
3
619
55
1199
143
56
365
99
11
169
204
226
4
153
35
406
35
1206
546
147
393
52
124
281
97
688
82
265
437
77
13
27
101
236
126
221
111
300
61
126
153
310
188
12
130
428
69
413
43
15
80
40
82
126
190
25
183
51
125
384
147
2
184
178
726
82
140
79
30
198
186
33
11
80
80
9
177
530
98
329
781
55
84
64
216
268
484
68
190
99
574
202
875
244
164
137
32
117
113
128
458
307
215
372
32
72
50
25
195
181
115
116
700
493
130
6
432
206
75
34
146
562
26
327
407
115
183
183
103
68
39
16
165
121
158
495
126
154
156
56
122
3
304
140
241
54
19
32
213
1124
25
172
138
13
39
163
81
119
264
192
79
393
144
167
165
13
268
244
272
174
103
376
160
159
22
248
326
11
92
322
47
361
656
93
365
214
31
161
29
46
75
56
185
415
12
384
555
60
10
146
325
241
281
354
658
290
111
263
2
547
86
199
95
107
366
81
485
89
447
520
202
101
7
29
1
287
61
75
77
460
203
200
169
424
100
163
86
125
25
48
28
39
497
270
177
46
16
51
42
141
31
65
304
501
549
500
99
221
114
306
512
16
1
69
12
347
621
392
612
213
445
288
18
302
315
249
386
458
85
292
52
36
120
223
25
456
105
43
260
125
254
173
169
17
960
246
94
618
514
9
191
169
328
666
430
130
159
178
318
106
219
220
231
25
51
210
298
224
39
148
15
267
23
130
222
117
317
14
258
107
196
427
292
216
60
92
195
249
179
431
192
404
102
177
76
391
245
50
135
327
75
116
168
311
113
261
51
449
577
147
104
13
52
191
116
179
1050
135
139
210
40
175
25
193
57
36
621
192
977
387
176
15
54
120
123
208
93
11
357
102
76
41
327
130
272
602
57
59
22
340
324
39
106
30
236
53
60
1421
159
79
4
139
732
126
239
5
17
11
117
199
231
27
29
33
106
620
7
15
106
277
3
330
490
441
52
126
80
134
354
222
26
206
164
168
39
47
330
183
398
127
4
26
167
130
616
128
319
145
318
193
266
105
138
432
75
25
110
645
189
102
237
252
324
570
56
561
68
264
3
177
80
16
72
207
385
14
236
40
203
446
172
250
196
296
228
117
166
438
194
130
250
41
534
209
330
78
152
675
3
234
22
91
21
293
85
319
148
255
182
63
239
156
289
558
15
185
5
367
81
705
71
85
104
68
671
580
120
180
267
126
206
606
47
66
412
38
10
204
30
138
62
241
361
199
179
86
221
426
80
107
96
365
295
89
10
91
166
12
29
68
3
260
14
189
336
208
126
192
32
242
392
218
202
105
2
11
28
125
183
331
277
122
163
234
46
303
182
73
364
101
91
213
90
142
286
729
268
276
296
36
51
783
116
247
912
69
59
110
73
65
204
326
303
56
326
115
184
85
187
44
56
87
260
220
192
6
323
170
32
364
306
174
251
580
52
84
623
50
254
13
418
57
35
140
60
1
36
250
336
59
50
91
172
65
493
3
127
914
387
33
160
30
177
92
432
152
37
134
141
7
203
5
121
72
27
288
91
595
292
410
152
41
39
83
772
136
246
20
118
160
41
224
325
362
90
262
379
32
308
70
590
155
82
16
133
362
21
215
195
59
369
824
70
62
328
420
563
70
772
9
503
84
208
79
21
20
96
184
168
216
49
27
583
145
54
237
63
256
50
133
470
13
246
366
132
23
7
614
68
569
240
241
23
127
231
144
801
8
2
199
371
108
41
163
139
243
382
20
562
69
57
278
110
130
300
588
77
315
96
285
44
218
527
199
15
137
85
387
82
289
246
41
78
52
1
102
621
341
318
42
132
85
145
43
262
179
164
153
413
398
636
244
41
214
348
25
249
123
62
43
98
83
7
87
136
94
173
221
1
157
293
195
256
36
633
280
262
119
212
158
12
82
129
109
24
19
202
34
303
409
225
177
246
318
201
553
233
185
110
185
222
150
168
284
80
129
22
188
219
14
284
209
196
233
52
280
40
20
246
127
401
243
102
75
49
30
58
125
19
29
196
218
83
100
18
224
337
139
15
31
27
115
215
51
39
420
25
295
566
302
129
137
104
103
378
405
37
82
254
39
250
209
424
149
262
261
71
36
155
483
170
649
8
143
55
94
34
78
197
286
68
49
127
100
225
417
9
696
38
80
691
7
112
74
129
17
470
19
69
276
241
390
507
443
226
48
130
506
373
488
362
52
122
118
77
7
322
143
176
160
38
6
5
253
573
263
67
119
64
1
54
216
85
625
4
732
220
116
116
104
97
2
111
442
5
131
267
4
275
34
224
290
122
74
1236
198
331
3
305
632
176
665
101
385
89
69
89
129
694
11
70
18
268
113
218
238
495
71
155
212
79
28
21
818
218
4
23
430
110
252
8
36
552
115
28
1
130
107
6
412
438
418
70
548
262
132
106
326
103
372
198
728
43
51
58
320
294
723
210
77
5
406
244
355
292
382
438
138
65
86
254
405
16
254
315
214
5
511
27
180
19
9
2
263
367
232
23
4
21
628
6
135
237
692
9
612
395
189
51
119
38
177
242
96
149
85
54
216
26
863
391
218
534
293
295
101
191
58
57
221
76
256
265
223
91
839
449
267
85
18
296
229
114
19
376
158
170
135
36
17
92
95
59
354
53
433
22
33
240
23
355
1323
111
892
87
387
327
88
244
188
231
190
63
277
36
66
195
255
460
398
46
293
669
61
160
28
199
48
67
476
27
502
196
129
311
119
166
282
199
775
141
48
241
139
157
493
75
12
18
131
153
30
19
71
582
67
172
341
24
157
236
69
285
342
792
304
21
286
30
322
71
54
525
108
159
5
145
36
226
313
436
194
370
624
201
631
43
160
287
92
3
202
317
208
79
105
382
342
101
160
575
30
25
679
43
71
259
113
45
46
451
75
64
33
155
534
281
282
111
202
27
127
1105
50
33
7
96
278
301
249
14
108
573
205
51
132
25
36
18
533
246
120
120
521
18
72
227
206
123
109
49
177
65
8
19
999
110
55
80
99
452
321
365
518
42
441
190
165
24
150
333
247
55
11
219
104
282
150
217
206
375
101
747
505
111
45
207
196
88
287
108
80
551
205
306
187
356
44
26
122
39
29
115
492
20
395
250
878
75
136
54
119
25
375
646
192
93
72
94
276
315
343
269
10
51
3
76
684
24
173
109
425
489
553
369
222
217
125
186
98
93
18
131
157
161
215
63
28
142
490
78
692
224
87
52
133
225
497
44
130
90
305
7
5
144
25
56
13
111
34
45
302
34
108
359
98
155
114
372
95
348
345
425
391
6
4
219
12
323
167
151
171
4
63
80
155
282
14
47
32
660
593
44
334
125
325
15
104
161
136
128
279
465
6
311
642
771
42
223
205
247
100
286
223
182
50
143
159
5
103
206
613
589
175
31
184
245
316
73
850
36
414
309
24
498
286
27
306
276
654
252
180
21
11
228
31
254
154
202
209
69
607
322
129
31
144
111
263
414
33
1
138
8
83
60
303
204
123
76
329
209
33
23
261
60
107
111
83
20
354
182
457
26
296
64
226
106
473
64
60
164
386
732
62
530
90
47
162
112
303
26
131
17
68
1074
83
16
169
127
169
150
117
30
353
224
28
1
134
240
215
292
241
577
23
91
180
235
30
317
242
57
188
214
50
160
194
98
39
7
357
204
26
496
112
361
115
243
146
64
335
12
95
348
11
328
78
221
276
63
176
6
608
204
9
96
106
209
26
25
126
46
258
21
58
59
164
27
43
163
204
247
147
198
100
47
294
146
31
257
674
240
82
279
143
279
102
18
104
13
130
406
473
60
1133
89
38
196
80
64
7
40
111
67
119
206
281
151
308
8
109
248
121
25
272
219
9
79
48
493
151
169
20
39
215
120
190
63
17
47
608
101
89
21
4
73
104
112
51
53
136
536
53
35
98
274
419
72
235
233
54
89
16
11
22
107
87
206
284
6
29
65
89
121
9
119
302
115
36
106
69
192
287
86
412
532
468
478
150
9
14
292
118
56
71
129
84
316
19
67
360
40
123
45
43
57
115
596
71
228
129
21
34
343
513
7
384
56
26
4
46
24
55
18
7
271
114
455
95
95
116
106
125
187
34
114
352
110
84
502
92
96
10
23
273
348
306
79
472
211
26
175
29
172
286
274
105
94
227
131
135
15
116
218
135
154
66
155
86
127
9
62
4
51
167
30
238
122
190
35
773
12
593
45
60
87
206
125
46
1
44
127
229
193
182
64
680
156
418
35
165
256
69
137
132
57
228
860
93
96
34
14
56
243
196
170
58
43
92
155
62
349
27
48
222
191
432
13
39
154
570
8
874
89
71
242
50
345
3
157
376
25
190
34
18
39
30
131
133
236
445
399
215
101
168
31
454
136
277
120
191
304
120
3
412
103
279
173
469
224
32
315
516
5
224
34
24
105
116
334
15
72
200
523
223
188
183
314
146
153
22
119
1061
425
84
2
40
249
333
106
114
401
208
335
25
69
131
91
31
224
122
156
353
73
130
332
332
238
60
309
104
391
80
215
59
304
148
11
175
1
21
16
514
326
7
298
217
735
209
233
53
180
18
269
70
357
310
42
317
54
164
372
35
114
64
67
158
296
412
60
134
345
241
10
244
56
324
576
144
639
61
196
200
28
40
169
262
391
99
81
169
35
130
301
18
16
60
25
56
135
55
364
2
169
41
99
80
65
109
228
84
750
420
60
354
177
174
69
24
45
173
22
71
258
658
136
51
111
15
154
528
487
114
21
855
133
174
289
166
84
76
115
155
185
145
65
148
192
17
58
29
148
25
628
87
160
539
875
78
985
700
153
109
90
56
114
714
211
98
111
103
52
446
283
49
60
220
626
200
48
121
458
48
80
56
588
83
177
64
89
374
25
227
225
271
140
110
83
56
1064
168
50
11
11
147
68
45
46
69
37
69
249
112
295
132
675
212
253
14
29
359
312
901
751
99
29
31
85
233
103
310
69
166
177
542
70
154
281
9
161
341
94
394
319
254
140
318
200
147
141
174
360
117
167
214
188
292
220
19
56
263
70
78
33
65
166
241
289
57
941
1
58
31
202
488
136
1036
338
256
90
133
31
28
225
441
12
129
427
575
199
60
442
48
317
64
7
17
302
48
193
538
502
16
19
201
185
56
37
463
153
160
7
212
11
42
814
548
267
308
145
147
737
165
81
286
295
317
55
344
121
161
90
359
161
615
252
27
148
395
154
11
169
69
95
186
60
118
114
75
36
213
14
165
56
25
603
693
40
278
501
328
104
5
365
37
1363
15
187
496
54
1
211
5
530
223
615
97
93
341
10
248
1029
398
558
189
169
62
129
104
17
262
13
340
9
31
55
24
125
164
19
307
38
24
492
92
253
30
40
139
182
114
40
324
780
487
97
223
232
168
757
184
192
8
138
22
93
211
20
348
56
67
81
694
90
394
15
186
27
385
75
580
268
204
154
51
659
5
135
50
495
321
413
13
7
237
481
96
841
142
66
109
260
348
86
40
110
30
47
50
119
243
119
37
42
1
38
172
426
28
44
45
40
636
507
60
219
119
339
363
17
435
4
859
103
129
1255
181
171
10
282
220
13
68
150
18
541
74
127
115
290
442
65
5
797
61
51
197
566
283
175
27
115
41
416
176
366
59
784
395
194
491
135
94
117
533
84
19
164
167
38
84
270
230
89
171
114
31
53
174
98
326
108
94
115
4
282
55
252
455
366
20
671
67
152
263
36
222
148
8
55
973
89
328
5
184
472
45
53
59
265
138
190
134
93
38
10
48
490
580
319
388
668
427
186
497
83
22
439
62
155
61
269
7
119
74
528
123
52
257
223
126
398
255
83
111
84
173
370
351
573
220
565
73
178
65
28
317
256
344
94
43
249
159
112
87
48
70
395
307
132
112
203
412
21
168
90
608
15
27
754
28
307
82
22
30
307
317
253
26
354
41
129
208
46
37
61
344
288
40
78
358
219
16
188
304
62
78
175
27
30
337
47
186
254
380
78
627
129
114
33
74
34
122
28
158
4
386
308
157
161
88
464
170
192
432
216
255
149
55
1027
256
755
24
419
676
94
18
274
21
110
212
322
1102
155
423
96
147
2
329
33
364
96
38
69
234
5
162
124
115
98
153
229
52
386
597
532
30
256
418
187
187
54
95
198
9
35
215
90
519
401
239
19
54
99
612
63
180
108
57
63
451
246
103
348
395
434
268
463
62
16
7
53
58
90
2
44
148
156
683
71
356
27
218
548
138
13
927
247
105
36
180
575
66
230
1393
238
160
7
86
502
250
19
80
9
143
21
105
211
261
162
597
142
6
37
76
192
179
54
158
175
773
133
237
536
1180
383
122
217
568
20
27
244
14
296
143
163
181
175
488
273
38
107
253
104
5
50
262
210
248
16
372
598
408
117
25
65
219
22
404
41
105
251
416
172
26
125
69
96
111
318
79
335
177
224
87
140
9
86
121
33
62
22
19
688
90
543
464
191
27
216
71
338
7
99
429
117
454
388
87
49
205
168
508
312
510
54
461
101
7
126
137
343
441
40
117
435
122
250
162
39
116
21
306
47
194
120
453
329
204
788
85
401
186
167
115
46
85
83
97
304
217
79
85
668
112
142
9
10
410
93
11
305
427
80
79
21
239
15
29
292
325
49
446
49
101
72
18
38
56
173
310
120
75
151
603
130
591
204
1061
445
10
83
356
386
603
192
448
79
141
66
65
3
14
66
174
57
330
29
157
107
51
422
15
66
18
147
266
371
267
126
93
588
30
456
337
104
91
166
113
341
2
553
133
360
77
55
669
9
90
62
631
54
25
147
33
59
320
176
177
32
71
50
48
366
5
38
95
8
11
25
373
184
431
280
96
23
227
138
171
297
68
268
581
154
610
26
531
115
1106
381
397
14
88
134
150
68
70
28
94
584
38
166
3
310
153
66
12
71
131
335
468
243
157
117
179
340
2
203
62
1024
553
71
100
399
378
42
71
22
62
171
26
534
19
157
307
180
16
485
16
132
64
65
108
43
324
23
119
37
280
97
858
41
182
269
127
105
572
177
128
42
702
37
104
94
103
7
704
77
83
443
125
76
348
80
157
236
121
75
155
62
450
2
452
89
224
367
389
34
4
71
663
161
35
103
134
60
494
86
89
90
441
72
257
10
28
280
232
278
186
129
88
99
86
139
286
633
173
23
313
33
219
66
218
66
71
194
19
35
215
36
239
49
1136
15
343
153
99
225
49
2
19
393
383
108
59
45
77
150
119
428
720
10
247
347
110
165
172
3
104
55
421
134
249
127
213
685
43
47
8
167
128
45
121
171
125
325
684
316
64
238
29
92
170
16
41
172
13
228
467
183
21
61
9
221
19
319
170
189
271
24
251
55
284
33
660
168
18
190
13
72
73
42
46
181
53
15
84
148
95
2
469
61
72
175
352
105
136
735
41
122
373
407
68
384
88
305
186
202
18
137
81
20
10
354
617
118
11
123
215
974
27
3
512
247
191
33
32
271
158
406
202
328
85
244
359
482
140
24
17
108
69
240
312
426
26
151
99
207
193
60
349
216
8
60
5
141
23
143
24
13
375
116
319
331
160
114
216
59
108
58
333
101
3
13
220
257
22
71
54
286
707
17
280
157
337
103
836
12
76
318
16
19
645
272
59
121
56
125
68
17
67
102
568
445
5
3
107
4
158
54
569
46
197
29
170
1758
26
42
75
187
57
268
176
454
110
517
75
170
222
326
119
481
57
382
81
17
163
178
238
142
659
153
223
53
168
50
200
269
177
127
50
58
94
217
111
470
263
52
1090
373
160
10
23
199
113
1
164
722
81
104
104
67
374
134
74
571
57
264
137
328
347
39
212
501
209
132
180
408
90
906
10
315
15
98
115
122
520
82
505
112
146
223
208
301
209
130
121
66
176
215
605
181
103
83
61
101
129
251
72
453
281
203
532
302
433
187
357
613
309
111
114
32
293
46
271
287
316
752
113
7
700
174
1
369
398
18
111
72
269
124
826
113
76
238
346
3
25
18
483
7
8
577
359
221
44
104
55
88
227
164
65
348
61
223
422
197
254
201
55
22
314
110
71
61
111
303
196
159
90
319
140
561
227
216
171
98
99
61
458
5
218
435
278
30
307
245
3
93
119
70
144
24
120
442
24
150
113
185
618
66
226
73
216
65
222
113
352
153
102
94
243
168
17
253
81
67
82
9
16
372
137
130
304
130
1
279
146
244
206
675
33
591
180
296
212
749
573
48
134
41
275
499
379
32
51
464
49
113
40
204
550
35
67
226
70
45
47
134
346
191
86
295
61
30
24
597
712
80
103
9
35
60
111
224
285
56
91
98
76
175
11
10
241
289
43
135
5
27
68
37
163
111
323
2
15
64
240
42
78
609
490
15
39
146
446
3
15
243
273
47
62
176
33
106
229
125
173
186
210
550
550
126
127
206
50
287
13
199
68
110
200
348
77
151
175
169
17
454
201
244
167
140
109
29
32
126
109
102
291
321
178
35
77
205
147
27
320
48
122
77
69
44
10
60
111
272
32
407
96
435
151
298
1
136
373
292
41
159
218
12
10
597
655
38
14
159
454
13
236
202
39
72
170
199
526
473
2
30
87
246
217
29
11
303
44
139
82
399
397
174
99
61
227
5
192
41
66
202
1
1525
6
101
417
96
132
120
395
300
332
51
105
51
61
97
248
547
62
562
102
209
62
17
314
43
447
19
24
61
150
581
123
346
477
609
507
45
353
729
209
48
159
189
52
102
759
758
54
318
67
77
61
42
558
37
66
92
437
69
264
73
375
25
23
284
100
397
102
59
447
24
73
464
465
2
124
13
19
375
175
61
73
54
403
102
449
156
132
207
353
438
131
14
273
95
1
95
145
298
25
407
110
90
16
422
150
46
125
422
80
147
489
172
84
98
431
6
192
141
57
52
382
50
15
28
44
162
113
183
67
112
179
53
203
348
108
147
8
20
76
91
491
25
194
80
100
166
238
231
12
617
206
222
13
260
578
557
208
13
425
227
217
216
16
88
50
43
1
159
6
216
336
422
147
87
74
120
103
208
103
329
201
95
622
393
152
552
60
293
2
489
16
51
182
102
149
23
80
278
262
5
10
801
130
193
70
152
322
49
71
190
351
229
55
382
234
7
72
130
441
271
216
251
561
39
1005
222
194
44
176
95
250
88
200
53
154
199
381
166
31
56
755
152
142
116
53
12
168
298
97
13
113
351
122
217
202
354
263
178
288
40
18
157
67
70
63
222
592
325
65
560
182
137
71
167
244
12
116
61
152
1
282
143
44
357
250
160
152
342
214
92
15
119
97
76
1032
561
111
217
98
404
27
277
207
66
20
729
101
86
34
80
273
845
92
255
49
107
50
291
49
27
176
74
96
55
145
87
191
260
153
214
55
103
109
227
814
57
36
23
64
752
31
252
175
82
29
240
56
14
54
69
140
13
71
332
56
208
778
484
29
117
1036
46
193
345
209
1
153
98
64
107
281
120
202
128
209
2
571
153
273
29
131
236
108
72
160
91
556
178
272
363
287
47
39
560
88
101
295
179
115
9
35
112
720
25
83
55
282
72
208
108
484
323
33
32
46
385
13
164
122
366
55
170
507
138
110
184
930
52
50
480
9
442
152
307
304
38
109
61
565
386
15
198
209
21
484
105
82
15
149
15
143
3
95
33
60
27
7
3
319
62
435
4
524
640
13
47
277
208
147
92
124
215
1
155
175
448
444
363
135
209
182
226
151
171
151
45
205
58
68
22
284
75
31
168
437
192
101
148
37
111
275
780
308
8
46
195
12
479
236
96
169
197
475
55
218
339
155
580
32
93
114
429
172
1481
340
324
544
172
31
203
10
53
226
27
188
224
105
115
30
243
97
174
242
100
11
255
302
444
250
45
17
82
229
124
226
335
50
167
71
448
434
165
24
202
88
105
371
172
74
205
186
227
139
172
51
224
180
39
125
310
363
95
634
80
49
9
44
16
25
68
113
691
38
102
329
10
71
8
192
23
171
807
635
18
11
20
238
156
14
280
5
83
34
130
149
440
41
502
1
644
280
1023
1196
158
149
83
72
255
134
342
65
755
365
74
109
3
144
123
448
106
755
238
133
51
99
21
265
442
247
133
219
130
364
75
440
249
111
226
128
283
94
31
100
53
247
160
515
102
352
179
340
9
316
82
176
655
258
114
289
162
422
52
134
134
159
119
48
458
80
313
529
22
426
1196
276
60
283
273
29
4
106
1
228
156
634
23
311
504
336
63
2
118
279
253
133
234
153
49
68
427
220
35
901
154
101
673
86
321
148
3
108
138
30
314
500
87
421
150
65
73
305
751
18
127
87
200
100
197
474
4
217
303
350
87
236
238
302
51
109
536
147
172
413
73
91
219
41
62
535
49
591
38
51
154
345
421
226
264
219
234
59
377
21
12
38
7
321
11
88
154
103
17
51
273
76
273
481
485
86
108
125
438
109
106
44
142
64
63
232
427
129
24
199
71
172
145
8
621
307
521
503
64
608
3
18
516
65
741
13
109
140
67
316
84
7
294
53
12
247
174
76
7
248
658
163
158
71
74
250
752
373
130
268
97
624
363
148
192
1
1016
170
220
622
234
45
131
358
351
80
541
193
21
126
52
825
38
5
94
227
531
130
9
452
249
157
111
143
3
495
107
127
206
222
262
54
321
567
69
185
3
619
133
246
117
2
188
197
136
135
33
89
49
165
41
169
131
155
154
530
82
196
1
89
186
11
65
19
26
54
397
359
182
10
214
471
178
299
107
228
155
434
369
43
87
38
156
51
128
100
124
280
580
687
36
18
106
414
167
133
144
64
94
266
238
2
761
88
379
174
665
496
285
188
2
59
389
134
82
505
52
56
150
264
81
55
298
290
113
297
121
185
36
48
21
55
63
253
174
110
431
45
233
342
120
148
316
368
186
207
445
122
28
244
215
372
79
242
323
58
435
379
99
378
195
40
103
1066
24
143
42
233
236
94
21
179
275
666
607
125
328
286
194
82
101
376
96
66
21
174
74
22
360
222
108
371
292
65
273
93
425
46
24
619
195
341
322
34
201
267
344
382
4
493
7
312
21
50
322
118
37
16
119
184
40
64
38
112
356
165
230
120
13
16
62
56
89
49
140
33
550
24
81
631
30
34
256
287
32
363
197
754
101
87
129
277
222
37
432
216
97
16
398
9
815
408
34
314
560
50
1400
576
79
354
3
594
107
141
99
499
72
40
36
255
844
159
260
63
453
79
96
342
84
339
6
223
354
334
411
13
269
118
40
188
75
22
862
48
113
578
349
205
35
46
71
271
134
291
208
179
70
43
15
103
666
284
4
173
194
176
24
255
130
133
7
572
59
186
673
88
26
114
479
7
36
80
149
80
313
17
286
420
32
229
742
27
386
365
280
259
50
84
35
223
50
451
199
125
88
134
60
46
286
454
192
497
182
116
507
844
29
151
239
1
168
39
238
504
640
691
61
315
82
247
437
6
94
45
32
105
213
91
292
321
680
52
5
355
181
456
37
115
21
28
38
167
152
147
113
569
169
6
218
40
148
302
299
25
234
457
376
259
10
78
898
104
243
67
67
7
28
152
150
193
186
382
1
412
374
8
722
166
78
386
36
1
39
24
437
138
62
120
20
20
60
485
3
139
65
463
217
140
5
201
403
241
509
211
18
637
36
147
248
94
42
64
15
22
153
268
428
547
155
69
81
459
409
35
147
311
82
421
142
538
538
705
206
12
216
117
113
172
853
49
194
40
139
13
303
7
230
35
3
110
70
339
25
59
72
160
313
42
413
802
62
270
91
299
472
67
298
24
27
43
211
386
66
4
492
756
308
14
160
82
29
36
213
103
17
915
332
10
237
358
53
601
130
12
222
277
72
46
166
143
89
1010
85
200
387
27
119
269
223
44
469
247
225
176
20
97
656
211
143
17
237
18
18
135
295
270
9
13
13
384
222
125
106
444
21
47
23
709
119
8
26
29
91
41
227
81
112
15
179
141
86
157
380
143
126
64
417
88
145
88
6
132
17
290
214
143
306
251
101
56
190
151
458
75
97
29
296
64
331
267
433
154
26
328
338
483
271
578
189
44
716
266
192
168
27
38
167
43
25
279
217
364
844
373
424
416
64
103
39
134
272
198
396
119
125
242
359
71
195
25
443
62
30
303
383
320
128
107
240
1
213
100
121
428
598
174
5
239
37
71
247
65
16
635
199
218
396
152
274
455
36
93
257
70
173
153
86
19
32
43
251
257
329
37
475
252
54
72
96
90
14
184
302
35
976
481
100
79
205
15
835
36
294
59
47
263
244
144
74
166
141
37
90
384
342
19
279
454
480
155
22
38
322
166
100
424
7
201
118
70
706
163
173
291
41
68
156
268
300
241
152
173
59
777
131
191
305
201
75
46
100
322
114
34
10
461
31
100
14
58
40
32
399
243
32
179
134
612
3
45
441
158
109
237
116
53
3
576
200
270
140
201
117
161
243
12
79
320
51
410
76
374
17
40
40
233
465
272
26
250
1
252
895
713
610
240
123
139
837
139
32
349
365
103
36
55
85
81
1
486
109
252
86
131
255
106
191
34
214
160
382
910
865
188
394
92
253
183
9
78
150
213
606
293
111
576
1245
62
423
37
69
92
23
155
14
40
301
172
252
51
334
161
326
39
155
506
30
179
437
191
65
47
384
141
144
507
641
484
272
3
522
122
54
280
62
38
261
552
3
28
412
130
90
145
116
201
78
105
68
693
53
42
172
205
66
402
30
22
266
39
152
350
44
345
267
29
120
220
519
253
69
56
77
697
455
108
165
237
19
159
202
71
25
834
252
14
47
63
786
183
204
354
365
5
135
182
153
8
356
70
183
121
164
329
27
51
184
124
78
214
240
153
84
366
136
424
327
459
30
641
9
37
33
40
135
425
248
366
48
126
35
157
6
10
403
114
48
52
58
13
49
311
19
68
106
81
496
724
71
151
221
489
36
8
85
283
210
215
375
78
44
428
299
27
372
91
88
119
86
118
50
397
17
80
73
115
235
705
151
175
933
74
132
339
6
452
436
73
350
171
840
155
285
52
199
630
3
57
59
464
30
323
126
251
21
132
129
82
421
113
15
56
6
164
91
16
37
483
9
315
416
343
73
242
4
462
58
43
387
139
449
165
6
237
161
238
312
110
350
12
142
382
406
246
458
171
41
338
595
249
217
103
957
162
17
268
518
304
296
44
5
467
240
475
78
945
200
21
6
70
228
98
640
367
384
608
112
190
486
429
181
103
45
155
254
470
227
72
69
47
488
157
148
45
40
32
33
6
119
114
6
47
119
360
123
129
156
37
315
474
190
366
36
158
236
343
555
686
163
282
281
1113
924
9
237
22
595
46
138
185
84
114
83
58
204
199
16
71
10
292
142
211
116
688
165
41
303
19
423
331
64
43
332
110
491
248
52
70
247
253
43
963
57
11
400
124
386
253
253
79
17
95
115
4
206
63
152
346
237
105
25
124
129
106
313
54
42
310
36
111
59
10
461
551
232
120
380
402
312
287
31
9
538
377
303
29
168
124
221
115
59
11
165
523
467
555
414
214
480
263
406
26
131
65
30
207
308
5
428
120
54
32
600
102
141
57
19
24
209
830
105
128
431
145
129
40
101
4
17
92
294
49
15
638
91
44
61
318
60
93
446
37
14
736
176
338
68
389
61
4
109
1024
6
366
179
146
124
35
420
190
65
149
11
31
352
141
870
79
127
155
107
79
34
582
63
14
80
41
88
42
148
455
140
92
210
507
781
946
127
294
95
102
37
280
204
193
161
67
148
464
332
133
33
509
69
226
475
659
77
390
99
627
124
287
192
239
56
168
58
20
308
451
2
304
74
32
1400
788
1075
313
54
418
38
257
678
112
61
50
32
508
149
221
213
24
1047
178
172
71
191
21
45
42
10
96
802
413
21
61
45
302
58
134
131
513
67
327
607
79
93
106
56
503
291
479
4
331
101
79
68
45
110
71
47
410
53
8
186
144
294
28
466
307
286
330
251
114
256
280
312
75
64
10
161
212
245
85
546
113
64
442
273
34
36
112
59
607
217
213
64
60
107
59
89
850
73
33
133
145
478
12
283
73
639
450
145
154
376
47
122
172
173
37
10
202
39
48
507
123
1
800
130
95
614
182
108
179
3
441
113
1491
23
229
258
119
293
237
222
244
156
46
51
13
191
3
96
349
209
371
92
202
61
271
327
405
36
182
147
6
87
90
67
114
110
10
34
19
97
33
212
2
796
139
131
503
5
58
6
201
188
839
90
598
319
196
549
117
213
35
239
549
30
410
416
18
330
13
24
332
348
545
42
5
46
266
11
106
312
220
89
231
528
293
59
18
72
68
206
150
440
215
175
41
151
240
27
547
12
17
56
103
126
238
21
6
19
4
92
1
56
6
370
79
80
317
1126
588
342
89
315
64
37
546
102
390
6
19
11
235
329
566
316
415
4
9
69
9
90
526
119
99
13
13
10
191
91
29
28
213
264
115
85
160
204
72
629
59
130
58
284
298
157
601
186
125
154
162
303
313
178
142
466
133
59
124
195
83
117
77
314
160
293
18
89
567
69
154
223
446
15
93
121
80
177
423
24
192
110
306
218
253
41
64
563
108
42
458
78
1118
331
90
249
43
1
364
741
282
616
442
158
145
82
182
113
47
24
686
83
1
109
57
30
873
103
47
90
152
167
2
859
331
163
267
49
88
376
45
117
4
75
17
39
17
33
11
17
1209
28
521
477
143
191
114
136
133
84
288
164
102
116
101
163
249
195
98
49
9
14
203
20
125
428
69
279
284
268
350
439
975
139
539
7
56
116
320
23
335
583
390
148
326
44
200
13
91
306
258
53
126
282
181
88
166
7
40
13
601
217
717
113
47
505
202
149
150
223
289
124
69
1
431
360
278
171
60
195
31
217
200
90
13
93
131
281
136
684
409
131
63
353
147
97
97
550
32
305
477
112
259
27
636
31
240
221
125
213
309
125
30
259
123
74
132
238
223
475
33
272
615
808
159
135
124
141
679
552
12
325
32
38
10
284
172
368
198
316
97
393
238
452
37
67
6
90
182
406
145
149
35
59
136
29
364
56
287
215
29
34
108
39
51
245
11
26
194
107
127
172
38
633
114
78
284
136
194
107
139
92
79
106
380
56
4
21
105
6
88
319
300
219
275
18
84
41
10
14
68
5
134
688
247
13
108
57
36
85
1199
552
138
3
98
125
67
69
148
194
276
27
30
678
140
98
9
74
493
22
72
155
135
226
107
149
20
193
7
60
89
234
97
3
26
721
599
224
52
346
131
12
168
35
810
74
207
18
283
48
176
70
10
171
398
51
119
98
204
115
199
10
5
47
129
72
24
282
55
28
40
25
348
84
311
22
262
11
57
92
347
291
46
570
136
73
286
87
62
70
433
211
155
101
167
112
113
15
117
48
118
2
87
66
652
4
165
64
41
153
16
229
204
150
383
170
332
657
58
186
1
172
177
279
10
39
25
257
430
39
70
158
259
176
224
65
290
46
57
79
27
37
193
79
14
208
343
11
32
398
27
90
64
36
251
168
107
89
144
75
545
13
14
69
47
52
314
478
173
199
112
61
69
128
17
114
118
409
194
181
188
110
447
369
32
169
125
64
410
1
79
58
34
293
99
81
865
100
16
344
48
188
478
112
103
12
95
1008
172
155
816
284
67
32
303
26
37
484
56
97
192
62
358
119
172
567
20
465
28
202
191
141
570
11
246
143
30
196
34
352
263
176
394
116
50
202
264
22
89
449
229
287
340
101
8
210
248
328
57
169
223
187
48
69
149
124
13
159
32
696
299
187
211
154
109
435
113
177
108
161
44
342
199
189
187
270
213
119
152
42
27
59
190
10
99
90
38
553
114
482
12
831
76
372
159
144
11
230
473
310
48
13
203
174
34
132
20
266
27
65
132
139
50
48
522
316
100
265
170
37
136
78
119
212
169
455
21
52
88
288
185
27
52
16
21
218
155
62
84
481
188
108
131
284
58
9
161
298
41
64
422
116
31
378
424
11
13
674
118
1012
35
103
118
168
66
427
128
34
69
44
104
442
758
868
461
168
34
242
102
3
117
236
253
200
135
451
428
89
4
20
48
248
144
49
80
43
474
189
24
260
29
391
67
101
351
638
182
27
17
129
84
196
168
155
40
48
413
49
588
352
103
39
132
411
222
37
23
34
93
55
380
210
2
38
654
54
127
31
438
52
104
1159
53
345
227
48
353
59
368
463
155
351
418
546
327
169
25
167
194
258
209
173
773
308
16
104
98
77
561
42
165
59
249
57
423
479
188
597
236
107
36
101
19
329
365
611
46
134
160
13
219
56
114
71
62
180
249
38
130
207
842
181
415
43
337
159
16
67
496
363
63
574
355
131
1
76
102
209
39
463
444
208
2
35
32
458
558
26
148
109
25
73
17
245
161
191
271
166
166
116
415
324
151
236
11
67
206
873
97
67
223
230
65
214
98
3
485
263
244
3
77
121
34
134
104
244
311
231
268
73
15
641
130
191
473
22
57
64
87
166
84
683
27
71
14
301
143
114
178
915
263
143
31
488
110
129
411
195
57
37
63
27
68
149
114
441
73
47
15
61
115
405
154
210
113
322
349
7
10
33
275
248
216
117
55
309
246
205
23
81
12
109
5
253
409
478
40
19
22
202
95
107
39
348
635
27
635
374
89
311
208
770
225
297
182
54
20
103
296
121
121
158
343
97
457
28
120
752
388
143
30
188
60
51
331
119
74
7
155
228
222
287
496
364
97
466
26
477
98
114
84
130
729
352
187
188
4
269
193
235
83
72
258
583
2
157
162
373
2
384
130
31
1066
2
116
265
182
221
65
16
8
457
26
91
121
175
610
52
258
66
581
23
47
122
205
12
34
163
180
51
46
491
159
220
307
510
290
292
289
131
174
559
38
35
294
403
99
12
402
736
172
343
655
92
298
324
30
560
112
322
16
414
275
98
851
66
244
59
106
29
10
181
3
73
31
495
524
352
2080
83
345
38
87
301
38
256
13
5
530
44
316
33
26
43
51
66
142
183
207
19
402
26
81
24
5
167
143
51
44
41
52
92
289
264
9
485
10
140
329
200
46
4
111
347
343
215
530
121
68
371
247
394
176
24
50
710
155
247
13
127
33
689
261
515
23
39
412
79
6
30
130
1
193
43
252
99
52
383
425
187
709
343
51
84
915
175
7
668
580
76
330
100
82
73
417
198
260
183
64
126
147
33
59
83
70
20
67
279
94
118
334
68
228
535
263
211
130
23
329
255
22
166
677
15
59
106
291
578
778
246
446
27
471
35
7
238
349
236
622
37
58
46
39
428
1034
38
1094
58
105
84
73
250
81
50
791
534
99
182
48
42
230
314
188
113
151
416
113
677
64
164
311
51
343
846
33
196
701
29
1255
603
25
11
1
61
115
210
144
267
42
64
274
142
27
268
143
410
244
22
311
447
36
382
11
405
4
273
194
177
28
1114
556
458
448
17
21
149
227
331
117
184
15
554
193
473
13
6
471
61
252
267
35
13
138
79
53
96
272
149
45
236
124
156
54
178
4
96
140
144
311
57
400
763
110
41
320
51
252
262
79
296
342
296
77
445
275
80
9
97
403
127
49
243
111
29
149
389
252
869
380
15
708
23
21
220
179
240
728
31
308
147
143
478
53
70
283
218
370
319
103
386
52
335
251
52
612
274
218
437
46
7
137
450
452
29
230
332
471
62
161
44
113
212
114
150
32
133
234
134
43
63
123
22
200
425
126
250
116
530
260
46
209
274
142
147
242
210
93
445
213
280
217
279
68
876
65
344
256
190
9
78
222
417
173
312
386
21
613
123
278
366
2
225
44
118
226
80
1178
177
29
273
22
29
31
7
120
716
116
82
18
10
126
706
192
82
84
491
207
728
96
184
51
51
5
145
646
156
144
157
393
125
36
156
129
129
164
20
136
210
159
604
81
57
81
17
371
686
162
346
249
27
223
26
214
108
139
66
5
159
56
53
360
99
411
319
704
511
44
369
120
213
117
459
151
294
258
31
200
228
53
46
270
57
126
374
80
88
98
402
111
13
332
75
551
16
442
94
283
264
11
5
355
50
40
278
248
61
119
133
262
750
192
20
96
31
27
118
721
166
387
148
44
302
426
151
209
343
14
131
697
57
374
53
188
37
8
110
418
125
6
69
88
621
36
400
59
241
260
114
328
37
70
359
76
135
367
135
509
146
126
216
249
471
4
461
52
498
145
38
1722
49
244
174
44
74
160
55
586
465
15
36
140
419
73
264
269
16
312
202
39
214
95
330
12
54
256
74
184
131
80
184
5
117
117
49
103
76
223
67
4
353
221
371
48
1
251
137
102
143
160
59
73
77
72
35
10
398
362
174
24
123
106
216
380
37
508
481
185
397
206
102
992
210
285
144
159
119
168
268
40
407
216
128
218
40
661
70
237
142
620
229
188
11
491
204
91
144
156
48
435
109
317
85
92
200
71
13
182
244
28
111
587
76
96
63
17
143
74
30
738
773
100
110
106
12
48
38
105
230
109
147
340
10
229
48
186
29
609
50
487
401
413
395
152
21
232
124
372
37
136
609
365
42
39
122
74
390
448
55
319
847
99
16
111
107
15
117
30
188
26
167
145
190
141
240
266
174
65
246
261
192
454
88
45
28
13
67
161
114
293
35
77
342
3
617
47
292
616
341
91
184
468
147
457
51
575
534
78
45
165
146
658
463
26
71
595
453
146
56
415
90
403
183
254
224
164
20
29
634
155
125
214
282
30
84
4
169
79
450
7
139
227
55
58
222
801
17
549
228
263
146
126
326
114
169
259
30
5
60
202
111
57
384
88
324
93
31
74
25
1
64
170
23
131
14
284
35
145
84
834
285
188
31
891
150
539
110
6
434
25
15
195
47
262
320
290
169
398
411
217
495
164
19
189
281
153
8
28
45
739
15
437
143
301
874
172
430
11
388
66
238
62
769
126
523
378
123
36
807
186
79
118
198
303
249
320
60
29
6
128
50
361
182
104
102
174
294
352
347
235
483
25
114
197
70
3
333
232
81
317
11
71
30
137
137
229
387
272
152
67
288
90
54
311
181
62
933
18
10
335
442
734
701
28
12
13
35
168
225
158
63
412
444
92
317
24
89
137
172
6
176
250
338
368
393
273
17
37
561
14
52
15
50
56
288
428
197
36
166
494
525
575
122
173
241
596
195
15
209
222
64
45
146
409
181
113
73
359
107
302
1070
6
163
185
156
11
90
489
67
52
84
73
171
195
112
14
300
479
310
190
101
414
234
300
149
499
88
23
91
104
73
265
1
43
27
441
40
41
41
257
65
69
38
120
48
155
13
121
143
347
74
118
49
1062
493
58
449
269
45
81
115
5
317
203
455
136
409
414
11
202
819
307
541
18
172
155
6
407
169
352
98
906
8
275
81
31
96
15
3
554
14
3
143
130
66
13
248
179
169
690
223
194
407
154
235
17
497
52
336
2
150
58
801
111
225
37
157
202
393
220
87
358
273
161
36
294
138
159
168
391
377
12
31
170
68
98
14
120
104
204
575
170
364
271
692
398
294
342
60
5
129
113
132
126
401
320
171
27
150
188
233
100
38
132
36
32
5
252
230
21
19
91
100
100
279
72
24
286
247
69
127
13
230
257
15
181
467
18
144
817
311
256
97
2
374
15
5
48
50
405
57
204
410
127
257
147
403
445
64
68
257
200
292
269
71
418
415
239
39
45
84
2
11
82
12
53
7
24
192
397
86
35
166
107
134
131
21
51
26
118
102
82
441
92
82
59
124
42
271
693
373
108
3
17
113
402
48
77
256
88
108
104
54
414
152
128
149
101
63
1080
319
397
157
145
28
134
604
4
224
533
194
79
495
124
18
69
94
241
117
55
286
6
140
93
10
62
31
181
104
230
177
157
148
3
369
34
45
121
840
228
294
83
159
102
55
155
239
671
232
43
114
225
358
353
155
140
68
160
132
63
104
66
925
312
63
268
152
73
253
43
103
19
537
191
215
156
141
78
177
202
141
217
665
8
126
495
310
291
336
517
262
248
203
180
3
431
85
368
555
261
27
21
285
77
231
555
39
348
59
576
19
12
77
104
489
122
8
512
23
86
346
158
35
376
13
136
310
42
108
22
133
485
257
9
48
220
457
120
110
8
401
4
28
46
633
228
57
293
284
597
558
212
386
155
30
80
130
79
7
68
131
61
231
12
208
89
139
207
306
61
330
236
166
194
50
62
181
253
6
156
236
167
81
72
317
1
27
149
153
454
14
776
426
8
33
19
420
373
694
801
456
123
373
3
108
71
133
214
275
250
108
12
270
330
509
28
410
1
225
147
256
136
320
68
75
24
174
211
56
303
160
199
31
18
29
585
82
13
195
1
65
362
213
76
212
41
554
45
213
171
115
26
94
389
263
120
324
28
299
21
107
465
294
284
283
35
92
35
16
100
552
34
98
50
19
7
5
220
46
316
13
251
33
378
219
48
661
511
263
253
196
144
463
110
277
280
82
223
82
6
54
58
78
41
197
710
35
213
66
244
30
104
88
103
215
599
194
55
42
97
341
124
24
235
14
4
46
50
325
173
511
218
61
11
62
92
438
36
101
81
247
47
279
275
29
169
426
98
22
20
230
262
28
504
75
33
22
360
116
833
116
322
22
427
117
230
379
49
105
357
109
572
113
163
210
284
84
28
375
361
345
105
82
16
14
193
103
27
13
135
90
20
393
53
581
51
463
142
277
119
292
1022
611
17
106
185
7
178
66
652
223
240
80
61
190
274
98
11
207
168
351
15
126
324
7
267
192
601
193
86
54
3
437
198
329
13
123
220
235
189
170
482
167
20
5
52
175
72
42
230
102
33
29
28
365
182
59
32
94
8
106
141
37
14
8
227
437
487
53
153
3
108
46
313
359
388
30
80
469
143
465
581
26
64
164
230
37
40
42
60
167
40
550
268
1
844
351
14
44
99
52
125
750
338
137
98
415
157
290
13
358
89
77
55
86
7
147
53
257
125
339
365
204
312
245
67
319
94
48
223
345
625
305
40
35
358
24
121
40
112
352
104
49
12
164
551
263
63
66
259
97
178
132
199
29
2
14
366
42
11
135
88
621
328
19
416
258
254
13
246
82
140
21
306
135
6
21
94
1525
148
596
183
188
487
403
82
229
228
48
174
109
10
73
548
420
372
37
49
115
550
240
370
4
131
43
23
238
507
275
391
801
13
129
277
124
2
1028
197
2
96
40
32
78
191
205
47
656
238
462
80
211
38
255
146
1
311
166
278
123
183
219
220
183
414
213
156
177
222
54
33
539
102
376
204
76
54
353
523
228
245
1337
340
77
79
37
89
35
174
148
162
1
32
88
10
405
217
27
330
55
483
71
147
93
272
570
206
111
181
157
351
178
557
5
278
733
148
111
654
119
256
47
356
32
392
215
46
454
374
92
386
58
647
57
76
81
31
7
45
61
187
321
186
86
39
96
220
288
22
51
451
497
321
191
90
69
62
293
80
438
169
248
121
12
64
128
18
486
8
150
349
7
102
636
524
247
491
76
170
106
195
199
235
255
26
172
99
120
20
49
169
30
237
78
373
234
143
258
84
75
183
231
140
155
78
260
113
143
95
502
562
56
397
13
380
21
244
293
204
49
76
426
10
8
317
49
269
288
166
19
175
337
246
186
229
39
569
34
252
237
141
28
253
39
343
66
376
98
71
250
69
301
20
781
378
16
38
58
76
137
156
1471
60
330
675
52
68
519
10
199
89
68
596
257
76
255
248
98
26
3
91
298
2
520
358
17
7
344
369
27
49
237
289
52
317
290
238
84
242
95
202
443
462
108
19
79
191
836
672
355
17
142
17
36
466
8
31
18
195
601
155
97
167
287
301
453
176
60
550
173
313
242
549
4
383
72
4
103
689
220
56
103
22
130
86
527
172
17
390
58
192
53
252
108
568
237
85
125
892
591
118
107
419
222
99
114
236
59
160
61
44
12
105
53
153
205
305
698
19
197
6
38
755
146
159
121
103
17
119
270
83
181
243
35
284
208
215
473
406
226
49
13
173
10
163
324
235
319
256
6
677
359
520
309
203
289
516
171
125
22
67
414
550
11
463
805
239
176
193
158
321
15
63
316
426
24
1187
543
389
377
51
229
48
122
8
95
137
4
122
238
27
156
64
89
10
60
633
437
112
8
94
330
404
7
225
73
79
80
60
316
67
307
12
90
69
365
16
170
111
110
128
174
363
288
11
7
480
59
141
258
33
33
54
136
112
58
27
66
186
90
18
440
44
235
253
83
31
517
641
84
61
47
4
366
154
267
131
16
261
40
454
41
155
214
271
268
329
139
5
57
428
129
117
16
302
276
109
262
36
58
366
1538
339
243
399
505
191
4
197
4
227
58
46
329
263
446
210
7
70
215
138
173
314
149
145
160
44
52
19
136
55
563
17
46
395
81
136
26
564
285
313
255
469
316
48
707
82
305
528
47
32
237
100
135
113
632
247
379
169
139
95
111
243
255
61
623
31
186
23
171
377
246
132
103
146
50
114
463
112
373
297
115
182
222
64
10
93
341
206
398
1
5
211
40
93
473
41
184
95
29
200
62
31
45
113
192
182
9
21
219
161
43
181
54
372
271
108
32
208
270
35
340
162
87
1640
57
148
105
410
354
56
195
246
5
19
39
179
62
43
383
32
39
260
153
5
125
11
35
350
155
292
632
76
67
62
29
52
612
467
259
165
224
99
403
238
144
116
34
28
180
79
87
56
42
114
37
463
80
90
62
50
340
247
69
100
40
28
24
388
132
265
653
249
143
118
283
223
58
101
60
113
41
801
81
300
72
196
942
73
95
407
138
9
108
487
36
431
288
27
26
29
384
242
327
1294
12
906
65
115
180
204
47
22
712
25
220
375
640
254
135
144
141
212
99
117
191
70
173
142
203
43
20
3
537
635
156
77
97
176
141
140
270
76
73
714
53
212
83
65
119
187
273
7
578
281
165
71
153
53
32
44
277
54
10
41
111
28
10
306
451
283
191
24
268
9
122
17
175
134
109
184
458
209
114
177
65
41
264
46
32
174
14
22
100
30
22
9
439
74
319
260
84
1275
403
47
129
464
34
237
853
130
14
17
68
220
347
26
111
498
254
130
59
213
28
185
44
269
127
244
252
12
388
242
346
299
196
129
228
120
135
69
277
123
156
239
111
641
302
313
215
474
110
32
144
56
255
67
31
394
121
2
33
102
433
129
297
147
83
71
541
247
32
168
149
52
44
31
814
69
283
770
177
14
374
649
111
187
346
611
162
67
121
143
63
366
30
9
767
199
162
307
212
37
103
120
72
163
129
353
124
453
330
67
36
67
17
100
80
126
2
206
20
287
626
132
2
85
124
184
167
131
497
293
22
311
27
15
109
39
490
450
48
129
171
148
234
107
76
199
107
4
120
182
299
3
161
498
28
87
70
177
1
104
34
319
98
1225
305
309
165
320
33
43
111
44
71
261
328
65
354
173
242
509
464
67
587
265
508
151
59
288
225
205
23
251
22
29
124
237
113
39
278
20
473
68
31
244
329
35
138
218
1387
397
15
75
257
97
74
173
360
275
369
617
53
199
7
231
226
291
25
56
258
6
89
245
1
130
54
22
151
68
21
83
70
355
54
312
396
324
461
39
35
255
43
292
41
201
68
164
445
102
962
130
477
89
20
58
89
289
116
707
132
326
65
6
64
157
282
110
395
217
23
27
387
76
121
145
88
613
248
160
394
120
170
244
344
101
3
73
729
421
76
88
66
195
12
113
180
305
8
275
390
72
214
823
772
27
189
731
32
24
136
371
307
14
40
236
452
178
148
109
618
62
66
290
28
406
312
49
2
11
80
296
174
67
194
70
227
118
140
101
166
376
38
178
641
22
867
232
36
190
89
24
137
19
175
42
353
449
42
3
88
166
253
717
88
97
108
162
43
73
329
138
47
25
191
473
300
31
2
100
54
86
191
406
427
54
80
17
299
62
72
114
171
62
31
69
21
182
323
54
395
119
9
126
63
21
11
430
255
131
20
906
83
474
254
33
139
73
123
87
627
292
145
10
240
329
97
31
78
31
425
305
24
82
172
614
151
41
9
173
92
29
611
28
64
188
119
94
349
193
285
102
615
104
169
100
379
168
12
105
29
120
22
183
126
33
191
19
92
970
137
4
100
363
27
503
118
1
501
559
112
49
394
17
572
103
158
838
58
206
204
115
51
40
58
14
158
307
48
123
286
87
217
44
163
10
1
604
374
373
181
46
707
389
55
252
236
45
401
72
46
369
114
10
453
44
127
150
12
395
61
27
64
77
30
16
255
536
338
65
15
26
67
141
48
4
48
24
167
124
71
314
28
241
180
152
7
180
53
72
325
253
142
196
13
35
398
180
364
98
204
109
71
7
30
29
1
450
557
149
147
14
594
408
145
126
26
205
24
229
89
220
232
105
152
590
424
90
26
206
621
4
100
91
74
961
206
91
69
103
112
234
23
23
66
514
645
24
387
185
46
867
4
427
239
243
287
168
17
202
154
21
48
35
368
173
127
206
207
114
24
39
151
331
126
479
18
73
33
78
132
24
864
60
253
37
507
22
127
109
183
478
17
323
372
387
180
874
276
363
78
157
181
166
539
162
84
1
142
84
406
141
152
81
252
123
75
247
155
334
291
470
729
79
14
162
40
412
20
880
243
211
44
409
721
205
40
14
13
32
8
77
859
312
95
445
57
297
1428
222
343
289
192
463
81
58
34
29
202
239
208
119
133
96
31
164
166
44
207
581
161
74
138
139
129
4
53
449
6
187
77
39
29
188
342
278
102
61
85
68
264
151
96
239
368
154
93
255
304
266
163
65
82
232
14
25
101
278
34
475
23
173
34
79
574
251
5
62
133
37
818
261
17
71
68
157
24
377
115
115
29
135
825
185
146
233
60
91
466
64
12
690
24
152
269
41
322
37
250
255
141
838
285
30
94
204
41
60
51
63
55
281
50
103
362
562
334
571
557
106
58
176
228
176
66
148
204
303
87
294
52
407
649
612
245
37
108
490
273
175
250
662
6
237
266
31
409
293
146
72
74
99
299
105
193
264
114
357
295
26
84
11
272
528
601
151
45
114
21
46
132
260
239
78
97
56
128
18
232
9
150
352
500
105
507
39
74
385
872
624
101
40
187
58
66
176
36
100
646
152
104
73
280
92
438
608
55
88
74
84
258
41
80
333
216
153
49
10
6
398
624
188
25
443
16
80
244
947
438
115
11
3
105
262
286
212
182
226
415
633
51
260
64
16
1
281
292
338
68
462
452
31
575
260
427
37
292
702
258
297
1525
296
434
105
67
254
159
45
259
155
469
569
68
308
125
17
53
96
348
61
376
80
431
155
33
124
776
436
327
170
446
5
714
267
47
47
71
51
1
19
294
324
69
38
218
297
64
6
66
201
279
375
251
206
323
94
92
42
10
451
101
58
186
72
410
423
26
426
329
504
389
424
341
586
85
129
187
220
144
47
2
223
341
149
314
420
72
115
778
135
12
2
373
375
22
205
89
708
12
387
62
44
234
179
162
224
248
212
129
36
377
100
417
419
201
47
17
305
425
801
707
41
83
2
160
485
126
154
230
1
324
153
50
35
494
251
60
464
98
129
244
227
309
327
542
375
34
308
224
352
429
266
490
70
162
208
1
256
198
629
239
39
133
68
75
207
324
47
317
292
245
225
368
85
225
34
350
102
226
24
284
45
136
443
742
14
251
209
316
63
88
83
365
518
170
120
64
44
122
141
201
198
88
658
145
3
246
188
312
167
372
1
192
331
269
24
501
698
38
243
182
62
62
178
32
443
422
82
536
17
349
138
356
12
88
3
121
60
506
331
215
187
207
60
194
65
137
151
21
232
195
126
42
31
336
17
56
555
167
49
48
67
246
161
9
380
17
125
128
91
44
395
388
1008
104
203
55
606
130
273
124
26
23
170
112
10
74
211
89
33
29
82
27
141
270
141
141
4
54
531
135
85
59
85
103
109
322
402
8
450
56
349
161
100
3
189
68
376
439
193
73
351
110
481
307
39
105
217
15
316
429
1011
145
522
222
72
483
313
376
207
223
438
45
75
141
373
14
33
336
29
160
285
135
135
199
26
99
113
7
312
36
197
110
46
207
162
378
58
177
56
478
205
436
114
182
47
12
8
83
257
35
46
27
78
502
422
67
26
55
29
306
29
333
41
180
17
16
100
11
38
54
26
233
134
152
276
148
873
148
272
56
358
165
20
69
6
43
601
61
6
258
391
227
103
204
87
135
23
21
79
93
147
56
961
53
312
155
297
487
183
351
663
159
605
89
153
167
12
138
426
308
538
79
476
169
296
391
55
155
269
19
617
283
48
185
207
554
26
570
36
159
121
130
490
86
147
775
999
77
15
194
14
109
441
196
71
36
447
66
38
145
104
153
185
991
204
455
17
154
5
403
70
10
114
175
6
20
575
594
211
284
43
566
26
14
523
69
284
1
425
73
236
156
137
1054
74
248
216
72
148
24
2
151
62
426
435
363
627
172
185
428
105
548
2
113
419
837
8
20
276
128
77
519
165
16
94
31
353
97
184
174
108
18
160
56
426
89
202
154
171
530
373
136
417
275
176
214
98
292
42
430
116
329
61
267
288
526
93
259
207
81
60
22
109
51
22
107
228
201
664
168
712
200
819
174
102
537
120
300
499
87
75
194
256
18
52
503
137
57
306
186
590
250
450
345
108
204
17
157
484
244
200
106
123
141
73
10
6
16
186
158
652
5
73
87
47
50
49
58
40
150
430
254
214
154
57
69
138
309
406
50
157
107
398
30
164
250
12
426
154
186
145
75
52
106
8
48
50
808
227
22
119
186
474
24
104
211
144
211
865
125
345
30
62
117
87
108
5
293
125
38
109
312
25
3
203
131
87
116
338
740
159
116
36
218
12
478
156
277
91
206
109
337
61
15
134
78
61
143
339
149
251
21
441
275
338
42
83
158
12
90
281
211
50
339
100
52
145
84
30
92
563
182
158
79
133
459
80
112
51
64
27
39
710
537
418
114
133
673
239
62
510
103
148
73
164
99
115
36
108
262
876
436
381
116
84
345
273
178
203
729
84
34
85
62
90
9
6
213
127
14
70
208
239
15
79
15
467
466
329
233
418
134
182
152
38
233
1
132
65
46
747
5
39
44
23
224
743
433
250
12
172
327
534
6
20
781
18
546
12
239
53
88
752
26
43
93
120
123
543
344
64
456
198
128
297
8
57
201
433
4
4
27
19
20
198
22
319
359
117
257
67
244
217
14
291
53
255
76
240
121
293
241
470
509
180
17
202
473
345
252
26
20
277
44
282
115
196
463
122
112
282
23
82
121
62
13
62
144
376
26
102
769
88
79
74
193
178
112
269
197
25
363
234
373
113
119
315
531
95
324
234
211
23
180
108
13
114
537
122
284
618
98
142
519
283
57
175
112
12
623
150
192
194
59
163
25
72
461
437
62
167
149
19
134
70
158
46
57
293
188
71
374
32
163
116
305
62
87
326
420
34
574
493
437
11
170
220
352
80
110
44
259
17
29
47
4
354
36
377
77
21
92
251
281
56
499
19
199
96
421
4
181
279
144
67
10
86
268
521
3
43
252
83
43
9
8
171
107
607
134
663
39
124
350
183
161
304
183
334
32
353
105
52
70
119
199
131
68
217
9
49
302
68
83
106
30
299
890
231
553
191
106
202
76
28
586
337
104
5
172
114
183
160
400
107
316
163
23
351
105
90
26
95
84
265
232
704
197
363
17
1
596
134
219
109
348
170
8
43
169
590
220
59
381
246
144
151
1059
23
180
24
315
8
590
53
2
93
1230
11
77
1108
279
625
466
676
348
81
100
138
275
150
102
57
152
8
89
227
680
134
460
382
180
179
110
141
379
163
38
277
89
33
127
56
310
604
85
35
74
405
69
345
15
180
81
83
228
2
39
13
40
39
184
61
117
869
409
308
135
23
79
32
236
55
512
305
76
88
492
445
97
865
100
230
84
27
492
88
122
423
568
227
120
118
68
147
80
138
73
28
422
188
12
162
297
276
27
9
323
143
86
252
34
25
36
115
57
354
300
32
12
339
456
164
109
26
54
155
67
307
134
1328
93
275
9
232
49
176
23
222
14
253
127
455
170
34
215
215
333
96
207
68
147
123
416
641
16
985
348
564
39
771
297
18
216
41
13
703
131
26
138
150
60
60
46
109
113
127
153
31
103
109
83
14
256
492
72
88
276
348
148
15
257
229
24
66
311
157
703
163
399
46
148
238
438
95
168
886
93
443
