188
244
124
202
161
200
579
277
109
242
419
25
20
202
117
193
18
405
551
16
75
19
138
592
71
130
326
19
78
39
918
411
111
30
140
146
279
537
18
1
60
166
202
90
34
652
33
263
30
44
126
1
365
1108
7
100
120
261
102
327
9
87
243
75
133
136
321
180
135
56
71
247
242
250
51
1
82
1
141
146
81
209
2
263
123
29
87
5
99
182
50
191
35
63
87
112
8
320
3
200
47
1358
8
61
78
39
81
274
67
165
394
222
78
925
4
206
306
109
124
178
190
83
56
81
1525
254
83
306
34
160
99
197
234
183
385
295
158
117
53
141
1027
103
216
187
192
123
156
81
289
269
122
164
124
228
10
760
52
119
33
210
299
254
309
303
12
107
97
14
198
127
319
108
326
61
117
124
168
277
53
194
242
580
146
27
26
337
324
327
382
40
93
4
219
270
204
148
308
303
90
235
229
233
135
363
101
380
365
18
91
8
77
157
54
396
531
43
193
104
61
65
52
186
233
183
116
146
815
139
233
2
192
492
214
1011
93
85
312
365
173
10
9
651
204
87
89
67
15
97
353
174
311
17
10
96
404
352
164
112
119
170
506
93
14
257
85
281
19
261
90
411
131
205
134
199
192
148
99
662
103
10
127
582
79
24
89
30
303
380
78
75
60
349
861
25
265
343
99
325
451
1
341
165
122
410
110
192
64
274
3
204
135
56
21
168
109
140
156
127
97
154
423
130
51
165
263
123
256
197
62
118
196
104
50
135
145
127
106
712
49
543
55
1
910
283
26
817
47
176
78
565
267
127
50
248
286
71
85
171
54
67
74
120
250
94
667
46
284
420
409
47
215
49
114
257
212
19
306
45
108
511
302
19
818
629
39
60
408
297
89
194
169
213
227
13
41
176
320
50
97
62
12
73
101
563
72
115
78
122
40
238
93
70
79
107
92
5
110
358
33
596
210
252
25
76
101
859
219
519
328
7
224
143
13
255
351
224
431
275
535
318
56
106
902
236
252
98
51
107
134
198
312
1640
116
586
90
166
76
105
91
139
110
20
4
50
361
93
551
46
174
52
145
293
281
284
307
82
13
120
837
175
263
70
172
78
69
94
424
108
30
676
20
201
109
347
435
248
36
209
74
152
27
109
45
277
82
195
393
215
325
3
38
253
91
635
439
150
24
4
85
189
104
306
59
410
496
194
385
5
226
106
25
431
183
355
45
356
121
87
492
76
265
119
102
252
115
48
240
119
34
425
147
182
143
117
366
733
95
375
175
509
376
783
28
242
111
578
352
353
108
289
56
38
912
23
96
44
377
24
169
30
3
508
63
160
231
1025
117
517
188
355
354
421
1066
35
250
208
92
47
136
64
96
33
262
79
10
73
500
135
82
44
220
407
200
16
154
90
1
667
57
508
286
413
119
19
67
47
346
182
156
8
235
107
85
62
387
18
261
78
487
215
133
122
269
28
68
55
95
204
97
84
6
97
79
56
96
128
250
394
2
211
102
339
4
51
32
82
238
716
45
107
88
128
257
91
30
194
189
67
523
251
180
178
34
595
31
39
219
213
30
77
108
28
271
464
36
99
130
11
492
270
700
323
81
112
78
386
322
65
169
11
110
201
54
200
180
129
100
419
116
1092
58
59
304
165
247
192
467
76
392
174
301
87
447
225
4
266
100
81
62
55
131
86
42
36
289
403
469
7
184
149
513
166
177
328
115
245
311
58
25
28
222
161
30
1002
37
43
237
78
460
223
214
412
1310
593
210
309
129
36
55
502
202
60
117
32
149
175
75
154
332
14
292
227
27
14
118
14
80
132
256
370
206
49
242
287
28
183
78
249
139
382
84
208
248
43
105
60
70
215
499
57
584
69
508
148
67
237
270
43
62
205
166
217
62
298
250
245
49
3
332
390
353
269
161
576
96
104
79
26
638
175
94
56
252
27
265
576
10
128
217
48
47
265
296
401
61
199
185
259
577
407
344
404
67
20
327
289
159
586
322
228
114
92
98
35
761
264
122
577
38
471
116
42
257
316
1290
61
671
150
414
13
87
347
33
22
153
218
197
64
121
364
150
185
128
137
59
366
560
58
112
56
56
709
455
100
262
349
813
93
161
233
196
37
339
137
232
203
20
211
30
395
234
14
69
64
224
506
410
88
32
307
19
65
237
25
121
79
134
320
165
116
9
317
157
258
12
128
108
64
78
268
11
29
41
175
757
316
132
13
260
915
137
104
688
46
331
57
25
244
183
212
218
112
73
2
501
197
29
74
108
149
108
15
228
488
48
76
166
821
41
333
466
58
50
34
237
466
247
275
138
123
3
72
75
4
9
573
197
857
123
154
392
198
111
62
512
57
100
34
25
97
481
149
16
387
456
9
798
660
89
127
311
275
3
191
196
187
334
241
31
30
307
208
2
154
54
106
65
100
234
691
324
59
202
6
143
279
122
11
208
242
170
264
310
554
56
118
333
75
2
363
150
200
46
22
52
511
171
11
353
362
105
175
420
168
39
193
16
21
35
28
179
32
1306
78
422
195
227
187
39
710
413
98
118
55
35
83
651
40
6
49
62
65
45
321
237
5
44
13
51
65
194
42
339
11
31
138
9
188
204
426
25
31
134
370
33
592
112
281
289
107
1
101
397
199
12
97
239
8
45
177
1
427
316
25
108
436
82
811
384
524
313
5
28
20
305
39
133
684
31
256
64
122
300
159
136
8
77
16
111
270
156
460
15
265
765
293
174
365
296
711
131
347
32
280
316
347
149
348
453
257
294
173
50
388
119
22
192
382
220
174
143
848
104
38
209
403
339
682
176
337
130
28
228
289
11
288
316
9
81
234
108
393
27
199
116
420
688
617
70
211
27
170
228
85
358
8
173
154
70
141
330
116
79
174
335
113
49
247
461
39
219
32
225
56
92
34
376
141
29
128
40
52
13
236
280
23
245
188
67
49
268
31
253
13
7
542
349
262
221
50
793
96
345
8
445
614
1201
101
124
119
175
135
147
179
42
163
207
67
275
124
304
182
350
185
415
268
35
59
61
305
321
450
1140
148
603
226
435
70
395
168
99
26
320
74
33
749
168
272
90
182
149
205
232
179
171
180
551
59
23
17
59
522
82
70
1
41
9
367
14
309
32
386
359
221
22
244
140
358
180
326
1
138
120
218
46
79
85
300
212
25
27
109
156
258
86
627
32
224
531
301
116
37
99
104
20
609
223
497
189
353
3
59
293
32
303
143
30
34
365
309
402
152
73
272
116
608
59
97
220
3
69
47
182
101
124
83
164
160
144
213
20
381
479
176
576
112
191
200
427
203
23
53
145
119
176
1
404
188
338
9
467
607
208
77
264
207
178
276
249
286
134
21
35
2
254
57
487
588
449
609
110
167
158
228
199
146
270
185
83
476
29
95
67
582
90
285
200
76
81
232
28
183
70
443
196
194
49
221
33
5
105
393
83
570
430
225
82
26
101
113
640
67
211
317
82
39
206
215
225
4
183
40
135
321
130
34
437
54
146
56
52
238
309
48
333
935
46
261
378
85
4
359
112
100
36
226
221
157
159
187
355
176
206
52
160
340
111
126
578
191
19
80
331
257
140
82
186
34
543
78
133
2
493
201
7
22
327
91
1157
218
686
220
221
15
13
309
39
349
94
435
98
270
263
61
210
176
416
6
19
19
361
452
209
208
56
25
220
140
11
39
27
416
208
92
85
271
309
316
76
250
101
543
100
332
184
83
186
128
14
160
48
230
5
413
364
140
1491
8
328
476
262
101
613
53
36
247
193
19
23
33
4
20
106
184
274
56
42
349
191
73
18
203
152
6
591
204
210
160
6
198
149
370
1
65
128
143
604
35
356
345
211
258
109
70
40
85
334
228
81
662
256
251
295
136
42
117
107
158
292
130
2
172
136
12
95
8
289
46
65
209
524
401
98
88
287
90
77
21
164
715
49
630
12
11
350
307
503
124
163
494
739
233
128
10
705
143
246
408
3
146
60
178
117
91
196
382
92
13
63
60
157
45
89
791
378
100
307
213
13
370
405
9
32
75
317
221
335
100
44
540
134
99
383
382
140
230
6
877
215
426
80
230
499
210
202
40
107
148
6
247
153
163
39
42
58
43
43
158
127
22
95
88
164
126
397
303
356
104
181
143
34
5
203
252
112
367
60
216
37
594
302
5
393
320
212
172
86
444
255
57
795
63
30
53
232
25
544
41
274
80
225
28
122
107
39
35
107
139
301
143
194
466
23
33
33
743
341
106
182
236
68
331
863
259
245
197
111
110
164
85
34
131
609
152
65
233
295
66
332
175
21
297
93
80
509
20
25
255
152
385
57
181
205
268
252
153
213
172
109
44
14
2
165
20
125
91
104
48
20
346
31
58
126
128
24
442
796
85
11
423
1167
10
204
77
93
3
945
720
460
18
108
621
205
102
14
198
176
58
264
12
212
1199
150
452
126
179
201
723
432
386
391
147
290
18
48
72
491
15
53
155
241
25
58
591
71
43
88
285
8
301
57
7
333
132
233
27
6
19
345
227
16
9
4
531
261
11
139
243
159
355
120
585
215
193
378
29
468
162
254
97
426
140
5
205
290
111
520
284
113
432
210
352
363
317
192
190
26
788
26
101
102
223
57
29
256
138
54
43
37
22
7
192
151
610
53
28
165
116
32
370
69
420
42
643
73
129
79
69
148
435
321
746
112
118
351
57
40
200
151
150
206
535
293
311
262
195
31
117
19
190
373
206
170
522
184
82
120
470
109
472
392
275
85
283
119
127
778
217
223
402
560
58
259
184
1020
120
174
725
24
60
17
138
24
202
174
399
32
527
19
97
281
194
101
143
218
293
25
152
20
697
38
4
294
45
213
31
92
95
147
117
180
682
23
25
198
148
665
134
39
115
442
225
316
337
274
20
281
289
514
440
32
772
1
407
109
542
145
12
32
160
80
111
29
228
182
631
223
51
255
168
29
65
88
3
176
18
395
97
250
48
49
63
248
254
353
39
96
258
53
73
39
41
30
70
93
51
327
825
25
417
41
366
163
174
356
21
296
58
9
53
260
72
40
396
636
114
218
212
55
167
173
80
448
242
108
99
9
32
371
196
109
359
8
3
17
45
145
21
181
85
538
124
16
551
372
81
210
180
387
1106
223
37
38
7
83
278
746
3
711
250
217
296
209
225
74
281
112
244
117
214
429
197
145
401
29
274
17
336
30
417
23
398
122
651
125
309
31
43
755
120
18
486
12
319
120
43
90
251
111
98
136
428
14
166
27
46
92
16
184
468
95
42
121
427
122
21
289
115
146
24
507
557
101
118
216
152
15
101
482
140
784
59
99
86
34
381
112
47
85
791
720
224
467
212
67
209
200
117
49
70
69
331
212
237
3
267
647
67
86
146
3
241
22
8
244
23
295
103
118
171
253
59
182
215
389
189
78
259
8
175
332
31
399
327
90
457
31
520
67
340
256
2
15
387
453
39
377
218
26
84
156
682
54
98
256
403
682
192
206
211
351
349
96
50
57
365
174
243
16
414
318
96
49
155
346
135
161
364
16
2
1155
4
108
6
274
186
116
298
164
121
218
522
54
43
184
59
7
404
42
52
47
35
144
228
119
1015
90
18
90
477
133
178
324
1
26
87
41
373
230
79
159
25
30
5
185
112
1145
111
108
15
102
165
4
17
69
451
201
131
25
22
244
872
5
80
147
18
10
147
172
289
54
528
119
344
39
96
88
1000
539
100
40
363
307
287
19
212
357
224
176
79
394
665
13
102
128
192
266
60
528
15
12
267
250
128
90
1
51
105
4
15
192
65
241
309
58
385
20
189
228
28
241
14
252
14
1227
39
125
74
194
279
379
146
358
389
178
72
937
75
14
131
47
163
22
224
615
277
9
359
311
106
51
378
757
128
32
288
40
18
129
266
585
2
53
82
51
562
38
54
197
194
372
595
203
15
66
205
141
301
291
219
9
51
237
434
2
148
611
100
92
184
347
234
16
234
368
718
203
146
190
167
34
5
7
28
23
584
458
248
145
31
88
66
321
560
37
286
690
108
69
58
105
498
222
115
676
224
313
378
168
365
484
10
13
347
122
71
146
56
154
425
267
81
20
172
24
38
167
126
206
169
211
189
57
601
4
247
37
12
153
86
190
414
482
468
106
162
65
252
391
265
195
193
145
11
186
112
26
57
210
124
102
197
412
244
519
82
256
248
347
35
409
350
122
75
70
356
415
649
2
184
50
485
112
397
317
54
397
224
13
48
6
225
45
116
30
269
171
110
127
24
224
146
569
185
427
164
179
956
253
2
138
31
299
874
14
3
24
4
40
26
59
359
33
140
188
17
684
441
110
67
324
10
10
430
54
721
288
271
39
4
314
428
590
139
325
446
139
603
178
296
50
156
27
183
76
335
298
376
54
72
307
245
21
28
411
53
173
44
15
243
62
2
159
825
457
325
221
65
150
3
607
16
733
230
43
248
212
556
118
58
33
18
17
45
174
115
220
282
32
139
394
2
491
152
6
551
53
32
356
140
318
3
146
264
319
61
13
20
34
230
617
5
64
76
334
1126
78
143
158
398
123
18
71
554
7
198
400
174
40
181
376
219
319
52
44
288
94
625
116
97
205
78
56
25
140
11
176
8
52
92
48
42
93
25
195
136
92
326
70
724
75
41
91
166
398
106
135
104
268
109
25
574
305
179
357
237
17
74
20
888
13
136
696
171
20
261
42
100
142
7
30
101
157
493
27
259
38
300
138
25
62
64
854
385
20
242
375
32
180
15
27
54
108
359
249
19
38
6
110
16
442
286
337
84
30
286
644
100
274
3
479
170
227
21
7
484
531
82
1375
17
744
70
166
414
266
337
520
5
138
18
398
240
316
456
82
152
235
216
328
149
119
64
2
223
9
124
82
200
137
202
183
77
140
474
97
264
74
79
238
422
74
584
29
30
84
352
72
449
34
148
229
327
877
41
227
149
285
431
14
58
355
50
159
476
314
322
214
86
62
254
237
95
41
193
598
868
139
103
500
177
345
51
245
200
501
357
98
126
177
396
133
256
351
39
84
23
328
361
159
752
175
351
43
125
11
17
28
165
17
551
733
754
78
190
19
26
202
308
46
11
193
392
631
253
49
11
15
103
381
374
75
184
16
576
11
71
38
67
169
440
266
50
391
216
204
141
30
25
96
15
306
9
70
74
541
199
170
410
108
134
173
198
72
485
103
360
262
60
35
30
65
258
658
144
160
117
19
231
56
36
53
42
98
114
100
187
639
168
77
28
215
67
800
609
654
80
16
263
66
572
674
155
85
154
23
154
194
87
84
462
468
156
27
22
385
113
10
28
226
90
251
301
219
534
102
162
357
776
117
82
84
38
450
81
629
143
85
133
56
203
104
421
243
56
349
58
200
124
258
48
341
163
409
59
464
306
143
31
157
256
236
343
34
763
177
84
102
163
252
5
38
287
200
74
78
774
598
156
280
38
55
36
48
110
266
119
112
108
84
99
348
27
404
346
161
193
6
91
9
72
19
66
293
107
256
371
152
41
630
85
374
110
277
61
305
567
23
262
451
195
61
552
136
130
374
120
641
167
157
35
87
18
39
389
782
135
249
26
45
1363
33
141
29
71
283
273
156
342
192
541
159
107
790
102
125
310
87
67
101
143
337
120
457
714
158
348
86
25
914
259
68
71
225
82
114
22
23
357
184
130
281
90
52
5
164
89
272
308
616
91
128
91
385
568
81
275
181
254
3
202
67
54
377
221
147
189
33
88
882
245
35
12
369
310
92
464
101
89
114
492
14
47
101
60
5
71
104
480
172
159
239
185
217
38
7
107
148
175
70
312
546
145
147
109
11
120
1031
252
54
515
263
84
555
323
703
156
6
34
643
227
173
310
263
320
157
10
17
162
88
687
124
93
347
96
14
31
100
13
261
88
36
155
515
592
225
179
177
301
500
24
543
965
154
96
7
49
233
80
79
366
157
617
364
64
414
99
68
148
259
323
307
508
189
216
101
83
49
139
54
281
18
277
89
142
53
268
23
16
44
123
45
260
119
44
49
439
210
185
285
174
279
75
708
272
89
249
193
357
87
499
137
130
61
187
89
184
68
273
14
332
147
370
52
102
67
340
677
360
13
9
34
10
3
251
235
91
146
18
36
127
248
242
158
37
151
43
33
92
37
276
188
15
118
395
5
280
21
106
14
574
89
245
54
95
462
178
557
159
162
32
241
2
292
40
34
63
76
859
11
193
40
169
5
264
23
393
71
106
310
7
18
62
30
163
400
272
207
967
73
64
65
51
785
524
366
32
228
117
97
116
124
434
133
138
45
428
871
34
390
243
20
51
39
16
82
150
1020
8
78
118
711
267
354
193
390
110
19
406
18
168
374
662
428
110
17
68
191
357
470
6
184
234
185
716
20
383
54
146
222
409
384
559
253
91
250
181
65
105
149
16
503
271
35
591
480
44
322
36
85
23
6
263
146
31
267
279
43
76
127
101
7
169
1
542
488
312
287
101
65
145
920
721
79
67
25
274
52
452
83
343
13
123
394
134
237
163
295
137
104
97
1
1
77
41
93
89
148
408
35
50
871
21
41
52
9
260
399
228
195
526
49
110
4
379
61
135
75
31
342
189
63
46
33
33
379
131
108
187
22
228
111
58
204
53
203
826
103
353
439
9
656
109
335
183
15
125
111
448
205
355
365
703
491
31
169
187
11
560
113
159
332
144
114
196
160
241
267
374
79
165
4
20
50
48
84
121
226
245
451
352
10
63
201
497
13
301
62
26
117
294
161
146
98
424
102
122
29
3
243
445
83
25
112
13
122
413
399
160
412
44
161
99
1182
353
381
61
7
495
174
105
198
446
288
77
38
145
408
347
458
103
186
220
161
471
202
32
352
229
67
534
70
299
198
205
9
180
769
67
261
172
47
32
75
595
441
50
22
92
280
303
119
330
88
42
224
163
138
145
175
204
86
22
39
141
236
193
352
92
87
264
216
1064
38
875
68
72
185
668
242
186
69
84
127
454
246
540
2080
509
51
72
14
125
210
8
83
216
218
79
21
229
32
351
505
201
391
162
120
5
107
289
20
191
15
138
286
11
62
391
113
14
90
187
252
182
195
40
45
269
319
262
236
295
98
58
46
37
821
114
304
494
228
70
902
1
5
45
45
96
126
97
119
64
326
143
13
43
158
119
295
123
240
300
153
184
547
36
313
134
190
41
89
137
186
244
241
182
110
96
288
239
183
102
30
11
307
11
261
28
157
49
215
277
76
93
210
382
139
40
167
251
34
80
89
1142
53
188
28
116
443
513
148
157
319
60
39
26
432
55
115
1103
174
84
13
292
553
100
34
511
203
104
1069
39
88
92
8
94
118
20
291
312
99
239
204
40
7
316
355
111
6
11
996
24
127
30
296
432
45
233
61
533
269
99
33
112
77
284
287
72
803
249
246
29
51
151
94
175
27
72
659
28
132
117
74
142
397
101
39
235
17
15
64
250
10
37
234
54
131
552
806
36
109
133
201
37
9
50
16
119
264
155
7
186
388
78
97
539
60
92
60
1059
463
79
178
350
207
55
399
180
194
73
57
17
38
467
345
334
371
155
42
42
91
274
19
122
23
174
74
389
1189
308
175
350
80
46
240
157
124
169
149
244
405
52
43
412
141
528
31
46
655
51
59
563
93
195
299
138
153
15
64
127
62
365
80
113
93
113
43
387
62
181
24
1225
238
11
162
20
151
890
13
240
17
742
471
162
560
83
81
290
300
191
162
225
20
43
57
64
97
236
272
130
224
51
214
26
489
16
36
1
43
782
202
412
51
129
401
186
24
152
178
145
347
1
152
22
87
746
242
9
13
210
28
364
31
349
315
531
230
175
558
180
68
63
147
147
285
90
626
95
293
76
708
50
1
1
223
20
284
314
203
200
119
534
49
19
772
57
270
145
140
337
452
167
122
235
621
211
103
57
20
426
201
61
139
171
897
81
154
249
412
247
182
38
511
29
663
20
79
315
76
39
51
833
32
83
40
160
308
138
46
251
66
373
64
109
310
133
321
240
304
270
21
61
253
1
50
339
112
116
39
58
528
113
6
65
436
13
305
191
117
144
170
76
194
251
21
72
9
18
317
290
35
228
231
125
262
228
104
147
282
114
89
399
176
5
120
366
109
177
115
28
610
90
57
165
74
213
93
439
13
252
228
37
142
277
256
305
629
808
460
274
43
22
161
87
420
467
93
317
29
138
34
326
557
531
76
575
201
160
41
203
55
613
140
144
294
436
32
37
77
479
124
657
14
42
66
467
1
59
2
53
145
19
314
337
190
80
47
501
773
1421
131
126
167
174
215
92
729
278
267
6
78
224
43
190
335
32
476
38
270
127
525
46
30
96
11
332
309
425
242
481
344
80
11
289
195
184
424
66
57
251
25
58
16
249
156
23
613
36
206
65
128
36
8
273
225
22
130
472
391
28
493
75
261
170
150
99
177
55
57
282
325
416
276
40
66
225
71
341
23
30
154
338
38
37
175
369
445
252
123
233
351
363
75
132
91
136
95
222
51
543
42
66
634
9
588
203
51
115
182
21
782
232
134
377
103
153
37
125
210
98
52
47
66
855
238
284
135
167
517
103
460
87
125
70
25
280
402
485
316
18
497
59
96
32
54
470
79
152
259
155
456
2
391
865
103
299
50
115
616
863
80
373
169
92
42
49
303
59
140
285
128
536
17
174
47
170
90
826
237
212
157
698
232
44
64
4
702
196
94
305
242
224
182
268
309
17
340
115
156
146
239
104
82
141
58
78
119
268
70
162
387
185
57
198
34
63
53
288
88
38
1
8
296
59
173
66
236
333
32
73
18
52
30
156
10
160
560
243
43
30
74
160
279
74
325
87
153
66
85
32
147
63
66
104
71
19
661
32
6
20
79
32
44
317
86
81
405
7
1552
491
193
812
145
95
498
496
152
579
34
1159
13
168
6
1058
264
13
141
56
69
126
25
227
354
58
275
85
245
107
214
30
198
24
1239
46
411
481
131
311
18
42
116
467
226
446
5
206
54
32
249
141
573
390
451
158
137
424
245
255
111
421
394
63
92
112
242
120
41
135
36
143
127
347
463
46
81
122
60
259
969
301
82
99
31
100
419
427
138
61
30
133
169
72
148
10
21
624
41
19
21
531
67
421
6
167
33
340
1
12
14
718
167
7
429
25
626
193
39
22
86
183
43
513
9
252
66
76
11
287
2
47
22
142
279
499
120
21
443
99
147
737
99
82
386
642
616
203
71
160
139
358
487
11
28
7
176
200
90
28
321
421
337
188
153
733
15
402
294
15
499
66
161
586
277
796
22
174
57
192
513
221
32
516
101
285
67
153
318
5
179
291
59
75
86
345
167
158
81
40
91
22
26
166
191
41
62
72
453
420
157
115
113
524
3
118
84
349
20
401
24
82
98
260
229
6
118
18
51
481
54
155
601
305
134
9
13
90
214
450
37
333
265
44
61
275
177
226
209
78
20
41
325
131
286
259
229
697
7
91
92
50
13
359
182
221
20
53
20
199
52
180
43
73
312
257
247
4
591
27
159
70
478
91
1525
366
77
238
45
10
30
82
246
22
235
41
246
68
23
92
285
186
431
115
178
57
306
161
453
20
298
146
194
275
59
1
220
61
60
314
150
30
416
102
320
207
181
492
8
29
321
103
574
93
26
234
78
142
421
575
324
329
82
315
315
218
576
107
191
15
94
97
72
19
122
225
8
107
365
176
229
222
149
1
96
131
5
357
237
488
81
416
56
120
135
24
80
925
431
196
137
11
10
14
138
248
41
1245
215
114
18
647
16
81
270
171
207
617
66
166
89
61
137
9
426
311
241
387
370
208
16
99
332
122
62
205
116
314
122
518
278
48
175
7
2
145
933
49
34
68
36
327
73
79
335
393
51
12
3
194
68
144
187
39
454
4
183
31
313
18
290
262
55
245
41
2
184
180
496
284
39
115
159
236
418
367
348
124
192
605
16
52
640
119
222
39
572
521
49
339
166
74
240
104
457
89
80
76
80
466
58
278
340
357
458
174
278
143
36
241
59
210
27
246
141
64
158
69
756
373
417
28
24
34
548
216
83
16
11
182
1
280
346
123
6
93
64
10
621
3
162
32
39
310
892
77
476
304
187
33
412
473
552
285
28
67
57
529
5
51
768
253
302
109
162
406
183
108
78
431
390
846
340
19
61
129
21
152
138
263
79
21
85
248
85
192
213
78
140
90
58
212
82
286
36
33
123
230
39
329
69
22
38
10
404
153
53
68
127
9
602
384
60
45
623
79
209
343
17
397
218
342
38
223
558
6
1491
33
209
79
54
372
4
558
604
298
249
49
215
63
254
283
67
373
14
53
23
69
757
248
28
130
303
451
295
13
44
8
130
189
78
551
22
72
575
364
183
254
120
172
607
548
10
332
383
94
136
239
11
188
14
377
413
237
1
447
433
14
24
152
28
227
303
95
609
108
19
127
390
102
66
302
93
64
61
158
92
16
99
341
412
286
54
2
262
4
171
362
43
105
68
125
358
129
106
51
317
463
16
257
338
72
135
248
2
261
281
153
418
160
234
151
144
233
105
43
123
510
354
127
48
64
470
4
330
19
241
301
134
547
26
243
467
421
124
708
335
52
143
165
295
94
111
136
274
325
19
190
36
373
45
58
75
76
283
174
193
171
51
11
264
36
6
265
453
164
222
429
169
34
25
198
309
20
253
16
45
871
98
244
68
44
46
91
238
213
50
294
38
642
213
307
16
244
46
90
490
267
233
133
479
93
271
650
1
47
311
96
83
180
1
26
197
87
124
246
109
444
62
109
255
56
283
112
457
31
206
85
109
294
40
154
73
46
35
1
374
47
602
50
127
115
51
263
75
215
231
456
96
17
124
174
393
97
100
34
116
151
544
221
49
978
454
144
17
119
266
107
17
154
188
26
279
330
567
199
344
114
225
64
77
283
669
148
151
76
143
386
298
98
61
152
123
243
239
190
98
92
110
15
341
188
61
82
40
125
201
27
766
641
82
438
336
495
152
264
3
552
35
31
344
246
103
87
202
38
149
277
55
238
293
16
145
335
141
360
183
198
95
271
597
135
210
146
71
6
143
511
545
27
132
83
85
600
258
292
178
200
107
163
132
201
516
272
684
140
6
74
234
1028
360
53
56
56
249
213
8
5
367
4
62
247
247
139
593
10
44
202
139
69
140
99
335
384
196
189
78
1428
186
35
823
260
64
163
250
107
239
143
33
76
12
35
79
140
37
99
19
98
94
6
442
79
4
75
289
137
45
114
12
182
25
146
385
123
157
468
163
35
421
3
183
293
68
252
287
67
67
135
12
371
107
56
200
414
64
26
254
36
174
41
3
162
149
52
146
68
21
225
75
186
196
338
40
265
60
63
176
311
169
2
908
277
12
310
553
11
231
78
461
558
66
11
87
22
460
376
7
305
732
135
404
380
101
67
156
4
66
194
30
269
201
400
413
474
205
101
90
570
289
31
95
91
107
121
183
116
100
218
72
808
337
43
120
637
273
141
38
466
62
311
23
337
40
243
152
178
23
4
328
179
24
151
13
123
235
3
191
261
59
225
17
101
375
369
199
669
78
68
106
30
253
4
151
219
2
425
202
154
727
349
144
4
108
32
246
241
105
174
184
23
356
184
597
982
450
251
79
410
405
32
112
550
266
283
304
487
1
130
239
639
92
45
15
47
129
95
494
9
124
52
23
230
163
428
87
51
95
74
314
210
50
82
58
889
2
234
174
32
33
70
16
154
1
279
107
26
36
79
28
471
83
53
6
149
649
224
167
1060
73
82
203
55
73
332
270
119
347
247
962
501
153
369
676
107
41
73
335
227
125
331
202
40
27
23
182
225
223
380
249
237
66
265
329
160
33
59
187
562
12
528
111
286
76
89
109
47
342
463
438
298
117
93
166
51
134
169
101
32
105
2
284
37
142
214
180
123
402
13
104
162
41
230
200
37
293
321
79
1
102
327
185
63
62
63
440
398
243
166
85
487
767
124
145
267
299
129
197
335
222
88
149
388
63
147
245
182
57
358
105
88
4
138
62
1225
42
131
113
101
201
58
251
525
70
55
202
42
128
302
438
112
396
692
48
411
693
49
18
134
47
385
58
67
87
227
147
283
165
240
377
175
264
3
25
23
86
20
192
301
173
96
241
18
370
124
160
22
157
280
164
55
44
714
63
66
230
62
92
76
358
84
209
216
11
117
140
82
55
136
324
53
220
72
260
155
22
22
125
144
360
84
57
50
379
3
262
73
428
102
30
106
156
157
40
80
55
90
38
126
34
198
95
274
472
316
775
144
52
438
259
157
68
106
195
293
472
152
268
306
107
113
148
274
77
34
204
283
151
325
294
78
93
104
92
786
12
78
333
237
460
151
598
20
544
186
139
43
43
309
56
193
82
556
155
1294
438
274
12
177
281
5
66
239
63
119
210
15
129
170
496
271
439
122
182
157
104
307
8
295
198
291
9
38
72
252
163
334
16
188
77
524
84
138
7
87
75
22
557
188
23
117
83
68
13
341
685
263
512
8
266
274
53
39
298
66
161
298
69
319
312
277
33
88
73
489
241
3
13
114
317
224
140
13
124
504
97
132
47
700
72
215
116
81
24
114
505
57
537
85
319
154
9
454
24
485
62
41
72
96
40
50
196
319
312
287
3
48
466
8
75
8
616
38
84
247
126
232
327
369
413
426
129
172
528
138
196
25
110
117
44
26
107
662
222
879
244
23
14
236
295
309
23
42
427
78
703
7
183
312
184
74
104
10
15
115
210
251
553
599
175
7
20
402
186
432
6
256
168
422
8
405
53
282
65
29
230
12
47
108
454
79
77
89
31
264
220
187
136
114
34
401
29
147
8
51
236
508
201
563
71
15
229
47
191
232
83
13
159
163
63
622
372
178
339
36
73
9
240
155
366
59
48
305
15
237
109
294
246
262
61
13
105
448
23
33
88
9
214
197
62
50
255
244
4
183
317
95
241
73
565
216
37
139
472
20
712
165
775
9
297
232
155
632
1803
311
284
24
728
1428
117
617
47
214
127
234
20
19
322
24
261
13
144
90
10
47
394
210
3
83
318
160
24
433
535
883
300
104
112
124
19
124
275
203
86
242
294
470
356
144
50
616
98
15
416
2
30
31
161
307
654
129
69
300
6
31
276
691
6
193
57
159
106
10
127
266
60
105
49
76
20
9
67
629
62
77
362
528
45
296
72
69
41
198
54
37
544
802
31
42
206
145
241
233
271
18
85
302
20
9
274
383
357
170
15
206
159
1
158
110
19
71
61
114
202
227
266
30
80
218
25
103
21
105
185
37
801
205
638
292
190
20
207
109
20
248
139
1
2
158
138
285
271
203
120
586
403
256
58
17
328
33
141
358
128
344
27
53
27
132
270
37
34
64
154
426
4
307
82
137
5
175
150
39
46
109
246
7
5
17
171
83
11
30
1600
40
112
141
296
24
58
23
647
497
221
140
100
17
370
370
41
11
160
682
342
418
186
1196
262
89
365
67
384
56
374
5
27
186
53
110
103
936
158
255
265
109
232
534
151
349
444
212
137
14
34
301
455
8
38
118
12
14
210
19
170
18
14
562
60
267
264
287
47
7
66
60
4
159
82
511
184
440
177
241
166
103
786
74
199
323
52
159
13
290
96
129
165
26
227
262
190
227
98
508
264
89
342
92
192
209
83
12
190
4
118
42
151
103
304
14
53
66
40
339
747
151
159
197
1023
174
275
624
57
1159
53
150
395
15
197
108
39
150
3
31
477
519
16
8
94
397
445
310
60
162
156
131
401
474
63
626
98
220
112
462
15
264
467
108
344
53
59
135
41
126
63
42
39
70
40
438
515
13
58
110
187
224
482
131
205
483
57
21
185
157
687
167
351
99
203
209
41
420
87
102
769
50
187
118
121
298
163
23
377
265
95
30
149
214
815
133
13
5
307
446
372
85
250
221
23
578
59
140
402
2
216
216
265
1076
28
90
24
867
20
291
216
20
102
77
182
136
160
422
254
45
299
107
217
40
22
209
87
368
38
130
27
183
4
148
128
134
148
194
410
147
300
220
252
340
6
172
284
29
135
287
14
391
246
578
582
25
217
217
360
975
102
68
169
176
86
572
12
375
16
24
322
535
230
79
50
11
169
264
67
141
305
619
96
439
217
921
543
44
4
176
229
303
158
400
31
421
228
186
45
240
219
619
73
275
833
731
48
109
536
358
309
139
137
1352
322
209
76
65
46
113
450
3
387
12
331
91
29
88
28
478
121
30
288
131
30
124
587
169
176
1026
187
30
54
827
318
34
70
672
555
269
231
323
21
60
38
29
793
35
39
400
472
696
47
255
115
54
100
154
530
307
14
83
232
28
541
307
554
100
232
29
99
158
203
59
153
87
66
330
120
362
59
50
76
196
248
131
85
1180
142
105
97
2
55
126
381
143
153
242
64
108
201
509
28
15
226
245
47
10
228
81
43
47
232
46
279
113
9
489
271
279
63
130
391
87
145
420
96
43
6
141
58
202
206
164
47
496
281
9
46
331
249
113
310
72
30
170
249
216
28
921
129
245
325
24
960
208
36
150
31
78
279
530
104
41
14
275
63
457
38
26
255
355
166
71
102
91
194
9
303
74
274
32
846
68
173
209
147
115
68
370
187
57
100
230
92
503
19
215
161
11
170
285
6
4
61
183
313
393
133
74
202
18
140
68
74
31
106
102
63
877
368
257
350
158
694
116
407
105
283
537
433
201
555
279
143
1010
229
125
76
129
113
6
11
109
398
305
16
28
122
202
36
68
193
153
122
3
385
366
261
560
588
226
239
25
184
392
200
23
155
136
514
24
138
350
448
124
28
131
139
83
50
187
48
9
59
24
271
217
285
139
390
149
97
126
2
42
54
332
609
108
99
281
35
442
14
73
27
18
117
234
105
15
156
149
152
220
55
282
148
255
271
1149
62
438
202
87
111
291
391
72
29
245
207
310
34
34
412
5
319
400
317
42
46
365
192
169
78
74
438
56
53
205
45
430
11
131
24
369
36
751
354
1
500
130
159
183
207
124
815
147
13
25
5
52
444
99
723
454
419
351
95
332
450
20
422
226
108
123
16
512
4
37
386
159
34
598
43
218
603
178
338
70
35
394
325
150
15
226
136
196
179
322
256
37
29
641
402
400
206
251
191
10
96
478
812
156
304
13
143
519
958
154
28
343
110
366
213
63
538
420
99
364
590
149
298
139
37
87
180
462
25
375
229
29
57
813
187
162
349
126
67
319
66
145
6
154
67
146
581
24
61
99
54
183
149
4
55
118
319
179
360
48
74
39
13
170
44
101
124
29
107
157
30
35
496
666
613
382
62
15
427
39
114
346
533
537
936
4
214
27
113
51
248
43
319
272
96
51
102
94
196
304
288
98
152
92
186
153
244
32
869
103
146
11
111
3
263
357
25
706
109
27
13
3
229
45
56
73
25
105
199
87
149
825
42
332
305
53
202
21
106
288
34
28
276
331
320
3
54
61
281
12
284
136
65
544
163
167
102
84
178
527
58
1294
517
42
20
85
9
10
451
272
161
4
173
176
76
708
252
19
94
34
398
36
277
283
61
43
132
181
27
10
630
10
49
42
558
331
772
55
74
169
400
305
602
45
33
354
320
155
536
263
115
107
134
464
75
470
317
47
626
160
89
82
52
136
17
5
4
53
116
126
109
5
193
271
296
161
406
201
199
780
314
209
10
468
291
184
48
102
57
190
337
223
31
369
58
129
830
342
686
335
35
249
14
21
346
93
149
73
337
136
17
53
55
292
40
126
549
74
11
36
175
62
55
36
186
501
252
215
221
24
515
414
510
98
298
661
269
200
14
207
37
193
60
238
327
53
32
483
78
313
67
182
89
56
280
45
756
202
36
41
125
212
94
245
184
189
501
57
51
248
176
261
46
556
29
57
194
105
185
3
86
152
46
168
259
364
52
527
173
307
731
217
70
109
33
170
37
53
251
11
259
2
198
233
68
22
138
53
106
419
161
143
152
268
604
106
114
165
416
122
345
410
93
37
229
186
111
240
227
336
50
578
68
34
17
192
421
132
1
122
133
117
84
27
130
80
142
520
344
32
58
402
49
27
110
56
267
191
250
67
70
203
85
665
158
763
37
175
153
35
31
46
286
26
215
155
438
588
239
99
343
156
60
47
89
136
9
479
37
18
421
138
62
243
356
192
261
158
125
192
463
577
56
50
267
34
154
102
166
614
43
155
629
490
29
138
588
203
779
207
65
391
27
128
533
263
64
422
218
29
429
257
257
89
132
259
144
1149
87
79
100
112
140
176
88
213
128
259
295
566
368
104
615
1
1
75
263
35
23
43
290
56
232
412
358
206
436
104
300
81
348
481
89
36
912
47
260
92
46
373
250
143
14
187
235
333
103
20
44
32
189
128
10
174
129
2
36
287
77
108
340
10
5
246
157
228
382
161
97
422
184
305
276
36
577
31
168
302
164
383
605
167
470
21
24
19
45
7
265
101
134
95
144
61
85
57
24
48
29
54
51
53
67
113
587
116
185
92
61
201
11
186
252
3
638
514
36
490
32
354
218
568
574
98
81
73
162
4
82
251
259
84
272
233
49
210
129
183
4
24
8
77
333
80
72
323
175
62
912
114
603
56
36
147
18
1
85
263
270
135
169
392
89
112
7
262
243
64
176
192
2
222
288
954
21
689
189
648
113
481
772
54
181
19
154
679
33
60
48
75
84
20
63
8
187
143
302
12
101
21
201
43
54
328
448
8
149
118
209
57
1196
25
24
28
101
33
41
362
52
207
40
6
32
52
785
89
444
18
59
177
68
452
13
268
46
280
131
10
10
206
141
27
198
188
649
31
5
40
180
104
55
30
23
21
64
62
85
210
130
23
81
123
251
103
107
99
62
48
37
368
642
107
93
304
142
175
238
149
133
458
88
218
635
38
111
568
44
156
20
125
127
2
130
6
90
78
76
1049
189
88
42
123
483
176
148
28
218
240
16
269
29
1282
31
78
1758
208
38
47
265
91
12
13
343
232
274
409
58
80
138
28
65
345
97
33
430
581
83
310
697
19
123
127
222
30
265
339
346
568
778
282
8
3
34
114
78
141
313
302
279
14
301
17
31
254
38
99
47
60
68
23
31
89
314
194
28
575
1074
69
262
457
14
224
191
263
103
66
192
71
392
290
173
33
15
392
555
197
170
408
164
57
521
32
271
168
192
75
458
3
436
192
402
351
58
60
73
263
484
5
41
94
312
13
308
35
98
43
52
176
46
140
606
191
496
236
38
61
16
438
246
483
125
95
51
142
565
7
73
44
429
327
87
139
4
26
298
206
348
148
110
24
62
108
276
6
2
55
228
117
439
470
197
38
411
426
200
43
31
267
30
65
191
134
68
499
166
185
69
26
173
4
302
43
167
649
213
26
8
3
89
178
99
31
15
71
88
33
297
179
120
79
234
20
137
208
2
83
12
104
108
16
554
164
101
64
136
243
253
137
607
589
31
206
135
181
322
284
58
528
37
455
12
755
39
266
3
175
91
568
245
197
177
665
68
278
50
66
8
111
80
260
300
242
334
4
243
131
502
1080
818
227
40
288
275
19
35
60
268
75
13
94
78
181
173
49
21
489
7
183
305
30
52
89
203
210
879
182
30
53
414
109
17
173
3
75
461
63
161
234
86
167
207
275
74
387
142
50
585
19
127
19
460
13
136
461
278
437
30
260
133
141
122
105
35
151
263
30
134
88
186
5
187
324
140
211
215
37
364
83
136
7
1
17
36
202
157
355
114
52
170
53
10
37
320
73
518
32
50
72
17
101
488
51
94
43
399
30
654
146
94
469
137
50
589
90
532
149
34
182
19
46
118
100
242
75
96
111
42
294
52
81
351
219
107
51
185
198
331
261
104
21
63
49
327
384
127
46
36
187
113
192
48
14
280
709
544
58
5
12
371
121
81
53
136
209
100
507
83
253
59
107
285
82
4
156
92
371
171
82
105
783
353
65
105
301
83
43
341
141
450
120
433
705
645
124
109
12
129
42
257
314
665
214
103
394
121
26
51
349
24
651
335
662
33
521
87
8
438
277
4
351
140
348
102
339
99
661
159
334
199
404
885
455
159
97
69
153
284
33
139
33
295
279
24
20
152
448
357
56
529
327
324
40
241
94
165
45
260
31
107
13
39
286
125
323
121
881
921
112
123
340
112
438
20
374
206
26
125
127
256
150
360
939
4
279
232
59
208
11
555
402
33
38
290
208
170
883
733
84
210
362
111
60
80
356
122
382
79
5
299
487
878
263
345
105
26
565
1242
180
5
6
345
132
128
259
104
63
349
217
59
300
4
64
406
176
189
134
18
374
228
862
205
121
237
109
599
196
32
93
149
135
33
133
6
326
241
147
115
83
361
274
63
21
112
127
85
423
307
18
10
94
345
112
172
69
1121
409
27
227
269
430
135
2
177
146
9
23
273
173
161
158
73
423
381
171
341
94
282
43
121
167
60
121
122
746
117
179
32
19
20
16
27
154
127
40
722
523
44
31
23
31
304
153
6
111
220
597
252
35
85
155
74
182
127
165
429
130
117
134
132
316
118
317
27
188
94
3
12
55
225
27
433
217
141
524
461
124
52
114
55
47
239
481
31
167
67
212
1245
1
28
18
118
110
193
65
36
182
127
129
223
241
137
273
295
342
116
75
463
305
450
243
23
27
275
60
358
168
30
33
69
355
100
123
167
28
442
114
57
49
88
141
276
62
148
34
11
143
212
57
24
479
402
476
195
270
293
143
90
113
79
564
363
128
127
210
126
318
98
211
820
103
782
3
74
194
126
753
183
374
160
60
240
16
42
217
234
21
96
164
317
234
746
97
77
209
556
221
409
3
15
299
169
73
201
422
127
35
422
74
445
35
432
368
537
53
276
10
328
122
159
62
71
185
13
73
1
72
258
136
177
20
278
28
323
72
601
586
117
2
34
245
1027
2
278
123
38
12
66
196
13
71
170
124
28
33
103
1803
278
180
20
15
148
15
18
137
13
739
480
7
152
1008
154
46
167
33
178
156
399
551
88
106
29
78
23
583
204
6
215
54
5
467
215
78
225
237
170
29
81
31
357
506
29
227
23
71
395
177
40
136
165
821
102
455
74
119
32
134
64
211
82
56
401
353
93
28
31
114
161
295
42
351
97
91
274
82
315
616
260
147
213
229
468
6
223
10
120
338
6
347
168
33
308
256
520
42
153
86
23
131
47
183
317
65
172
17
588
612
91
190
186
95
131
119
196
190
67
67
5
302
113
216
35
96
45
376
117
4
310
322
379
266
170
67
494
639
285
290
110
58
116
39
151
324
127
21
160
2
40
141
20
487
96
222
295
486
190
60
56
168
25
65
278
354
145
598
470
163
201
16
560
210
130
5
28
216
306
472
186
45
35
17
73
3
58
138
51
7
478
12
284
77
383
156
64
23
280
46
249
711
54
203
93
74
299
853
196
8
510
26
323
440
393
371
469
18
275
282
114
282
332
352
1
618
221
78
819
197
377
25
423
80
616
10
223
19
133
98
360
52
264
606
58
139
289
21
266
93
531
5
104
325
434
190
181
100
175
76
154
39
46
49
157
663
145
415
462
172
180
1167
38
283
103
176
34
38
44
190
52
75
45
384
56
196
159
524
267
287
619
42
227
58
15
147
115
117
950
210
46
17
545
15
200
91
126
38
332
293
80
201
106
174
71
286
30
97
11
280
53
105
135
173
60
16
152
138
420
154
321
414
350
197
42
79
341
1
320
351
188
403
38
403
471
14
76
54
96
649
137
158
127
461
55
19
47
175
152
20
311
57
238
5
21
612
411
581
507
388
194
207
7
289
175
136
515
403
229
261
88
664
349
50
118
5
179
69
165
114
373
256
228
309
309
152
122
149
88
177
258
76
138
228
216
130
62
34
65
76
38
222
153
249
348
37
265
305
67
259
118
1
21
62
215
180
146
336
108
147
369
93
188
979
83
636
36
269
289
746
91
616
470
120
136
56
27
58
146
103
101
477
16
98
278
15
109
76
229
57
183
366
98
449
157
258
100
130
74
2
125
154
41
157
85
113
443
77
46
314
164
78
87
76
287
101
26
636
60
354
106
38
251
22
438
49
21
165
59
44
613
120
184
439
80
14
70
575
134
106
94
178
52
46
500
101
490
165
88
50
13
51
41
479
168
204
18
401
112
295
403
11
11
665
57
163
721
256
475
69
29
256
323
468
129
522
47
166
7
30
122
186
74
330
345
271
12
144
163
369
69
373
143
571
210
34
80
152
462
529
226
265
299
36
135
128
382
179
225
47
246
19
62
85
15
24
136
508
38
136
266
191
7
136
334
269
437
88
183
64
131
79
116
146
120
92
69
137
141
144
25
227
198
23
126
29
5
418
244
222
1
16
443
25
182
202
271
66
1444
188
225
247
227
291
95
369
69
235
447
205
38
52
226
72
172
184
178
28
108
16
75
40
258
127
30
282
145
110
192
94
76
231
1
54
11
80
3
431
149
45
364
11
42
135
368
93
111
237
2
680
25
431
144
185
190
186
116
104
495
49
19
316
58
14
418
256
278
72
51
310
128
234
140
83
127
65
116
31
31
52
547
275
168
250
370
16
7
29
179
105
149
185
37
68
80
641
115
139
149
46
48
219
158
218
25
170
157
297
207
377
316
295
115
8
334
41
43
234
119
110
56
170
213
96
43
168
34
68
219
94
249
287
155
181
58
87
271
72
147
101
733
232
152
185
106
416
134
28
308
143
106
164
427
40
49
168
388
76
113
231
98
192
57
524
23
198
43
240
70
155
23
297
69
344
188
258
188
294
345
193
44
170
168
85
374
805
252
105
42
41
620
147
64
692
211
407
34
305
14
93
150
295
186
279
320
99
92
384
195
237
206
514
84
423
218
74
75
44
58
88
169
315
193
403
359
204
11
734
64
10
214
276
9
585
477
103
9
138
56
113
432
20
91
157
130
103
152
235
71
140
141
19
253
262
103
149
113
74
36
380
100
94
378
554
66
134
140
1
509
49
292
190
226
423
1
43
48
17
23
122
222
13
296
140
239
161
98
3
61
26
69
78
309
235
194
284
150
67
128
15
220
177
168
64
26
114
35
329
134
344
104
66
31
137
523
248
495
309
273
164
93
237
82
112
17
440
8
277
498
236
136
77
394
194
89
2
41
188
7
155
182
141
159
167
60
457
117
10
27
525
268
27
211
24
319
116
52
358
63
38
110
156
357
235
111
71
628
29
225
257
108
284
39
755
272
112
109
354
97
13
111
116
260
95
355
530
289
353
156
87
169
1184
398
27
88
87
198
166
62
226
57
166
239
12
45
12
71
245
400
77
107
148
57
280
37
248
133
37
500
72
221
57
69
526
458
47
145
226
17
83
67
99
103
98
388
57
960
146
188
621
228
405
304
111
96
64
185
54
8
77
155
300
186
66
421
95
8
6
92
62
267
141
23
272
131
494
126
87
50
27
37
119
311
117
83
702
588
91
224
300
276
84
137
99
234
44
408
129
196
65
161
558
452
502
513
518
218
86
239
195
442
179
166
40
671
130
149
178
110
92
25
435
258
218
58
137
183
241
459
17
386
29
74
261
45
103
3
369
821
86
74
148
89
188
128
393
347
420
94
521
192
179
281
354
503
41
403
222
90
124
236
282
292
54
127
443
203
276
274
26
76
9
212
266
78
365
220
502
346
4
145
372
234
75
145
179
27
62
997
247
85
28
14
319
56
235
124
457
153
252
182
22
93
7
231
36
341
475
3
142
62
273
38
112
31
295
106
413
814
275
420
196
62
75
567
48
1
16
72
118
167
8
27
384
249
100
576
542
54
106
130
136
71
91
35
741
344
42
159
22
721
528
89
207
39
179
78
259
191
115
184
116
278
104
880
34
272
213
168
97
71
493
24
124
474
214
438
2
489
268
29
108
110
176
406
51
129
145
73
310
136
68
170
3
119
134
545
143
250
352
67
15
18
611
13
253
533
413
90
63
616
173
125
225
138
624
115
5
477
186
20
164
447
189
2
143
91
518
331
29
249
98
109
296
1
6
168
68
10
262
39
250
343
348
530
124
49
279
229
564
167
85
690
519
491
394
75
140
158
77
159
674
226
65
444
134
339
190
704
489
295
107
149
145
262
168
3
14
114
33
342
16
416
44
77
134
139
620
126
298
99
55
40
219
98
476
48
114
199
32
240
12
129
173
43
15
58
401
69
145
381
320
215
280
191
171
192
169
114
67
11
81
196
53
362
186
124
36
132
9
437
7
64
457
90
87
163
1122
67
272
116
154
3
335
184
147
463
424
114
47
87
247
57
101
82
327
262
428
92
101
104
698
96
215
75
82
134
77
178
27
19
44
50
176
74
301
205
30
45
129
115
36
257
161
345
106
579
116
39
74
109
109
64
18
57
91
150
914
276
159
388
140
60
41
136
358
685
275
93
175
75
231
95
486
407
189
30
8
50
174
172
108
293
150
711
130
640
127
255
44
429
168
147
105
263
208
47
39
15
56
702
13
100
336
24
210
601
33
33
33
64
209
114
122
107
128
793
123
85
59
314
2
129
94
81
78
312
131
109
49
151
60
50
919
547
28
174
70
725
467
106
387
163
6
84
102
44
132
95
163
167
696
264
45
612
115
205
627
13
161
61
69
25
57
135
2
299
402
350
128
310
15
14
126
410
15
896
527
322
57
347
146
29
369
199
63
178
235
98
55
146
246
699
118
114
31
272
673
20
53
783
157
18
79
377
146
89
21
34
122
282
548
176
74
457
13
216
110
137
156
23
75
127
278
412
117
538
84
155
574
109
103
63
171
103
327
20
291
141
106
250
23
114
39
146
23
13
303
21
180
200
399
515
156
173
122
100
293
478
248
7
54
193
147
3
89
26
26
262
41
30
61
201
258
12
14
14
80
36
29
76
112
323
1436
168
143
372
170
9
199
139
175
652
86
470
238
197
103
126
84
64
670
115
426
756
412
226
40
65
176
18
49
289
71
210
286
86
4
190
331
114
590
234
286
224
4
358
3
191
530
140
5
361
146
484
127
465
358
46
162
308
254
12
19
1
67
221
111
40
18
171
381
62
91
72
146
21
44
73
145
174
444
32
38
27
129
112
43
214
187
96
237
346
314
210
312
229
45
42
273
168
610
285
86
83
54
2
181
290
10
166
52
50
604
33
65
117
228
43
41
176
485
326
171
48
17
305
78
156
166
99
541
185
17
159
511
157
208
78
46
315
644
44
29
77
136
25
68
230
46
274
159
27
42
476
205
92
18
249
213
107
194
70
228
785
30
214
35
397
100
182
4
453
156
29
43
287
192
134
194
81
82
879
90
326
180
695
328
74
144
9
261
54
81
287
30
835
5
34
194
94
849
8
43
97
192
213
78
149
32
158
38
129
169
34
217
58
1406
24
120
201
73
254
121
5
95
142
545
137
384
118
351
57
220
233
82
35
52
94
110
228
194
112
71
305
204
343
124
41
1
73
111
157
190
7
245
451
34
17
35
803
638
66
65
279
98
115
153
252
203
60
87
98
71
22
346
150
132
486
269
106
508
88
11
357
330
196
82
14
308
417
94
145
445
285
114
57
343
3
84
32
80
188
571
475
34
100
10
170
61
240
118
371
304
496
24
432
132
125
33
361
23
30
187
277
110
77
261
40
89
1126
306
28
1941
17
1029
179
436
630
260
94
87
311
136
131
82
135
405
230
117
418
570
186
221
579
89
569
155
270
166
22
23
328
86
584
170
219
65
425
484
73
22
809
89
30
293
106
11
107
9
321
255
151
124
399
277
52
182
561
120
34
74
211
460
244
999
126
40
241
148
77
90
303
419
9
20
9
28
350
26
416
355
103
164
113
111
45
84
285
285
41
175
6
72
167
67
321
33
34
40
404
117
154
18
174
49
314
182
33
101
2
119
466
450
58
111
538
151
70
34
33
276
247
174
39
379
221
148
9
253
15
32
43
245
60
216
270
286
13
26
118
89
79
214
93
92
245
2
265
112
490
196
397
556
31
74
284
53
430
185
51
12
395
416
9
646
74
93
31
194
66
29
59
302
59
21
948
375
249
45
415
280
535
448
44
38
248
377
64
233
52
53
871
2
301
95
29
340
182
52
143
93
124
83
58
98
87
353
80
104
334
29
269
21
73
359
72
287
51
140
170
114
328
349
336
405
215
434
146
388
29
643
106
12
51
203
122
427
65
202
310
172
31
31
12
7
19
7
36
133
21
315
363
213
348
151
6
107
551
379
182
198
4
3
60
43
295
36
52
525
298
4
190
92
115
310
457
18
114
312
194
181
81
122
186
138
173
46
322
435
204
550
25
210
118
159
73
289
470
62
65
36
237
43
456
60
3
379
228
285
174
29
85
326
150
120
280
18
124
112
31
1009
98
7
36
105
243
120
210
50
4
143
206
42
705
21
173
43
319
78
36
151
398
331
397
72
409
607
139
141
606
137
495
493
100
58
37
90
40
79
56
133
22
229
257
173
202
100
113
172
70
111
119
357
250
65
154
271
33
89
106
338
200
111
341
71
126
476
475
535
85
135
396
582
266
308
59
416
334
122
17
71
188
177
791
17
211
249
171
58
273
66
100
9
38
616
100
60
3
161
138
144
297
833
32
124
20
10
76
178
254
95
954
243
118
126
163
209
71
4
7
108
196
161
241
39
83
153
7
95
5
576
104
126
27
169
165
88
598
471
79
45
222
706
130
191
20
532
74
432
89
338
324
72
88
52
516
42
885
83
674
250
19
14
113
27
36
257
114
112
218
5
13
34
15
294
235
77
115
15
249
22
207
115
197
116
22
170
2
1
16
60
63
310
101
26
262
311
263
204
501
567
43
66
197
411
109
5
198
170
638
45
179
178
10
555
19
348
190
16
53
150
209
465
400
178
253
146
316
257
304
53
6
199
18
298
130
266
75
244
29
183
265
372
24
181
166
20
191
524
54
120
51
199
372
184
144
173
111
469
124
37
86
30
185
237
134
347
107
21
114
138
440
21
113
277
306
83
65
102
130
230
495
194
609
33
459
103
346
232
133
29
489
79
167
245
85
327
30
655
173
68
167
332
112
51
74
426
123
4
92
13
315
138
41
262
266
442
31
15
56
73
122
65
225
93
216
2
307
22
93
584
122
178
176
293
26
192
50
111
82
306
23
3
146
56
38
32
52
200
915
20
15
73
134
201
191
121
602
363
74
44
23
276
417
63
122
50
40
93
193
306
622
292
403
473
122
61
183
118
114
26
658
224
118
5
79
249
586
226
383
239
29
35
403
165
3
161
57
256
223
12
158
173
45
14
22
23
58
92
307
114
237
14
221
265
85
59
76
56
52
28
413
341
82
155
290
317
98
205
23
165
139
252
204
210
72
272
93
239
101
366
202
29
243
33
332
492
183
65
96
41
87
384
190
32
343
86
142
17
382
241
69
267
106
381
27
12
352
359
77
134
51
111
215
302
136
6
41
172
416
354
12
236
170
411
292
85
85
16
101
61
193
398
30
686
981
116
357
17
239
84
234
1
486
84
587
354
115
76
227
321
233
27
124
36
127
38
27
320
144
221
78
107
54
54
19
237
232
511
39
48
37
54
77
132
131
66
44
659
60
186
66
96
100
364
74
45
756
246
169
187
288
160
300
339
179
447
225
15
292
49
37
38
374
122
29
443
318
98
233
16
5
120
15
359
43
26
475
198
93
104
16
182
97
186
366
745
518
415
146
723
90
241
106
448
225
488
36
474
167
70
73
65
29
97
48
102
29
174
35
136
64
34
252
72
141
44
42
192
339
43
83
1227
113
51
23
151
586
133
145
531
85
19
144
465
86
443
744
5
21
75
166
12
203
344
211
828
22
33
19
228
42
344
598
123
312
24
11
120
71
4
105
17
150
82
97
141
282
117
256
98
350
396
46
318
301
54
31
194
910
285
105
79
73
250
60
97
19
32
197
57
243
79
32
42
87
13
172
382
322
127
461
418
439
59
293
108
84
44
154
473
360
314
183
544
307
308
60
150
356
175
334
263
133
43
26
339
468
294
84
545
61
93
13
185
245
811
152
357
79
128
66
60
31
131
251
23
172
510
10
89
88
33
41
529
76
94
356
54
24
111
152
642
64
146
365
101
157
1
92
41
13
320
489
327
59
148
102
212
778
756
335
13
370
10
478
19
43
177
392
116
274
124
176
88
70
58
723
324
141
275
266
352
54
430
15
104
94
20
441
193
204
298
360
159
80
517
277
223
131
149
434
30
110
311
153
288
32
411
69
19
157
24
240
83
410
103
128
196
153
355
4
58
155
23
135
117
229
513
13
92
409
372
230
289
182
300
3
11
881
218
249
55
121
122
475
142
83
1010
574
282
190
370
48
6
2
262
56
19
194
205
312
16
104
39
26
126
171
63
55
71
77
403
59
646
412
196
187
86
86
65
101
328
83
246
134
202
257
96
216
161
244
32
132
509
127
25
34
24
139
174
6
333
817
239
5
224
67
493
203
20
642
348
366
141
65
127
124
923
240
276
101
190
83
761
64
56
312
51
370
68
91
133
319
23
38
82
51
146
3
22
114
43
169
43
94
70
364
206
82
50
71
141
45
294
293
31
443
183
116
9
81
71
1
54
157
507
109
540
33
88
53
111
4
76
519
451
43
85
66
48
493
225
51
68
491
57
19
25
218
293
358
14
401
37
19
159
401
49
183
189
45
290
604
180
4
85
24
110
176
154
244
198
180
503
149
238
130
748
54
364
141
277
264
295
301
205
32
189
622
37
541
122
380
10
6
310
206
100
165
52
549
127
11
333
88
270
181
73
511
194
794
259
527
282
55
182
138
40
157
16
183
38
846
151
229
48
36
212
244
302
10
269
255
127
23
33
307
31
37
215
93
162
620
217
8
51
322
608
161
646
132
14
38
370
219
381
91
1118
471
74
185
11
237
85
142
170
141
142
12
87
80
62
9
407
195
984
154
325
47
49
161
436
4
40
210
2
51
110
220
390
203
82
82
696
633
107
661
155
254
46
572
326
137
184
58
96
69
156
249
92
180
263
48
172
10
129
182
260
59
45
118
676
181
310
134
146
210
63
371
373
14
9
326
37
115
26
102
195
25
179
121
2
115
338
83
90
75
131
38
62
238
27
211
48
383
42
57
444
494
49
1803
234
244
66
182
76
62
54
915
368
21
466
55
8
166
279
349
73
100
44
29
24
361
19
82
47
80
151
100
144
59
147
95
815
208
211
413
86
114
81
191
2
16
241
32
730
29
317
220
38
255
19
347
740
71
703
202
67
313
63
69
4
138
109
4
91
267
90
300
176
272
291
653
336
266
226
364
171
216
36
586
125
165
21
42
305
11
185
310
132
370
82
472
62
356
25
10
40
223
17
10
165
82
394
334
217
186
1074
174
321
1046
11
375
98
8
195
282
227
107
317
25
171
550
28
321
80
303
315
239
141
844
576
2
7
236
474
9
228
12
69
51
358
82
190
204
412
21
156
216
6
8
78
10
9
92
143
26
138
48
177
68
27
13
167
182
674
210
36
191
248
75
214
51
17
51
756
235
169
161
44
195
106
539
532
20
19
63
340
193
69
83
189
52
162
26
4
79
165
95
398
182
77
111
221
193
36
157
56
124
379
10
101
640
200
116
81
399
206
200
384
200
115
254
582
6
4
53
378
75
51
101
46
31
310
73
90
9
509
148
129
142
317
15
111
174
247
57
48
13
83
65
444
19
431
58
206
70
124
75
15
60
178
166
85
141
25
237
56
263
107
263
243
130
48
612
6
883
429
98
50
133
156
413
223
150
326
40
254
251
159
23
38
125
139
18
114
5
5
42
67
141
504
19
546
24
198
420
110
66
189
55
712
5
79
548
103
12
175
20
35
17
218
52
21
352
6
143
167
30
586
50
549
307
545
381
31
56
67
397
71
33
169
148
13
216
136
345
289
102
349
505
519
65
478
23
64
362
121
263
338
96
10
15
23
173
39
196
60
328
30
298
327
426
213
72
10
128
162
263
467
390
89
557
552
65
23
8
176
169
68
832
52
93
44
399
40
136
171
88
45
345
414
77
170
87
764
852
120
201
279
248
115
83
51
291
19
33
316
33
100
246
57
378
331
355
908
166
2
260
68
82
365
105
443
11
234
7
416
79
292
105
7
208
119
83
233
92
56
13
53
108
148
145
66
58
156
170
271
789
467
16
231
44
6
297
74
93
254
1012
452
108
125
35
16
64
135
566
52
10
52
64
102
214
63
387
157
120
93
140
133
294
216
502
88
495
171
51
633
143
234
446
333
238
706
81
63
36
176
360
159
121
377
28
852
151
103
42
109
14
49
193
681
113
152
56
24
343
63
35
103
163
22
817
188
590
234
130
256
267
52
71
165
175
405
16
107
158
32
165
141
11
662
4
216
72
56
194
780
170
395
15
475
116
508
25
138
72
910
54
62
61
93
44
105
295
6
213
333
10
48
194
193
243
125
429
279
167
944
50
47
41
16
156
128
520
176
258
472
51
48
84
118
366
120
1042
118
243
6
138
7
54
289
185
315
218
157
138
33
60
115
321
61
1
181
58
328
202
1294
379
129
152
215
195
150
111
89
283
57
103
159
81
210
31
118
84
68
503
962
54
130
58
250
253
345
264
18
732
83
5
154
26
15
96
188
1251
139
335
125
28
187
54
52
744
599
210
90
61
169
323
169
168
17
59
109
507
318
106
39
173
51
100
8
282
302
65
74
134
14
204
183
91
154
495
230
85
577
132
19
96
83
791
2
11
5
360
195
616
73
110
121
5
78
444
340
171
454
12
712
44
206
98
15
70
63
140
136
118
89
47
227
76
138
130
1
87
19
101
398
612
232
138
136
91
52
143
213
852
582
506
302
80
96
97
208
88
59
100
47
95
205
55
203
63
41
211
51
47
296
40
32
209
140
244
347
278
55
17
319
1005
219
101
426
41
28
318
169
172
35
82
84
82
612
352
615
9
269
47
72
127
71
68
603
91
152
124
592
110
98
65
655
44
3
89
102
33
130
205
160
173
412
106
98
190
40
17
17
6
265
44
370
15
186
208
49
4
292
150
83
250
105
197
83
304
37
6
110
246
254
296
292
170
139
11
320
179
519
534
535
50
620
1
110
9
85
8
89
25
113
1
116
12
292
136
173
154
146
717
1
116
405
447
404
92
92
9
1189
271
142
38
464
45
104
93
173
145
459
19
60
296
597
84
211
717
208
17
329
367
231
21
39
4
217
159
677
93
4
135
96
205
694
115
378
29
74
96
350
242
90
60
62
229
798
81
89
17
565
119
192
219
138
214
532
46
162
27
210
170
48
396
74
588
14
44
21
324
23
120
205
493
155
393
45
30
102
22
466
19
64
134
14
172
2
56
53
392
253
386
687
166
541
675
24
110
65
289
119
165
124
87
128
166
708
11
86
5
68
30
185
327
734
569
236
266
134
319
2
550
9
338
119
151
96
602
20
493
321
74
35
93
58
43
266
32
471
348
126
346
648
60
271
27
23
100
134
449
111
184
37
132
31
520
16
56
733
75
146
93
158
360
681
301
172
112
341
59
75
5
306
188
584
199
170
9
115
63
506
103
151
67
171
203
83
598
76
17
87
428
194
355
33
42
16
533
279
392
16
171
420
82
903
11
910
286
76
203
125
365
529
44
257
334
15
202
233
137
20
1
91
378
190
111
658
14
32
167
76
198
348
445
3
68
58
105
12
141
35
21
101
50
499
339
34
140
124
325
598
2
327
169
20
265
219
96
13
1
81
3
4
50
90
17
363
59
44
153
81
13
63
235
37
93
285
99
42
3
149
166
190
313
77
542
355
105
507
4
52
97
53
46
364
124
594
23
45
119
517
426
50
679
289
308
110
20
320
203
104
85
1
114
425
751
704
365
19
17
137
276
726
111
513
211
668
152
335
7
219
540
2
136
84
24
275
370
151
8
372
416
187
371
191
4
225
160
165
197
181
75
126
17
151
45
618
128
332
575
33
4
144
190
134
1
154
252
66
108
173
231
39
3
337
45
8
5
203
82
91
52
73
1282
429
194
361
194
83
93
1
165
29
73
271
53
398
205
398
89
102
34
94
95
159
164
63
117
512
57
28
1
26
38
97
98
291
12
165
116
165
208
100
178
443
57
16
98
24
53
185
608
23
323
116
68
38
187
110
610
445
172
51
14
8
174
49
14
22
41
19
60
169
45
9
171
152
64
591
143
229
44
58
284
93
42
4
116
265
374
622
120
153
1096
259
425
320
37
108
654
373
420
147
148
312
143
57
106
27
498
147
427
132
157
147
96
30
58
15
238
100
167
289
1064
104
176
33
210
158
54
327
88
508
26
226
144
23
220
139
81
253
328
219
196
450
419
86
286
75
1
65
291
295
204
641
1
7
145
261
109
457
238
111
396
51
774
21
91
425
84
153
504
76
213
771
242
294
102
436
44
294
169
8
46
642
158
419
49
478
11
108
15
562
8
155
118
191
193
9
11
554
327
68
21
460
66
298
526
112
457
143
77
90
35
128
105
148
85
14
267
139
161
440
85
51
88
199
107
513
71
133
99
171
504
499
29
109
175
18
623
214
290
327
22
461
16
107
189
134
241
71
1
55
127
153
337
296
80
101
107
603
91
28
9
162
31
332
203
310
167
214
67
249
756
176
421
38
254
109
465
87
400
166
317
148
87
125
457
16
55
282
116
126
63
96
146
24
148
165
166
449
78
653
58
77
24
412
73
521
173
289
47
19
232
14
56
259
367
142
393
21
597
377
356
46
157
95
35
583
246
852
48
179
8
43
10
222
81
504
101
436
56
116
72
28
186
54
338
41
221
48
328
61
536
6
63
411
348
709
37
53
537
27
51
242
1037
57
237
114
103
43
139
272
98
35
314
96
214
253
80
47
217
367
234
126
56
411
302
32
365
265
170
185
6
52
178
4
168
285
15
265
226
92
77
34
309
87
31
49
127
94
548
15
273
97
72
17
152
38
262
218
104
621
60
39
111
294
200
72
52
15
448
39
23
88
444
276
75
37
214
130
62
68
31
4
534
156
68
536
10
567
357
9
116
206
586
146
30
118
6
65
152
56
255
355
53
65
184
26
497
128
130
129
394
287
317
61
81
267
26
81
198
106
32
397
576
149
47
229
305
35
316
209
30
13
625
53
42
128
40
363
217
383
182
989
220
76
17
851
32
24
29
10
246
7
14
224
6
10
122
40
166
10
70
17
321
5
378
98
247
138
237
114
235
192
376
65
231
234
152
84
225
151
135
78
75
128
84
922
419
94
572
945
67
123
52
46
88
86
135
295
25
29
166
105
58
311
475
10
145
364
6
120
73
166
47
401
14
192
12
73
310
98
293
171
81
614
211
198
274
773
337
80
80
95
158
54
222
24
71
133
85
565
308
102
149
145
32
386
40
172
208
14
31
236
421
375
244
79
596
522
1369
169
184
129
390
118
274
88
98
9
97
58
669
100
93
57
476
102
1
558
124
223
427
246
106
188
12
44
752
170
397
204
56
136
129
19
330
293
189
39
494
290
94
125
277
327
237
3
28
599
78
53
76
120
431
192
37
39
545
133
80
508
127
65
237
377
457
147
421
1
529
16
423
40
78
256
223
3
1
243
597
196
135
78
268
222
25
35
17
34
870
8
149
337
43
77
218
119
41
179
90
4
363
103
860
468
26
17
71
15
451
64
53
179
274
60
77
77
97
215
454
5
152
210
538
486
323
48
165
342
134
177
32
477
336
126
9
64
145
16
310
56
74
214
531
273
35
166
54
178
361
110
130
697
264
176
142
20
104
94
428
50
328
62
247
769
228
163
579
84
18
240
451
4
151
283
19
237
212
53
65
467
687
251
287
496
179
173
319
123
123
43
51
190
770
377
27
285
184
517
232
436
60
110
687
24
40
117
375
292
906
254
322
459
193
299
314
137
645
355
598
78
288
4
64
235
237
7
14
1187
18
313
87
103
74
41
588
118
54
161
117
3
299
625
302
114
673
330
240
12
152
3
242
50
123
39
328
391
130
842
308
215
911
85
26
20
86
97
92
36
1
448
44
45
125
84
294
173
155
865
247
225
370
61
98
484
6
629
243
56
244
81
32
518
143
276
62
450
83
457
89
199
33
56
155
329
86
268
514
199
46
123
31
30
64
43
518
91
74
195
534
234
179
39
180
46
41
27
34
122
17
15
205
112
222
85
793
9
166
132
859
22
38
80
107
609
10
413
368
297
127
103
161
284
44
18
37
24
460
172
57
32
49
249
152
90
485
483
29
354
21
95
71
255
1
232
7
86
54
387
57
159
6
135
256
265
112
21
144
136
432
36
21
10
56
22
561
120
167
197
238
329
297
237
316
116
182
171
180
64
275
33
376
78
375
12
234
192
6
253
382
104
248
508
89
698
136
882
93
532
217
31
126
82
61
39
1155
112
44
3
319
98
83
57
580
552
28
55
322
27
180
516
3
27
69
383
289
115
30
178
507
61
173
16
83
137
16
7
7
15
98
993
113
16
188
19
114
126
111
30
135
239
163
35
106
34
441
530
35
232
47
180
67
26
8
4
69
18
169
559
189
740
22
126
95
117
1
22
323
43
196
349
69
136
44
83
13
46
23
20
125
232
164
33
268
103
22
150
105
192
595
10
9
684
194
89
189
74
327
39
28
193
670
85
349
97
204
367
166
48
443
57
246
25
474
440
37
50
39
28
386
80
60
688
53
19
163
165
47
48
32
219
20
129
6
248
337
679
375
146
26
80
152
65
2
93
322
460
10
477
4
75
463
38
96
313
221
187
414
553
78
106
1
102
650
238
265
455
15
162
200
232
150
522
219
5
168
169
203
273
115
4
255
160
469
348
11
14
119
1094
422
77
50
430
43
224
183
118
87
384
138
40
209
30
36
182
62
72
242
162
214
121
1169
76
255
63
77
224
379
340
58
644
51
141
58
80
95
59
124
22
137
138
20
180
100
27
3
32
217
460
323
415
567
149
849
318
326
408
233
354
43
154
88
108
454
62
387
34
12
93
184
63
25
250
639
61
47
94
212
187
144
168
90
329
110
515
57
218
21
259
213
26
83
40
201
141
56
82
173
140
179
259
215
285
143
88
65
95
66
18
57
51
358
6
668
85
402
20
51
85
15
39
612
21
104
40
158
173
551
109
10
50
36
136
417
188
79
57
79
372
203
480
163
124
718
682
70
44
444
529
606
134
153
147
106
6
82
113
34
49
2
43
950
425
341
74
18
15
157
40
133
69
33
886
559
2
199
10
26
320
624
335
12
616
212
9
596
438
515
72
24
46
348
72
53
295
113
67
244
195
138
498
50
12
155
503
84
284
374
458
75
70
90
176
288
351
514
857
176
99
336
195
215
166
21
88
227
465
261
918
286
615
393
41
20
48
90
295
74
369
1
25
355
162
59
162
434
105
44
166
111
610
133
241
204
147
435
543
84
1
66
131
401
745
209
228
287
152
5
17
733
182
360
60
260
36
197
140
362
49
212
630
223
255
61
74
134
150
178
179
78
144
136
61
51
342
51
15
738
148
296
389
15
176
105
404
34
113
74
227
192
952
356
77
196
160
76
230
52
58
593
366
337
185
197
79
203
355
68
1021
173
102
240
171
510
173
30
117
86
95
793
322
348
236
188
292
224
5
216
155
131
173
12
38
23
34
302
25
139
173
449
11
141
22
268
39
118
174
312
122
210
275
36
11
212
137
46
100
72
114
33
11
124
192
83
8
177
294
448
163
324
375
114
343
311
69
222
16
33
324
124
86
133
1
50
20
430
317
41
58
18
324
136
404
789
236
170
407
258
294
284
8
26
206
204
364
162
82
25
33
32
228
185
150
96
78
90
9
457
46
120
92
239
396
51
23
116
86
423
11
20
44
1
108
202
42
181
192
4
82
158
284
28
401
1
93
597
186
204
138
220
164
61
269
470
14
269
86
356
85
254
622
88
327
21
5
25
521
256
202
137
22
62
251
100
53
319
51
472
128
595
144
284
479
47
80
167
178
63
212
276
220
460
471
63
16
93
208
503
146
311
84
100
36
114
74
343
408
125
105
11
60
7
196
80
149
54
15
201
78
431
154
94
144
169
46
231
45
724
163
2
367
472
34
46
302
9
69
454
19
348
45
68
3
128
353
30
446
193
395
33
409
143
961
132
71
51
25
159
21
498
133
538
1022
150
122
151
484
560
452
237
108
10
385
185
148
237
180
150
257
927
171
62
169
481
131
119
219
242
424
460
103
11
200
360
71
121
185
11
58
328
335
425
182
202
180
18
64
716
386
116
574
77
10
47
125
234
526
53
126
41
244
408
124
14
222
121
67
349
497
162
46
38
46
253
184
120
188
486
129
110
4
106
239
500
19
72
78
71
265
101
302
43
287
232
87
138
269
26
246
28
235
483
455
106
243
13
188
230
12
89
13
1191
627
168
86
119
128
728
196
7
288
20
453
182
44
220
391
264
119
287
158
44
41
19
39
269
105
88
6
418
14
313
227
141
3
201
132
473
582
269
173
7
87
13
81
190
25
52
136
908
406
453
849
44
197
34
183
49
443
209
128
494
264
222
239
180
1491
522
454
206
50
46
23
65
72
210
334
317
187
418
131
83
161
203
117
211
49
61
121
276
42
172
311
6
27
160
46
274
44
88
191
84
773
16
380
181
428
309
69
9
253
48
293
236
143
235
157
109
26
215
269
17
326
92
8
309
63
17
1
72
86
110
413
9
414
32
37
211
367
1436
558
185
125
538
5
328
52
89
30
246
129
233
38
328
253
373
136
23
39
1352
192
114
227
52
29
25
149
74
31
671
97
106
31
13
362
348
195
66
212
153
69
13
96
313
44
89
93
112
212
57
336
32
69
37
408
123
14
68
146
159
167
443
42
264
139
85
310
295
225
161
47
245
69
95
488
137
653
4
227
28
54
332
27
120
893
92
17
103
169
192
107
556
625
199
104
65
376
267
56
277
1258
494
310
621
206
434
25
112
86
480
4
162
37
274
3
538
98
270
525
554
286
145
267
213
160
52
208
569
51
381
21
353
29
138
273
632
14
38
1037
74
607
1111
57
456
190
84
89
249
436
365
143
154
690
264
790
646
72
168
1233
52
442
211
48
38
83
65
471
811
142
35
153
575
18
19
225
625
549
54
2
1211
186
13
98
62
274
91
190
49
430
99
4
50
80
118
108
9
180
14
168
448
28
24
227
57
298
373
21
25
262
104
303
21
96
207
178
308
397
382
13
415
231
62
254
184
56
426
144
304
178
150
137
32
72
204
85
47
300
284
293
88
325
37
122
104
290
224
191
86
74
737
263
132
341
191
184
212
158
614
62
367
273
37
512
315
201
241
110
535
164
38
107
58
41
44
307
107
8
17
113
323
69
397
903
227
24
241
194
56
95
1
107
284
43
83
160
130
548
180
285
183
75
64
52
669
26
137
136
247
41
197
129
177
54
829
39
45
24
200
46
365
21
243
219
37
304
53
159
114
57
643
41
135
557
18
407
62
16
109
63
720
509
547
210
268
311
34
182
407
18
89
58
137
64
18
236
313
19
430
163
139
344
309
133
817
14
133
129
141
266
220
294
747
228
125
81
435
337
152
152
190
4
226
28
403
244
147
30
121
102
39
231
21
28
103
110
158
9
43
207
200
1
65
197
177
188
144
90
58
101
192
50
118
190
51
221
45
103
250
192
14
256
354
142
58
406
131
262
268
520
286
118
42
1375
201
114
290
170
52
11
211
356
59
424
130
70
131
39
80
181
260
245
202
310
108
15
166
585
8
22
50
139
183
107
76
14
126
282
167
36
184
40
137
207
203
236
473
45
296
110
237
268
643
635
62
8
86
445
58
136
116
46
266
63
607
165
267
287
375
28
30
228
126
1414
310
171
70
330
7
43
64
210
77
137
34
442
33
206
421
602
24
389
97
225
29
119
490
89
304
401
43
12
254
33
138
51
27
172
22
85
57
384
935
168
346
282
103
906
172
132
23
241
153
186
518
25
86
730
109
278
91
94
60
1
210
78
51
9
240
354
68
102
7
130
310
87
111
197
28
249
531
35
761
13
145
149
121
22
107
143
57
34
1163
139
33
108
89
209
1552
23
70
260
104
4
697
17
90
212
528
113
24
132
232
956
65
110
200
193
244
39
120
111
4
118
309
229
77
243
91
75
9
156
68
433
93
53
259
101
60
177
269
251
129
236
107
5
203
207
13
24
284
373
228
342
45
761
113
169
160
56
69
49
102
567
213
29
114
8
15
427
405
267
383
55
223
245
301
3
151
11
168
117
8
179
107
140
22
169
51
8
789
95
374
726
696
92
639
150
42
102
390
247
109
34
389
828
145
383
154
116
65
116
148
65
76
394
12
2
430
143
10
39
19
110
358
517
136
85
91
82
170
57
9
293
915
92
551
33
34
114
155
136
7
15
418
135
237
15
24
177
154
162
99
69
237
220
33
27
160
423
193
10
411
131
226
222
139
90
405
35
18
252
263
20
333
231
41
41
201
188
37
47
472
521
76
487
670
89
313
85
170
115
16
91
250
700
447
273
249
183
5
208
30
551
34
407
123
131
176
225
534
349
495
164
225
78
139
311
106
257
366
17
354
589
222
51
14
163
531
8
53
2
91
126
138
72
553
40
220
27
343
139
262
10
30
10
94
471
45
432
429
583
130
156
115
347
563
288
56
10
25
76
145
826
120
239
237
854
74
19
721
286
50
106
145
166
243
321
94
73
65
97
174
42
733
216
87
547
4
86
474
49
404
14
381
101
115
199
179
29
177
99
285
1121
251
96
25
202
176
215
449
196
38
235
9
174
242
18
95
197
193
166
12
334
245
134
96
172
14
300
103
385
42
180
58
478
340
185
248
136
370
42
983
113
534
111
34
49
25
41
36
246
13
48
7
157
54
142
19
80
227
410
232
53
193
509
144
9
207
135
332
81
202
224
171
286
43
112
32
35
297
9
43
123
61
74
153
21
36
292
317
524
47
396
83
75
131
79
123
106
461
222
66
78
47
24
99
27
41
286
177
118
78
127
326
199
251
20
176
26
67
196
39
24
40
499
188
25
125
126
369
139
438
937
78
182
484
50
5
136
262
241
101
16
141
825
39
115
148
6
168
54
135
35
267
19
253
111
17
199
91
262
62
61
139
148
133
61
39
117
496
76
58
271
351
5
35
358
79
168
94
311
45
7
286
37
369
157
153
990
232
333
13
50
38
24
52
158
219
99
154
532
86
139
280
185
134
53
47
754
26
39
163
63
158
13
40
38
235
193
556
118
242
175
153
278
372
580
32
169
20
5
192
166
115
113
374
49
79
185
228
21
62
434
586
174
4
391
487
102
79
531
357
346
274
362
377
406
109
25
558
76
88
37
29
549
34
625
260
268
198
4
234
179
78
313
4
12
89
488
53
327
203
166
249
100
303
115
38
354
399
122
408
260
92
330
465
90
73
102
42
154
7
79
120
172
226
120
363
59
224
234
134
14
89
15
220
199
24
49
282
190
1
60
326
660
103
442
351
404
159
157
194
46
145
82
61
443
172
451
13
558
101
194
31
169
13
131
96
56
99
689
635
484
137
67
44
104
15
81
476
47
96
208
1161
160
103
361
150
19
21
197
596
22
74
23
266
113
37
64
28
31
189
126
51
31
374
295
22
211
79
4
55
387
31
114
454
184
87
173
267
119
40
187
85
585
156
146
482
128
570
108
305
127
24
119
18
116
104
109
35
146
125
323
1
1007
4
22
133
187
97
67
130
635
174
65
233
469
166
43
103
57
136
83
331
174
169
191
41
211
92
102
188
9
29
142
135
152
8
75
150
7
367
207
111
81
511
155
3
193
42
116
8
4
290
534
62
11
3
206
55
88
292
87
67
129
76
519
14
20
16
44
94
163
111
76
88
1206
218
293
621
611
170
152
267
293
164
167
323
222
335
40
15
360
134
97
188
70
84
341
46
6
378
87
726
19
40
528
29
23
22
331
263
945
50
254
146
47
144
16
219
122
228
354
183
22
58
15
184
42
436
490
126
99
491
378
413
276
133
17
256
150
100
692
35
7
761
48
134
281
22
285
239
204
221
40
349
431
196
124
419
15
676
483
143
690
227
52
47
418
15
80
39
373
146
6
208
185
7
43
379
161
218
101
80
219
40
301
385
197
5
14
206
15
567
129
17
61
98
137
245
7
2
49
205
91
76
55
45
115
498
333
463
124
89
51
177
47
653
31
423
136
240
413
238
155
146
56
5
136
29
27
236
1016
252
56
90
24
123
77
108
135
143
42
7
12
46
613
20
33
21
285
43
92
280
81
114
8
272
341
65
181
385
13
18
284
603
419
222
354
129
120
133
572
6
108
260
206
12
287
13
185
4
18
38
387
28
90
370
88
3
297
407
52
79
252
101
156
340
166
1
765
257
68
43
42
9
160
166
52
191
71
73
435
140
158
70
65
192
88
141
138
12
211
529
289
38
717
262
299
286
246
412
269
108
643
497
372
121
190
49
162
111
225
50
159
221
152
29
219
367
37
182
232
636
653
224
72
390
40
309
25
171
233
471
3
185
12
200
269
145
185
117
15
420
131
324
86
734
105
86
308
66
27
437
90
31
41
107
212
238
35
389
114
99
383
330
107
41
204
461
520
348
132
23
608
46
291
207
63
53
140
241
24
57
6
269
42
95
292
163
87
366
44
353
343
233
145
98
66
451
55
434
225
78
41
36
19
130
12
526
143
178
25
9
373
484
29
24
10
293
28
184
207
68
10
41
175
69
646
154
220
78
380
84
130
68
189
215
20
193
83
113
135
155
146
75
451
64
40
159
6
299
209
31
140
421
558
931
58
90
117
58
87
449
583
189
8
86
199
262
70
100
16
149
373
505
576
162
455
41
93
45
123
44
232
399
192
72
167
511
170
106
39
192
345
423
124
205
66
129
17
190
265
105
44
38
114
491
184
462
46
82
94
324
406
38
167
161
99
17
19
55
143
69
90
335
70
101
320
654
89
806
294
202
41
24
20
542
81
10
218
173
433
62
80
233
3
42
171
17
597
180
31
317
58
46
33
24
238
102
358
245
198
151
129
50
28
322
202
641
353
41
64
469
264
88
369
304
406
16
728
106
31
12
345
9
44
231
223
427
226
236
478
180
226
25
565
425
294
189
35
1116
116
157
157
70
59
352
992
185
196
3
1073
191
150
149
242
4
697
194
5
175
186
512
361
559
73
19
425
52
7
151
126
97
454
226
162
60
225
279
80
62
236
142
362
369
99
476
340
90
106
55
63
293
168
174
447
214
152
29
747
652
163
95
354
12
32
133
89
100
571
9
391
129
242
111
218
85
261
603
225
73
172
24
118
19
93
1393
355
57
182
69
423
428
243
350
911
155
91
49
690
100
257
119
15
152
139
721
189
126
62
57
58
221
277
35
161
67
154
88
402
329
631
530
48
421
160
99
34
605
529
121
95
11
102
170
489
81
34
239
306
208
114
53
915
412
110
200
165
42
75
223
231
7
69
298
163
542
452
111
2
3
121
28
154
58
15
389
332
90
617
135
59
106
101
40
325
526
76
31
107
267
211
335
118
45
137
437
130
28
59
29
235
6
284
146
93
666
166
180
209
244
103
178
14
99
6
50
16
117
89
198
4
587
56
134
289
44
227
227
137
199
402
163
345
459
440
55
300
62
107
471
309
7
50
170
52
70
499
76
210
188
244
99
59
557
131
57
270
135
39
457
23
246
228
177
134
27
23
60
191
75
425
296
11
195
86
91
256
579
97
65
383
51
262
11
660
509
132
134
539
33
157
206
302
254
93
623
54
314
456
419
251
92
569
3
271
80
614
54
136
56
123
283
127
226
5
185
671
45
19
120
93
356
157
87
565
25
80
55
21
176
627
277
418
305
70
67
193
190
107
311
122
42
442
60
282
571
99
89
9
39
382
50
163
314
38
326
999
119
218
384
162
303
46
403
407
1619
87
20
492
149
78
844
140
420
33
25
116
183
396
835
589
81
10
256
121
419
200
29
74
87
47
14
170
58
300
168
113
164
57
313
82
245
140
27
132
137
111
147
248
332
232
136
103
62
221
260
139
151
87
324
50
167
140
792
173
122
7
153
62
20
358
170
10
102
863
371
50
78
195
138
54
83
80
54
21
208
112
383
183
305
754
200
9
487
343
161
126
124
156
313
10
80
229
127
235
114
7
29
141
265
92
514
32
157
127
484
234
58
279
163
28
62
93
299
10
77
31
170
188
488
22
245
109
18
18
92
94
53
23
78
22
45
2
144
8
92
4
164
330
596
315
31
521
45
193
268
131
319
39
229
361
13
261
1004
1024
65
9
855
227
343
485
17
267
66
184
348
862
90
19
166
11
241
108
279
74
104
4
91
162
122
84
90
120
271
209
247
88
485
69
456
206
328
87
113
24
201
543
62
150
211
6
211
766
163
48
96
10
68
19
367
121
140
302
547
52
99
75
59
10
19
64
144
309
102
162
263
432
2
141
17
218
747
101
456
28
220
133
390
103
382
172
243
80
52
87
172
105
7
98
92
181
2
34
18
19
102
414
233
241
57
154
90
414
214
666
253
1
64
60
399
17
239
114
352
71
6
202
71
240
69
287
31
131
602
340
254
2
44
415
86
35
68
650
10
22
189
266
406
16
250
64
503
65
3
361
114
120
96
532
608
66
96
158
2
35
73
400
87
122
308
84
23
358
36
117
485
287
86
513
122
307
108
1052
99
205
175
40
19
372
404
58
57
320
23
12
272
13
159
192
296
353
274
66
237
62
975
87
175
264
751
652
523
154
464
184
132
71
309
18
238
141
35
82
256
93
416
376
124
170
57
25
190
799
58
493
44
686
1
305
148
91
44
141
15
249
312
972
58
368
182
94
143
113
5
200
292
175
227
224
198
13
14
25
85
56
15
233
7
108
138
161
10
131
70
110
5
214
313
309
179
81
175
22
27
174
77
77
192
133
23
147
10
382
286
21
69
105
170
60
735
13
439
43
72
91
36
330
61
231
247
77
56
71
458
158
132
437
1023
67
85
184
86
175
411
58
42
60
187
269
246
141
28
78
225
593
69
297
66
687
188
17
117
208
311
271
72
42
397
59
22
30
407
511
38
67
181
148
68
143
73
712
6
151
620
173
119
318
388
542
254
114
52
21
802
157
215
28
31
266
448
161
299
48
627
478
619
61
11
466
22
133
52
74
228
208
57
42
454
109
228
156
32
588
201
636
108
139
27
100
87
26
158
192
59
161
48
134
216
92
113
184
287
156
16
108
102
100
33
128
324
52
70
281
353
131
225
381
507
263
71
572
129
131
29
60
403
517
19
12
371
229
57
313
136
272
95
116
147
149
33
257
8
86
15
47
192
48
160
547
296
37
30
211
202
41
76
57
7
337
422
132
216
137
95
191
192
433
147
802
661
3
16
46
170
195
50
1
648
158
323
83
82
122
120
395
163
340
19
82
62
111
256
22
387
78
7
41
159
129
258
27
59
11
21
30
127
190
335
245
469
23
75
35
15
660
421
97
163
39
326
53
39
228
184
249
292
440
291
174
313
267
13
105
140
10
270
261
430
185
274
88
18
264
74
122
154
303
489
138
156
67
33
194
127
50
83
179
81
33
132
384
598
194
117
380
107
202
393
31
14
181
294
123
259
133
91
64
94
247
439
604
4
95
35
34
557
104
188
130
16
65
110
5
254
312
193
544
69
217
217
144
89
74
130
965
215
205
101
185
81
65
800
667
18
492
46
119
130
76
512
173
25
210
38
15
435
198
44
189
6
44
238
572
45
39
72
102
71
238
217
111
56
256
49
51
112
171
3
21
14
274
203
173
37
421
221
646
82
54
190
72
24
146
385
142
26
90
147
179
214
92
291
224
8
3
120
425
82
58
205
212
308
49
619
194
158
310
40
189
9
115
35
452
198
30
93
58
272
267
60
594
83
178
214
61
267
344
103
166
232
12
140
208
328
633
503
78
32
110
81
499
16
293
650
278
57
299
353
40
312
455
132
79
157
145
195
14
123
161
191
90
609
79
86
168
100
526
109
291
125
9
18
271
185
136
1255
237
55
95
33
64
15
35
1
9
14
145
71
530
108
79
135
361
45
188
64
430
476
320
41
142
181
29
271
492
420
175
19
5
127
21
184
132
136
159
128
421
68
40
218
223
481
706
63
4
19
227
253
6
322
637
318
169
49
99
629
54
59
267
437
138
100
79
316
255
12
342
99
21
43
78
8
16
84
11
7
105
414
148
124
101
193
148
221
117
189
264
257
128
39
93
475
87
13
210
231
417
382
117
21
111
87
661
20
448
45
358
246
693
103
85
201
90
1
76
15
18
206
72
95
91
40
191
137
70
26
445
169
324
15
185
302
11
550
89
354
375
15
76
14
31
24
173
244
62
232
430
22
518
305
119
183
191
466
79
370
134
325
19
20
78
901
48
125
206
245
672
187
197
204
47
260
354
8
401
134
106
138
138
255
396
18
279
109
457
15
15
903
171
584
136
54
51
850
441
6
80
4
129
26
438
223
563
31
104
338
15
31
16
89
31
253
61
46
1
45
393
138
31
337
218
721
174
82
64
151
845
40
248
339
308
106
61
8
218
194
250
216
64
37
141
68
146
264
618
97
49
215
24
22
158
9
80
467
8
13
45
40
165
135
389
210
5
399
86
240
56
73
14
100
303
106
485
98
11
57
58
125
195
378
53
450
2
56
194
87
307
114
239
180
102
88
73
210
148
47
244
246
63
41
55
109
23
13
131
398
421
178
496
424
223
38
295
712
804
346
11
147
571
331
114
147
1097
6
14
160
377
143
407
49
9
20
132
273
1113
211
89
3
399
516
44
215
7
94
58
151
197
9
185
49
399
451
10
326
172
180
187
224
300
43
85
123
178
249
145
681
104
12
220
52
177
63
322
109
179
155
33
390
350
1
260
350
25
270
30
97
16
984
419
552
73
3
185
301
213
164
149
65
142
140
138
940
84
132
468
95
121
22
550
83
41
205
85
85
132
267
66
68
34
1
69
383
209
15
17
184
239
1268
36
124
242
159
466
424
32
60
34
83
586
357
6
119
5
275
378
87
692
194
4
205
41
57
258
150
55
340
43
121
459
56
163
453
184
22
488
167
268
33
224
247
191
385
336
282
95
609
20
4
321
128
397
218
61
43
152
213
265
9
75
584
35
