191
286
332
346
508
397
431
23
194
578
206
41
51
448
215
29
206
23
369
105
111
214
79
17
128
6
193
54
40
149
279
107
152
610
204
108
3
206
87
80
568
114
162
24
13
240
320
182
590
3
463
48
41
159
27
76
261
322
98
127
136
265
41
133
175
539
149
173
39
413
132
146
133
433
230
14
312
494
102
172
5
226
128
21
371
66
306
331
240
579
148
32
340
410
475
121
196
442
208
147
150
635
334
342
167
23
89
330
403
576
4
31
99
66
300
31
550
1233
199
78
403
279
468
98
152
169
299
141
379
839
66
39
5
296
127
182
368
419
1
349
176
210
334
181
510
647
30
29
372
74
179
346
13
132
139
9
380
525
55
9
324
85
309
43
124
214
39
114
75
554
28
78
18
91
148
116
353
359
703
173
314
67
42
142
123
91
93
225
360
145
84
235
91
14
200
550
137
111
58
29
79
1
85
50
84
454
134
106
221
777
303
245
375
129
151
307
171
182
224
166
99
93
253
68
292
48
92
137
190
88
183
247
170
283
89
36
42
145
206
123
83
119
37
124
509
448
79
67
63
85
214
248
60
1462
182
442
174
339
208
226
32
44
261
105
17
378
649
142
69
649
145
278
18
59
357
143
296
5
415
388
276
276
220
360
8
95
328
304
256
433
46
1
65
37
266
229
52
459
10
82
37
118
52
225
138
99
163
54
1122
341
16
167
165
474
30
95
35
597
287
121
119
99
425
252
4
606
75
48
270
138
183
116
37
208
135
364
140
331
52
270
8
238
105
241
183
450
185
135
467
198
129
197
91
62
185
302
56
246
269
438
226
45
238
84
139
247
192
14
96
115
345
373
42
159
653
289
21
281
231
11
101
315
160
53
108
112
101
411
215
12
459
354
118
152
142
65
46
58
141
102
273
36
105
19
168
262
106
131
204
138
22
215
182
71
42
110
456
276
95
101
337
20
62
92
322
910
71
44
38
89
211
22
165
382
32
263
35
15
5
311
31
21
223
194
78
123
40
169
116
16
281
125
23
95
458
11
361
8
113
295
28
175
32
214
30
82
72
277
302
404
214
384
425
144
70
701
51
14
482
62
5
52
359
496
304
553
125
213
932
23
89
101
216
586
224
286
26
107
50
365
19
426
300
11
124
210
710
124
322
93
91
78
687
862
3
74
493
65
49
36
10
182
195
40
40
568
143
82
141
384
86
107
180
86
113
852
368
102
319
164
100
23
24
288
566
22
309
490
116
89
1048
309
30
426
403
608
611
150
150
146
200
100
51
189
205
679
61
127
77
191
630
121
41
124
79
361
606
72
268
259
27
193
58
606
257
71
349
61
18
29
42
216
40
265
131
66
112
482
143
155
152
26
265
11
47
22
287
2
88
64
158
122
175
679
2
73
196
33
79
93
152
211
160
84
38
163
373
898
864
341
1
120
128
244
140
794
82
34
301
649
370
222
825
153
65
297
476
244
1214
254
69
62
17
121
63
89
771
139
30
7
46
319
38
226
126
28
262
176
66
52
78
184
124
27
506
23
142
427
36
55
85
57
265
212
94
94
178
252
76
40
63
109
320
111
7
476
42
27
767
516
187
97
559
10
180
54
76
10
110
185
181
47
144
585
291
616
453
250
86
210
54
39
59
414
84
275
45
12
215
99
472
306
252
36
288
207
666
167
51
568
2
253
189
29
232
1
178
75
695
57
792
188
31
7
41
371
56
66
420
59
54
178
61
218
391
169
149
584
211
208
313
20
22
129
49
277
104
167
138
174
289
48
145
61
298
65
61
136
286
1
406
372
196
89
434
305
27
18
160
265
14
822
61
149
96
178
1
4
155
282
435
85
70
77
170
137
51
99
296
245
947
92
168
102
411
72
255
17
119
207
280
1
699
10
706
788
91
58
38
25
75
216
54
461
109
277
91
109
507
353
22
18
425
72
647
242
94
976
316
48
187
220
209
719
126
66
86
514
108
24
139
116
68
82
28
62
361
33
241
88
205
4
256
597
49
41
200
283
397
727
53
161
52
7
83
16
1
19
498
153
278
71
92
182
94
334
52
38
20
200
813
373
139
87
46
84
195
428
281
311
110
282
58
45
301
20
149
636
92
381
70
247
108
103
278
111
345
17
74
16
171
308
47
213
676
43
49
4
174
254
21
55
128
338
37
659
166
220
139
140
238
490
43
15
74
132
48
744
52
23
51
32
145
217
681
290
369
406
143
122
105
135
6
294
306
185
97
95
270
9
33
314
126
180
105
589
38
15
484
146
153
346
522
66
903
307
117
95
66
229
562
384
61
123
139
60
125
153
102
237
74
702
616
30
140
38
378
104
175
37
186
156
4
28
126
18
503
31
105
470
293
459
120
27
33
90
14
328
702
1045
331
425
22
230
872
15
701
460
140
47
729
55
203
281
74
451
801
433
14
44
54
906
33
285
17
460
518
102
399
260
22
83
72
197
340
412
498
82
95
1
122
389
192
50
602
17
95
647
246
266
9
414
449
134
188
126
663
154
65
55
204
164
1211
442
213
82
741
242
1
455
172
222
436
165
196
146
17
222
154
29
712
103
69
171
556
128
218
44
79
22
272
5
254
12
32
563
274
30
606
323
23
564
292
13
15
58
623
1
34
427
118
42
44
91
24
36
147
55
42
19
133
98
243
90
7
43
96
277
157
416
655
64
221
406
134
72
93
170
107
5
457
72
23
408
449
353
204
703
98
71
99
62
388
462
97
80
20
35
403
158
23
24
14
230
268
73
196
134
59
452
208
98
196
262
397
447
226
254
391
328
421
96
353
316
591
408
381
127
5
92
28
151
182
28
38
16
586
18
104
233
63
74
31
94
56
42
104
561
57
226
182
559
522
116
104
264
90
56
4
322
148
119
5
399
61
526
5
590
150
65
103
538
14
192
53
263
60
489
291
217
103
13
147
24
13
204
90
21
312
227
205
325
445
57
284
233
116
52
48
67
73
33
151
52
98
84
21
228
294
91
79
226
6
595
32
152
102
93
68
417
5
167
76
113
6
356
423
23
171
127
38
148
238
46
10
156
14
262
283
467
126
50
319
172
25
31
351
424
213
55
25
5
583
2
135
22
108
135
67
42
43
327
42
173
248
34
165
337
8
270
16
164
200
93
58
492
267
34
292
72
31
15
25
125
152
343
119
247
31
259
45
759
512
25
95
358
617
558
4
634
77
11
291
63
32
543
19
50
14
50
3
108
283
477
477
20
382
158
77
188
422
61
49
133
132
891
248
30
198
246
243
378
6
15
95
27
133
56
15
878
92
70
119
72
1358
3
123
293
15
118
17
197
451
9
57
235
229
273
1011
331
149
356
60
81
96
474
74
236
247
373
68
228
1
11
327
147
630
403
15
79
117
135
160
13
12
51
169
156
112
106
431
203
6
464
213
51
226
103
317
1167
131
145
40
262
111
422
218
18
76
38
102
166
78
97
99
224
338
43
310
610
255
270
421
420
26
261
50
74
76
23
512
156
12
55
150
155
39
440
117
136
86
367
113
57
34
154
22
241
52
155
392
335
212
46
77
60
94
84
193
83
309
72
194
68
65
52
123
129
460
484
103
243
527
4
143
25
130
17
8
367
539
18
18
724
107
820
99
679
641
814
391
8
228
721
215
226
178
472
118
422
81
136
212
31
147
12
76
414
509
410
101
62
38
405
21
60
67
982
26
223
203
27
70
19
223
363
211
189
5
499
72
12
70
458
31
248
41
151
405
45
49
131
46
192
299
30
452
124
203
387
97
141
285
117
195
35
154
79
13
126
49
28
41
68
251
25
222
294
168
54
157
263
40
43
85
1294
38
94
324
84
564
493
451
13
66
376
431
408
31
174
41
18
96
194
181
332
187
375
411
35
502
40
11
18
261
5
160
944
94
61
135
197
285
54
49
108
267
123
125
345
119
130
37
298
83
239
96
371
17
145
52
39
17
184
119
366
405
237
96
204
1
252
791
3
275
183
280
23
63
191
19
173
142
182
2
78
138
417
260
168
81
61
14
182
131
585
29
158
241
212
57
123
60
403
201
39
213
141
278
29
187
418
359
225
128
58
153
689
399
454
38
29
220
580
164
219
32
430
380
255
109
14
107
112
575
13
33
271
79
39
72
765
16
5
24
190
173
123
110
115
7
253
178
219
128
32
251
18
244
72
234
380
75
340
699
1
122
402
176
77
240
158
83
175
177
11
230
398
37
655
44
485
44
145
45
57
53
36
100
8
91
73
17
100
291
141
401
22
301
14
79
131
324
65
207
89
216
39
210
404
221
52
51
10
30
232
167
544
148
3
70
38
557
50
322
297
59
122
431
26
137
223
23
291
287
268
368
43
101
352
124
7
184
114
245
699
54
368
183
284
4
111
662
183
349
178
668
97
86
243
215
476
304
459
4
234
318
6
100
111
137
219
477
269
175
130
242
63
126
338
160
248
132
392
312
478
5
39
8
176
248
3
217
318
105
44
128
259
49
649
190
431
57
164
27
81
80
771
22
2
99
216
3
283
298
134
1
33
25
641
351
247
21
384
48
174
266
50
55
79
113
14
213
385
157
182
177
27
203
65
213
252
38
207
523
353
377
44
230
381
70
31
132
12
92
112
128
149
256
378
114
474
558
183
144
20
396
20
25
104
106
109
552
100
166
60
172
350
277
185
274
1171
82
31
137
447
122
210
118
90
500
42
142
382
81
148
7
348
65
169
431
110
204
42
95
140
488
47
177
194
194
7
627
11
185
183
244
123
105
33
812
70
126
158
61
146
72
151
459
273
121
302
101
102
105
16
58
856
35
111
532
11
236
151
510
560
14
91
70
628
88
67
301
941
23
125
360
51
195
5
204
3
213
230
141
150
459
68
219
57
368
10
503
509
70
401
20
13
67
145
308
166
147
26
92
181
39
239
252
63
38
29
198
62
269
127
106
650
97
283
176
35
18
118
48
3
378
149
290
66
105
86
11
110
52
121
29
248
177
49
265
469
508
244
17
183
33
154
210
358
52
30
333
13
189
45
334
14
408
246
16
539
41
93
71
207
439
307
70
108
407
49
13
91
533
71
12
176
548
143
24
55
453
313
912
292
269
23
13
319
688
84
2
346
590
76
19
75
3
85
515
60
29
22
50
378
88
43
124
60
261
52
4
55
560
329
189
165
95
44
212
435
373
14
98
50
204
29
78
127
45
17
539
58
18
144
14
148
119
101
9
28
286
278
586
415
2
952
2
42
6
241
192
867
71
54
423
406
303
1044
55
31
32
215
16
418
5
69
326
146
159
194
100
38
387
89
334
31
366
405
90
396
315
17
81
254
50
555
1
749
137
67
112
75
203
123
613
19
376
139
844
571
20
75
576
350
113
158
413
4
65
228
233
65
90
2
145
221
178
675
25
51
138
189
347
559
164
175
2
73
9
114
140
407
193
193
765
3
138
6
264
116
56
98
384
174
3
97
54
101
133
363
108
280
20
317
240
579
439
386
150
108
233
180
178
83
274
110
193
23
218
269
83
76
288
223
169
103
202
77
456
111
18
309
595
42
42
432
223
51
237
336
204
304
125
241
352
91
43
77
353
638
27
359
803
149
618
535
98
355
237
32
59
58
209
292
185
186
65
31
245
203
30
253
78
52
202
241
31
506
298
192
110
446
224
231
71
489
6
68
241
112
60
109
103
83
153
121
24
165
119
9
23
4
131
157
99
10
15
278
316
636
101
86
11
236
240
422
61
71
69
169
279
52
864
472
301
25
45
54
10
17
97
70
150
36
15
886
142
3
50
54
103
101
11
63
48
192
40
52
44
123
30
84
196
258
29
182
37
977
42
50
359
212
91
335
630
367
89
126
40
86
30
275
492
25
373
371
58
99
234
286
294
33
12
411
57
436
159
240
237
81
31
56
263
55
60
265
268
312
417
24
283
284
127
23
202
704
623
61
86
46
101
257
902
20
206
34
98
33
221
204
355
129
316
377
379
61
152
108
159
251
61
299
113
108
120
87
46
311
221
113
154
259
13
174
47
808
169
471
218
111
151
13
99
260
709
72
30
197
56
113
108
69
54
6
54
636
487
263
187
89
88
753
232
18
9
4
28
128
189
160
153
17
288
357
152
92
182
178
100
236
9
172
245
36
195
36
12
137
67
258
39
117
133
56
145
425
68
546
305
43
202
55
72
618
178
7
282
203
232
107
58
71
39
397
29
564
82
42
193
185
174
5
174
290
195
70
176
41
82
123
165
266
184
365
24
92
347
667
479
280
86
44
43
274
134
148
283
46
96
348
133
79
109
152
367
7
110
485
71
152
80
521
42
222
166
557
601
20
420
33
40
453
308
18
159
330
104
1
717
142
394
149
15
40
1
98
77
464
201
181
458
534
932
458
270
151
224
370
215
97
281
78
22
50
70
540
132
259
631
719
150
91
703
120
200
33
29
536
252
4
22
167
133
389
211
34
200
341
37
172
479
616
11
118
161
364
62
78
3
47
291
78
141
61
1290
134
62
230
47
268
18
744
286
286
877
59
51
233
194
1
98
423
51
989
641
237
276
372
41
160
1169
114
10
35
84
216
80
55
500
243
47
178
336
88
207
363
42
153
51
252
332
152
284
49
704
34
62
124
60
71
197
200
29
11
186
323
331
773
114
4
94
183
257
135
206
239
417
38
247
173
282
224
209
327
327
292
88
165
85
91
870
49
62
73
683
39
373
320
6
191
437
418
61
52
513
219
209
143
225
389
4
269
145
48
518
46
32
113
113
331
38
54
42
186
400
4
436
99
287
483
124
526
87
166
13
502
174
162
60
65
87
246
109
359
321
47
299
16
134
349
20
618
75
26
123
110
67
599
27
277
578
26
486
58
177
165
18
126
12
344
53
116
76
59
16
33
135
274
228
267
203
68
18
152
515
72
264
183
131
902
284
299
173
198
153
425
116
14
139
29
74
85
234
108
14
278
742
119
15
30
122
126
136
410
835
154
290
59
71
8
136
274
243
124
116
378
343
19
391
851
74
214
435
50
17
182
43
36
691
593
192
485
64
148
10
87
51
116
40
238
301
189
126
160
260
62
452
111
187
23
425
652
89
54
549
293
47
82
97
41
267
86
313
337
204
26
97
51
16
38
24
159
32
34
202
119
114
24
495
47
17
33
204
85
86
155
44
149
47
592
110
48
332
331
392
334
105
123
230
239
210
32
20
630
251
129
79
46
66
104
12
65
283
97
90
46
333
247
986
56
169
264
41
96
164
651
224
19
299
234
50
242
475
52
58
69
31
87
647
74
161
2
128
513
144
616
92
80
28
88
60
452
27
594
201
152
46
477
232
10
67
568
89
435
211
291
76
27
112
149
12
645
100
59
468
216
163
737
14
52
148
160
142
226
10
348
362
53
323
49
552
73
341
76
165
194
150
169
180
62
511
250
50
18
308
583
238
50
120
150
719
28
14
370
390
1080
375
164
590
282
60
520
14
248
186
407
97
941
6
500
1
264
75
182
34
79
162
89
301
159
19
215
231
801
219
57
3
132
100
77
49
23
77
156
71
77
49
206
127
325
131
165
9
290
198
351
214
8
93
54
228
340
251
98
452
119
17
57
64
869
436
54
884
3
173
8
123
106
169
203
167
173
15
251
329
344
58
5
192
72
273
302
147
108
503
242
101
478
480
311
152
171
422
109
240
459
128
398
699
130
511
346
141
166
333
14
1037
171
454
298
5
490
8
223
4
582
201
163
15
127
181
72
66
152
61
562
420
533
65
521
366
55
423
31
50
254
171
295
436
514
201
204
577
101
119
13
129
54
29
418
444
600
111
220
183
91
62
367
33
792
25
188
224
200
98
139
260
257
14
121
90
787
404
31
165
745
4
166
318
80
7
163
536
444
150
58
36
315
131
28
55
208
613
289
223
325
267
301
33
761
362
46
449
17
87
299
29
190
205
62
131
133
72
122
88
161
423
411
56
287
342
311
604
54
186
247
197
28
165
344
240
183
68
176
159
295
40
2
5
764
10
250
190
42
56
106
108
474
71
357
239
113
163
290
44
308
257
53
508
44
368
118
225
111
211
198
819
349
312
63
231
125
335
544
423
30
141
48
127
213
118
447
885
40
72
734
700
10
325
177
156
342
455
114
131
3
4
353
122
53
691
647
216
39
89
109
163
59
18
202
632
47
351
69
36
188
2
73
93
132
42
141
12
5
101
155
184
199
76
35
332
45
368
121
180
592
570
28
145
221
76
108
110
243
314
256
408
152
736
187
174
68
14
39
203
11
85
131
198
65
75
10
134
33
419
18
49
79
227
135
50
272
429
60
137
908
153
90
84
865
374
245
433
92
123
61
9
96
21
610
55
215
194
105
149
266
443
36
89
172
144
102
262
11
334
362
459
205
19
375
108
52
186
100
214
86
57
455
199
229
88
190
47
48
243
189
160
338
9
652
559
230
56
51
238
98
127
318
123
576
83
68
144
262
176
113
91
169
31
229
86
400
34
19
102
17
396
137
309
129
354
261
747
87
142
318
91
287
168
276
19
481
2
60
212
41
122
157
170
22
246
230
268
11
427
726
299
30
56
95
10
3
22
226
173
1
309
110
170
105
37
64
312
62
217
330
120
139
55
114
537
257
85
117
557
174
62
363
100
671
363
8
275
600
10
891
589
304
105
417
284
297
218
506
221
122
251
120
24
330
69
291
44
543
73
644
227
3
94
48
101
410
130
253
433
6
44
337
96
157
155
101
581
151
324
47
504
208
110
36
116
122
77
40
47
620
224
253
66
27
197
183
6
423
365
31
13
46
111
65
63
409
44
234
282
165
222
197
356
254
427
105
348
3
93
64
474
258
100
214
219
496
304
128
198
264
118
137
125
211
646
123
21
13
53
554
104
747
242
198
309
66
8
21
60
62
367
194
78
457
55
42
84
184
573
63
194
445
217
113
428
292
90
110
116
27
88
310
241
21
221
203
61
208
228
195
76
48
125
292
171
384
357
45
109
189
164
103
152
155
239
16
236
37
155
43
708
327
22
88
9
129
235
10
348
393
114
371
40
18
77
50
436
230
206
8
179
185
108
57
746
170
185
4
402
229
270
287
122
161
401
52
113
399
53
51
31
227
301
18
193
77
353
125
170
46
784
146
33
119
212
32
220
188
65
78
703
91
167
21
281
154
419
121
120
57
21
136
694
174
6
32
969
173
289
559
7
565
1216
533
916
54
275
110
105
840
122
146
37
133
601
29
341
213
48
163
68
352
115
35
35
286
85
69
61
271
54
14
296
33
237
8
176
65
147
88
21
285
259
184
46
151
40
288
237
144
314
152
255
5
274
132
214
29
268
57
705
479
236
53
97
324
480
12
2
20
30
44
258
243
145
9
115
47
426
397
148
117
95
358
25
126
394
248
139
82
12
50
63
101
563
311
160
175
81
231
538
117
23
38
95
75
20
302
322
120
5
63
154
134
173
100
118
4
657
9
346
250
855
426
450
268
26
13
12
456
133
18
191
66
68
126
55
315
172
49
357
101
507
313
14
108
371
187
60
282
173
212
379
85
15
93
40
235
250
83
300
416
275
442
486
320
404
56
172
17
511
50
216
106
53
46
152
251
127
84
250
680
171
233
463
3
236
70
9
52
161
427
228
89
81
45
64
101
101
197
284
346
544
31
2
17
634
58
120
177
179
530
162
37
37
60
100
53
15
261
3
156
336
510
351
484
72
175
270
237
279
252
57
98
60
313
42
46
118
207
112
612
44
39
26
19
478
118
354
52
64
51
44
9
3
214
94
338
164
16
604
154
37
171
181
394
97
118
25
322
97
15
38
123
23
88
85
227
242
71
338
574
49
310
73
89
2
58
170
15
381
42
29
772
48
54
121
10
207
386
69
24
324
40
128
123
928
47
282
23
311
358
9
10
212
477
202
83
2
369
289
102
295
444
25
73
323
245
165
130
50
54
334
180
17
180
51
7
91
555
129
287
285
9
73
506
41
154
18
11
164
153
98
54
280
201
75
1
44
610
282
97
28
65
93
509
562
450
107
829
177
53
48
58
157
414
130
220
58
20
29
307
162
102
704
270
16
79
265
318
1
500
673
267
54
29
58
1008
118
208
24
348
389
52
67
100
108
61
156
23
31
125
416
8
53
131
31
310
401
86
874
191
35
143
49
48
59
111
81
513
1298
93
138
311
50
160
175
55
1134
19
167
303
824
3
755
155
37
308
193
705
18
161
64
191
670
187
193
48
263
57
18
9
89
167
355
357
165
66
189
10
57
52
252
582
282
165
249
52
68
71
48
186
158
60
96
36
11
12
99
379
14
36
173
465
192
236
129
198
191
704
122
72
130
140
57
174
65
106
566
62
387
643
355
255
461
58
239
390
101
221
357
678
137
44
128
65
49
41
421
167
634
208
326
239
81
251
144
96
45
78
27
7
134
237
128
15
210
313
46
140
78
54
85
25
23
384
4
32
540
117
179
281
2
316
525
35
330
200
617
286
9
150
73
27
30
97
52
26
29
184
130
27
137
139
108
170
351
21
13
260
460
364
59
6
7
95
241
343
56
957
25
386
32
262
30
90
22
426
69
13
154
419
227
750
518
43
202
80
111
91
10
117
176
246
182
525
30
346
177
8
77
139
196
145
245
22
381
301
5
3
552
324
437
66
172
147
664
1332
228
21
147
165
3
555
326
90
121
258
63
6
207
99
12
357
48
75
285
66
67
199
443
168
157
669
13
569
147
116
75
173
79
74
167
13
174
17
250
15
270
103
52
90
150
218
356
199
236
154
42
94
387
99
7
74
173
452
298
125
124
202
1
165
114
24
404
246
734
575
338
18
129
218
208
212
130
419
87
141
837
44
250
643
179
278
26
644
185
215
176
492
575
54
112
155
718
93
170
331
3
365
619
191
292
541
3
47
82
61
225
9
20
4
469
18
21
195
38
52
65
7
458
357
22
172
75
17
957
227
220
32
23
67
78
372
342
87
209
323
155
61
46
308
27
119
39
61
178
29
159
294
85
147
658
51
221
50
262
254
205
82
869
714
60
3
120
517
523
301
259
222
24
161
226
60
62
211
302
129
393
202
628
52
211
84
407
165
663
562
20
627
36
92
48
1387
13
895
48
738
132
314
60
150
224
4
41
566
333
144
338
39
74
237
118
46
30
115
161
314
478
268
37
62
440
147
393
108
248
98
360
18
683
235
21
159
117
288
35
71
31
200
52
67
500
20
104
64
355
123
315
80
3
350
11
18
59
59
71
419
924
185
420
75
652
136
619
97
50
25
95
274
265
81
327
43
65
367
169
742
388
306
48
11
97
205
43
348
302
273
264
141
66
58
58
227
30
528
92
32
108
193
611
230
35
212
39
280
161
35
5
344
114
142
65
76
253
361
97
396
17
453
50
452
161
35
46
41
60
122
258
110
5
7
87
127
16
88
336
71
148
134
42
69
415
118
71
533
74
66
282
157
406
79
211
23
93
98
82
311
41
57
61
62
201
84
96
115
58
479
8
195
157
135
357
353
176
27
112
43
9
14
312
41
598
92
295
223
456
44
174
112
402
43
10
44
111
274
42
431
149
146
3
883
172
10
14
387
14
322
221
386
103
140
74
15
50
18
36
177
435
18
52
1
88
465
3
47
40
217
63
17
382
20
268
28
38
58
84
282
477
116
388
31
122
26
129
119
225
55
58
77
230
280
453
96
309
245
481
286
62
259
124
61
62
62
14
58
127
112
124
429
323
262
228
280
418
216
322
158
101
81
73
328
53
28
166
102
102
210
87
303
210
320
586
202
463
100
236
4
48
23
167
165
149
17
220
373
514
20
30
160
166
171
119
121
13
90
156
409
145
139
312
219
437
598
58
94
821
158
33
171
261
10
31
17
621
192
43
11
121
184
230
195
121
451
200
29
74
336
133
168
166
273
146
67
29
130
55
195
359
143
348
150
581
49
4
243
13
41
126
129
489
177
774
437
113
576
217
42
235
14
103
54
11
176
223
664
29
444
27
136
399
319
546
609
97
333
93
215
462
84
164
228
86
225
481
118
615
19
41
114
149
502
199
178
182
576
54
146
51
515
126
14
176
201
161
101
34
56
251
31
202
94
91
247
100
243
243
88
174
108
231
31
255
101
401
74
451
125
8
47
83
149
37
98
180
670
177
413
657
30
483
79
143
67
204
14
65
263
531
215
637
263
140
15
304
266
30
10
275
140
272
308
2
397
125
131
177
123
317
402
24
85
37
83
413
308
693
259
349
8
142
87
354
164
337
113
328
100
348
111
9
31
405
122
88
79
593
81
88
136
300
80
138
548
6
68
35
78
314
29
122
26
238
106
6
31
204
479
133
10
208
6
288
40
294
449
19
146
161
447
303
39
729
226
186
43
98
57
456
10
98
46
40
236
21
295
133
116
371
218
22
180
219
108
893
28
209
58
146
63
160
20
363
79
225
327
146
193
132
60
252
368
412
76
186
235
214
85
51
30
30
77
155
32
70
25
444
51
160
31
159
191
164
349
182
131
2
15
476
561
443
80
81
70
50
78
519
63
221
3
89
198
15
649
62
7
66
192
267
111
90
212
222
349
157
594
51
462
603
71
10
21
155
117
163
256
55
155
552
315
290
191
22
8
8
35
86
336
253
99
427
102
336
82
770
95
333
71
732
167
77
306
322
59
236
157
71
34
176
281
6
393
522
695
286
43
67
554
119
59
11
397
304
155
133
48
34
724
2
220
45
37
299
70
195
308
656
161
163
84
278
52
38
65
128
394
262
214
438
320
340
84
13
116
790
623
317
299
130
152
29
354
86
27
349
12
166
70
73
87
110
283
18
229
591
15
15
9
140
242
305
246
73
68
410
134
26
130
2
815
336
42
147
147
614
168
341
305
63
181
4
316
18
176
288
75
149
136
262
53
217
77
266
22
86
144
625
85
554
211
52
62
200
72
381
118
211
87
587
202
732
257
270
246
346
266
346
304
216
1
325
26
444
51
90
434
866
222
28
78
60
274
104
146
866
117
34
66
37
9
58
60
145
549
125
423
3
356
29
50
249
68
880
93
656
368
26
114
377
193
159
236
1414
272
83
23
153
105
315
219
78
553
186
281
76
244
145
16
27
50
107
53
198
58
79
188
271
79
76
178
34
117
250
243
41
86
220
401
146
47
133
49
7
9
267
245
100
256
169
4
255
646
50
422
605
3
45
113
43
156
20
216
254
118
128
167
492
846
404
22
301
17
67
143
71
17
49
34
90
459
206
105
121
366
637
245
342
491
82
103
91
16
116
113
624
31
3
125
102
316
63
175
276
126
180
22
51
138
121
194
112
91
20
487
16
88
422
252
644
146
334
11
105
54
43
32
404
65
402
160
535
202
9
162
121
9
33
141
2
126
244
17
101
127
201
37
112
260
15
98
241
182
8
442
167
9
6
150
11
327
487
560
466
18
45
256
146
233
11
47
551
400
14
917
213
302
73
302
120
451
127
216
617
33
302
98
38
56
126
283
238
466
93
258
320
119
182
62
34
145
254
219
100
70
134
63
44
17
141
76
39
145
384
598
54
101
29
748
215
71
417
136
178
679
328
656
43
263
552
360
38
377
545
73
383
17
277
73
183
94
666
78
257
649
376
30
211
288
161
16
159
98
124
390
23
189
27
227
287
226
288
157
702
52
338
146
435
60
133
636
9
433
292
74
76
81
496
171
454
479
347
12
122
105
66
118
52
220
174
404
63
266
125
733
159
109
346
220
35
178
37
163
69
13
82
281
61
114
93
17
62
244
18
62
20
767
50
76
144
42
291
136
169
17
64
41
137
104
290
17
111
159
25
446
248
162
115
23
707
329
91
551
209
55
329
5
62
116
6
1092
26
116
195
134
196
185
62
237
948
96
313
13
155
82
137
53
60
59
41
305
569
239
456
475
146
347
343
188
405
367
69
135
330
498
114
281
128
493
90
137
340
292
101
422
117
392
73
75
133
58
6
37
292
16
331
49
616
839
68
65
453
644
111
62
507
79
347
35
61
84
78
10
84
46
107
290
40
285
102
79
153
397
293
191
30
197
307
162
195
128
253
57
114
69
249
58
103
179
290
157
49
548
284
65
152
157
7
532
419
97
127
602
31
199
160
120
352
288
88
19
308
57
661
249
217
9
61
395
307
392
170
251
225
123
25
175
576
396
294
159
290
329
11
79
206
73
390
656
253
187
441
118
71
137
51
352
383
32
7
667
44
137
461
119
11
102
238
355
262
121
139
284
36
340
150
12
652
389
148
107
298
1
188
262
187
195
8
258
94
58
355
471
91
17
281
134
400
627
200
88
203
357
114
226
132
511
26
50
193
133
251
7
13
146
169
143
283
57
70
138
230
259
72
136
183
107
130
159
257
12
475
653
1
260
27
97
54
87
456
91
257
182
612
4
261
113
227
346
98
48
48
48
83
214
530
2
337
148
286
75
80
84
86
507
288
19
131
526
4
10
298
141
852
344
22
154
7
270
230
39
255
171
94
469
849
377
12
46
144
204
202
112
131
38
197
721
117
18
268
80
150
227
141
26
245
2
90
256
76
38
38
157
177
191
234
171
92
350
382
69
313
51
131
147
14
196
58
80
36
23
134
170
162
197
233
36
301
51
66
228
3
34
176
92
104
353
109
43
78
357
85
644
84
610
3
39
15
137
175
220
205
281
217
190
775
991
291
12
234
280
282
132
215
386
45
168
40
536
37
242
299
353
100
91
119
257
72
599
171
73
344
29
40
390
152
96
303
184
6
235
148
22
4
39
415
31
30
146
149
391
422
2
280
137
249
28
883
208
276
93
274
67
3
85
234
123
255
286
5
902
185
110
609
1044
212
287
96
192
91
16
200
287
375
981
93
53
378
85
115
12
24
543
380
99
9
98
215
343
42
195
422
108
125
16
58
94
173
52
861
176
235
160
71
3
244
139
363
34
46
171
392
140
131
22
58
70
206
331
40
110
56
314
183
393
114
602
65
101
14
146
184
18
297
269
474
46
113
85
124
23
3
376
493
286
71
73
100
98
100
204
546
677
154
15
154
3
37
332
134
118
258
159
51
397
23
451
117
31
86
76
203
201
91
217
391
336
86
589
354
303
248
91
46
93
12
52
30
71
39
433
547
26
142
47
591
99
8
273
129
392
26
34
391
4
40
862
154
412
281
102
45
72
392
586
385
296
32
1369
560
367
331
424
62
53
253
85
645
387
274
131
38
183
285
181
249
57
55
60
99
91
900
1069
54
139
585
336
87
150
133
19
172
138
60
670
250
347
1015
313
157
37
61
289
71
350
192
78
416
7
32
96
121
535
402
10
293
205
513
396
284
48
21
39
296
362
163
303
24
32
79
81
14
580
124
262
47
52
100
931
27
332
93
259
89
116
157
353
254
247
176
123
255
193
88
463
86
33
178
113
438
224
8
260
2
156
12
752
376
244
26
54
78
258
47
30
78
712
148
176
21
105
168
115
134
285
685
418
50
118
17
138
13
21
328
248
504
3
188
171
288
96
43
209
113
207
328
536
36
354
210
152
5
36
88
22
455
402
982
229
101
120
182
5
55
81
210
748
125
32
149
13
19
180
82
318
141
35
34
428
71
152
24
376
233
24
64
51
97
99
355
405
711
189
160
149
202
139
526
43
99
116
11
117
163
472
192
48
238
169
19
55
254
343
118
232
101
25
135
10
735
1142
51
610
32
20
44
797
10
631
85
1121
155
24
65
44
134
20
123
103
55
469
68
258
6
210
149
37
153
280
5
65
69
172
62
111
47
301
203
378
405
63
613
917
378
22
31
61
325
34
191
355
130
468
63
146
110
44
169
96
177
79
259
20
158
54
95
267
156
63
335
10
19
49
31
275
87
15
109
11
3
73
43
577
361
6
102
66
227
394
32
96
29
371
72
32
159
71
84
76
193
437
143
663
68
331
208
331
38
98
268
122
51
746
202
33
364
125
431
28
40
58
36
43
372
10
69
159
242
73
65
162
3
224
90
123
207
63
159
232
151
33
165
340
28
348
268
348
22
22
304
218
448
46
404
339
133
98
18
432
1363
5
206
337
98
97
367
391
515
8
63
391
264
38
45
629
6
255
201
76
83
168
814
562
100
291
393
48
497
8
501
48
7
114
57
112
138
138
62
632
136
299
173
297
43
853
330
36
327
281
321
555
86
43
53
135
358
48
16
75
19
438
399
10
836
263
56
236
44
48
319
5
73
91
177
377
103
368
97
43
560
54
12
735
8
8
24
76
692
7
325
4
11
160
369
98
201
84
26
421
113
116
117
307
492
462
277
126
652
245
292
63
141
237
171
228
99
404
10
421
33
525
218
46
569
88
192
233
86
452
252
50
55
335
10
119
125
243
398
857
162
64
208
19
38
413
391
65
137
41
75
26
75
355
199
242
1099
85
316
421
20
59
49
522
277
232
75
227
233
73
15
260
667
569
159
334
45
271
290
591
152
44
4
116
1053
433
3
78
156
69
348
88
112
135
30
38
43
28
291
194
514
125
395
813
14
373
373
15
117
132
135
393
297
357
28
252
79
122
130
366
1444
224
1
859
141
456
90
20
436
545
317
424
20
34
13
3
345
348
282
695
87
138
170
30
177
273
118
69
6
26
4
1
434
242
128
23
15
908
19
336
57
188
194
153
253
166
373
10
72
118
83
16
692
106
460
422
114
71
189
733
108
234
859
147
332
70
47
145
124
138
432
104
303
95
75
28
480
22
262
67
215
824
138
109
533
13
240
32
402
175
25
10
102
39
14
16
129
21
9
135
190
92
207
506
19
43
304
228
94
105
173
434
31
119
804
146
126
143
157
751
153
103
72
60
133
344
70
78
224
125
204
292
11
299
190
95
400
248
306
221
108
78
180
1014
20
161
97
84
103
7
85
93
40
66
81
347
291
18
10
424
72
130
145
165
460
22
95
289
460
77
498
10
515
489
78
248
618
267
30
82
34
28
92
72
203
123
56
113
551
203
9
82
84
546
6
158
409
632
407
8
16
27
197
54
99
127
217
23
59
35
147
106
264
144
48
246
364
466
436
54
66
96
85
58
407
87
94
409
64
37
91
25
92
559
45
27
449
135
372
52
192
237
213
607
274
25
349
138
326
69
781
394
226
111
91
31
12
671
185
33
2
293
132
457
378
74
289
15
24
244
121
18
287
547
144
330
99
21
139
160
211
5
16
102
183
23
384
145
39
260
184
129
170
7
41
57
228
136
71
463
76
11
105
210
139
45
456
71
124
349
405
250
180
48
165
106
24
722
470
350
171
75
22
99
12
114
301
891
26
125
191
490
91
237
748
420
269
144
127
47
84
441
481
321
536
243
232
523
412
319
637
144
250
23
229
509
31
226
484
522
147
513
96
410
252
2
296
230
130
200
256
318
3
22
587
180
14
10
152
119
30
168
320
703
30
52
283
165
23
226
174
352
79
67
21
2
110
182
277
603
331
5
1332
311
11
134
208
377
134
145
5
551
284
135
160
171
134
139
180
63
346
171
26
113
15
225
26
5
28
65
47
154
509
414
133
96
195
71
3
68
305
23
540
359
38
984
231
216
137
127
71
127
280
256
50
115
101
611
201
19
14
16
307
61
21
20
47
53
134
956
104
181
199
151
418
9
106
256
4
154
937
105
345
14
623
240
447
150
5
234
229
375
16
61
128
506
245
74
9
128
1
60
146
115
327
48
75
553
23
156
242
130
452
71
638
108
18
70
146
83
297
38
31
103
173
71
181
64
50
391
245
246
26
1
100
115
38
75
157
90
131
151
57
263
51
365
86
91
97
149
322
134
164
106
271
81
180
421
355
9
46
334
282
1
95
83
107
43
235
232
250
195
87
1002
135
143
19
123
128
47
237
193
323
162
99
29
10
231
264
497
44
545
74
590
182
460
483
191
74
63
109
525
338
141
27
120
197
1032
232
72
214
255
119
6
503
18
91
307
126
712
47
156
10
190
68
293
130
103
121
98
32
45
141
84
229
59
332
206
42
83
77
50
15
31
224
109
458
185
229
151
61
39
335
21
21
250
808
136
135
832
80
114
87
133
42
600
918
179
1583
149
10
215
94
316
260
41
933
230
351
180
198
58
150
280
584
35
99
367
81
12
169
180
122
278
225
185
326
138
61
241
436
64
113
10
82
79
133
6
191
510
30
143
176
162
47
194
181
142
76
167
91
27
136
205
84
163
51
881
306
119
397
54
60
67
457
164
305
354
9
75
88
125
183
301
7
282
20
37
84
33
191
114
47
13
433
2
20
67
118
11
210
744
1444
78
134
38
90
50
98
9
591
35
188
379
83
315
153
458
330
59
90
73
91
605
17
696
48
9
107
175
28
38
4
836
259
161
160
292
14
6
490
106
178
33
95
371
335
491
286
270
356
46
110
109
927
184
68
216
308
169
180
80
106
235
186
20
559
850
3
27
192
575
51
25
44
85
58
112
356
129
126
285
131
341
441
33
60
353
57
218
283
411
145
189
290
527
47
201
95
34
8
145
574
462
62
10
370
61
105
322
157
297
140
33
497
89
254
96
66
11
119
54
27
247
218
270
4
37
259
219
197
12
93
110
82
322
19
332
121
436
197
96
117
17
338
352
32
162
123
47
143
214
135
83
264
73
24
56
82
216
34
642
24
36
92
164
107
143
359
268
313
233
66
328
92
197
117
111
4
189
60
586
274
1108
12
218
61
88
149
404
51
198
172
3
22
104
658
379
34
411
265
419
124
178
81
538
138
196
146
71
51
45
379
30
29
101
547
194
57
4
37
173
156
61
38
7
255
42
239
116
408
236
26
1000
490
866
84
361
89
57
62
144
72
124
169
152
33
31
1018
81
12
533
445
164
131
254
49
613
500
99
238
237
49
274
105
171
118
278
123
331
345
201
2
398
201
1271
84
22
203
139
46
206
476
43
33
49
174
28
16
110
139
86
229
44
44
302
25
343
44
48
113
91
21
461
35
386
117
447
230
10
288
240
198
25
396
92
821
37
263
176
46
329
25
417
710
272
35
141
386
213
31
39
182
54
272
28
51
252
317
234
248
292
9
545
109
8
346
139
6
59
35
35
37
44
58
59
129
90
309
186
79
256
25
494
443
92
214
91
327
100
187
103
28
460
84
94
356
103
155
20
146
154
115
417
186
99
55
53
238
67
25
263
79
95
306
38
366
536
18
198
183
161
199
143
55
69
395
34
46
538
183
27
63
70
129
274
61
500
60
6
263
710
150
140
274
244
216
33
166
77
191
477
100
171
125
714
546
2
33
96
767
14
117
7
245
5
155
267
735
5
81
78
64
22
265
143
168
138
22
152
302
28
39
35
15
165
163
46
245
83
23
26
230
646
85
269
364
114
53
311
223
218
79
65
186
168
326
75
412
65
74
126
314
43
10
73
186
83
42
21
200
306
628
110
572
136
113
193
63
127
137
334
95
147
570
144
187
133
32
112
355
63
79
168
141
159
371
54
15
117
137
3
99
15
68
70
130
59
219
149
45
65
197
231
46
1065
270
26
277
42
143
89
245
116
9
504
108
124
151
344
198
28
119
295
57
29
5
249
21
164
395
298
111
52
60
58
93
46
25
220
22
51
953
167
393
121
43
17
189
107
106
435
154
96
399
223
15
32
111
198
247
116
222
35
80
499
91
80
39
841
73
39
78
91
7
132
272
242
87
13
300
22
30
54
32
444
105
130
75
130
23
626
76
209
179
530
438
33
64
240
4
446
100
33
217
183
106
142
469
71
542
91
42
120
244
199
473
16
177
111
6
262
6
176
1
211
677
339
229
638
207
25
99
45
74
163
708
30
60
3
808
15
47
583
254
179
119
334
87
15
274
48
385
255
132
91
679
205
777
3
417
177
136
72
416
465
345
354
235
103
9
83
250
166
66
54
355
430
11
133
24
255
17
2
8
133
24
27
132
147
217
39
53
139
37
583
35
248
160
417
388
9
172
311
510
10
22
27
175
464
155
80
506
185
197
123
104
66
470
210
527
498
428
119
23
97
93
246
2
11
589
15
20
502
5
206
152
142
125
835
197
116
65
758
180
2
62
221
97
171
43
243
295
39
90
109
118
30
30
48
70
17
78
58
199
25
422
31
164
207
3
210
47
142
801
11
9
557
256
49
920
13
206
3
170
89
214
36
314
443
389
13
728
217
337
265
65
553
957
140
24
426
50
110
37
83
247
28
66
28
166
31
368
214
65
67
891
58
39
50
68
760
59
338
23
97
109
71
119
460
161
471
100
90
109
16
563
97
390
282
105
4
45
668
31
133
122
38
295
86
36
180
213
641
104
2
361
159
677
42
31
273
19
140
240
575
303
378
160
75
38
122
191
300
442
221
237
454
432
77
286
411
247
284
51
191
254
32
104
41
30
28
644
112
132
107
110
47
75
121
193
1
270
249
43
68
264
243
441
123
189
80
455
287
280
215
478
559
640
242
33
6
120
72
20
27
610
261
9
120
415
14
90
172
993
802
150
32
222
889
254
621
6
298
48
224
15
247
51
33
53
23
140
160
64
90
79
54
13
140
31
233
37
82
177
85
245
235
19
231
135
496
287
100
409
44
349
819
68
312
64
227
761
302
818
516
331
114
8
93
256
288
99
214
267
95
238
394
1261
53
121
546
345
85
44
1055
50
23
642
309
408
58
279
40
978
20
47
11
25
24
44
90
40
141
160
331
702
300
231
425
81
670
67
215
31
182
310
46
139
801
523
449
27
489
639
150
106
100
445
161
19
121
94
62
7
234
134
77
22
177
31
99
145
51
81
81
289
129
465
227
129
64
29
367
48
14
301
332
245
1073
360
285
126
918
261
85
51
59
33
16
46
80
59
176
237
73
122
33
386
54
137
72
60
101
16
414
27
123
234
82
244
42
552
262
359
257
3
20
6
20
176
235
44
1042
319
435
91
131
182
6
109
193
26
37
73
265
87
676
243
78
292
202
170
49
43
55
192
25
171
50
17
17
543
137
374
9
31
537
92
821
317
184
73
345
498
181
107
207
208
326
202
87
227
121
339
74
228
300
19
24
88
209
84
12
113
152
284
104
57
173
423
5
41
50
46
146
197
27
260
120
269
318
120
246
232
283
69
210
176
163
91
23
438
149
30
350
104
169
97
130
228
455
112
295
854
630
213
373
174
140
262
116
142
14
148
5
207
262
43
103
40
143
103
777
73
48
26
37
64
20
4
26
178
42
428
94
150
184
8
107
243
246
58
419
505
123
14
101
1
298
14
237
355
68
1
16
79
71
68
343
162
75
320
226
254
620
121
559
49
217
174
71
145
536
126
908
8
155
31
101
323
145
311
193
1248
58
334
44
63
172
946
140
392
30
245
579
106
552
241
161
166
91
85
9
27
176
449
743
4
177
212
13
228
310
180
56
55
136
79
200
9
16
501
454
436
50
169
45
182
17
147
60
37
215
58
219
57
71
100
1
23
186
86
462
406
214
11
184
44
337
406
27
32
5
22
212
115
494
13
40
327
162
35
17
261
46
9
210
40
493
37
46
211
75
344
437
42
101
17
238
192
272
197
457
233
441
500
100
102
73
231
21
34
276
46
1
7
99
81
574
334
142
292
233
19
31
140
126
13
141
550
138
82
147
192
201
86
85
19
241
281
41
328
197
91
62
176
798
630
75
161
705
202
90
18
149
584
61
225
160
137
240
51
585
65
23
244
134
109
67
225
30
176
15
195
504
268
534
173
568
134
319
1099
194
265
777
88
281
384
155
124
146
21
484
444
610
128
42
183
18
299
348
19
52
13
45
40
179
40
313
326
300
232
97
314
58
303
18
36
100
150
169
349
51
14
71
52
100
7
34
382
145
444
70
17
126
119
148
92
257
41
23
51
86
256
79
492
232
9
195
110
107
301
220
174
840
43
51
406
25
37
29
394
84
357
58
270
77
22
252
493
412
372
89
31
133
380
187
41
51
99
278
106
290
145
400
95
179
403
68
314
539
42
615
400
182
60
123
145
49
132
37
103
13
366
57
48
933
110
507
60
199
64
378
263
92
266
487
253
70
14
70
78
199
134
39
589
298
110
481
41
163
28
935
56
300
120
234
112
200
433
229
206
30
272
146
84
23
153
66
560
349
91
64
26
644
164
15
8
374
39
334
419
252
233
3
244
799
157
351
27
32
299
5
235
118
119
170
158
359
21
34
53
95
537
127
44
207
895
202
470
57
609
179
13
6
439
304
447
23
176
3
814
54
259
320
181
258
194
10
748
94
244
118
193
188
150
86
474
94
122
172
36
423
315
442
160
327
165
165
287
9
202
345
7
173
125
172
99
192
21
45
197
145
265
299
754
213
142
183
588
327
264
80
65
26
79
173
141
77
198
84
22
35
85
11
203
340
331
210
621
53
72
141
346
5
212
135
5
25
345
26
89
168
232
8
157
334
293
265
111
337
22
344
162
70
646
246
145
167
225
6
4
31
59
211
55
196
5
213
76
13
3
7
150
60
66
171
23
62
574
216
34
142
21
111
184
273
78
6
252
103
15
113
32
100
167
161
452
4
140
10
60
5
48
230
39
116
166
148
666
60
60
420
439
174
331
71
167
68
393
122
208
417
20
75
279
140
118
82
33
406
363
39
22
4
35
196
97
209
233
42
578
9
251
27
34
40
155
70
194
36
186
220
10
142
568
360
19
121
235
86
247
336
413
58
542
144
38
203
165
98
451
183
259
82
484
90
355
114
227
1019
301
17
39
158
1
305
469
425
60
238
240
35
194
122
159
48
236
122
37
254
127
27
147
137
355
78
9
285
30
111
246
240
451
49
309
44
601
35
91
11
46
33
122
163
65
93
442
257
34
61
214
18
48
73
1019
83
195
214
433
253
204
47
47
109
224
50
57
581
218
12
317
224
246
48
159
157
107
21
6
34
587
327
277
37
54
81
365
74
75
125
349
377
56
341
378
453
214
46
639
83
60
410
293
304
104
261
31
84
24
33
39
184
152
117
31
195
81
178
222
73
591
83
359
853
46
56
101
174
54
285
502
29
45
682
594
29
293
7
4
100
316
1
210
419
51
920
28
77
202
109
45
587
113
83
130
41
25
120
248
207
203
548
251
77
71
224
20
48
25
514
151
90
52
23
385
145
38
268
181
87
195
30
54
169
138
1035
484
244
487
92
271
771
571
59
152
19
237
69
11
47
190
216
204
27
149
419
69
288
95
116
4
5
25
7
222
53
266
74
449
10
430
461
156
44
15
248
32
393
438
18
297
8
60
752
451
304
31
242
159
180
227
79
130
406
67
86
138
242
168
271
296
481
213
497
56
196
305
285
524
65
253
69
70
82
477
16
117
209
409
538
77
236
289
18
203
200
200
76
326
130
63
54
133
52
43
59
19
75
232
81
369
42
90
27
273
121
58
199
4
61
393
448
95
127
36
422
284
65
4
25
293
291
605
44
169
30
340
258
102
5
54
345
119
226
86
276
88
124
351
298
624
95
181
418
187
10
57
85
240
940
200
489
219
140
172
136
34
3
41
21
183
55
254
21
454
7
157
75
117
33
3
26
40
677
466
31
701
64
53
174
471
39
5
361
393
82
577
127
644
112
69
27
46
39
66
138
545
288
35
528
109
6
8
273
47
51
641
503
152
247
39
34
110
121
15
757
336
199
243
554
73
42
134
145
345
273
463
344
463
187
283
226
321
79
673
43
35
163
67
105
119
202
914
23
431
218
1
104
17
129
84
40
21
76
124
611
35
179
105
83
262
144
53
186
40
804
248
130
264
182
262
293
667
12
108
565
149
402
101
33
74
224
43
563
367
10
57
19
2
16
125
318
590
207
356
265
59
220
6
17
53
43
143
32
113
233
10
201
36
83
35
51
56
280
115
116
201
363
51
156
61
65
179
102
225
101
31
10
338
288
145
642
161
107
38
202
66
696
78
199
50
174
164
176
250
614
20
91
37
92
22
463
461
974
31
353
198
92
20
142
272
94
193
152
41
156
185
76
9
13
144
368
245
73
43
40
213
55
6
405
257
152
630
258
2
268
77
53
24
99
642
7
3
76
195
232
45
17
9
52
86
357
276
210
52
118
3
505
19
68
587
172
41
117
43
155
278
277
37
50
7
140
91
146
241
29
215
304
68
284
15
95
481
428
939
472
813
35
73
228
28
140
104
173
5
114
164
363
102
779
170
432
430
686
62
349
656
18
242
207
245
145
190
279
157
149
12
527
290
334
245
73
897
1074
322
116
73
12
33
18
74
22
63
299
282
63
732
308
13
32
169
170
79
143
535
70
34
310
179
141
639
1236
44
191
729
188
92
41
232
18
107
249
531
142
355
493
81
23
30
45
85
3
511
79
182
27
205
504
269
111
21
448
159
150
20
99
132
449
44
77
111
139
27
26
337
74
229
317
435
101
277
360
61
21
63
31
172
636
238
146
101
472
501
341
22
111
14
96
1
28
47
327
92
146
106
230
184
80
17
94
70
66
33
112
86
155
619
256
470
350
101
563
74
109
55
128
313
569
27
76
27
72
40
17
615
163
271
266
5
26
30
18
4
23
4
231
54
42
39
54
344
290
95
3
286
405
18
147
95
156
193
418
149
28
258
11
50
63
550
176
483
591
324
340
25
123
95
66
213
190
696
77
34
6
202
148
27
427
80
20
49
474
58
261
763
8
71
20
316
145
33
143
41
319
408
568
56
28
182
391
110
23
49
18
83
20
136
53
409
326
234
314
58
569
12
138
87
40
47
9
458
96
429
279
387
93
765
70
205
27
101
7
121
224
202
24
97
207
197
413
165
240
261
231
7
294
109
302
185
109
182
49
87
36
813
150
8
20
189
39
33
228
347
95
280
10
323
116
469
183
11
31
379
85
377
74
237
262
16
31
313
86
121
100
164
98
204
4
543
23
20
89
47
57
67
119
112
220
27
177
24
18
29
244
134
58
71
224
665
96
19
24
13
62
192
340
150
308
97
94
365
62
180
18
362
135
146
286
220
243
389
153
325
121
170
44
77
196
36
58
37
140
420
45
214
46
285
48
382
78
19
252
31
34
27
13
215
72
191
326
288
8
22
266
94
62
108
51
67
107
99
854
51
19
46
417
485
453
104
288
260
38
831
29
81
15
159
127
439
305
2
7
21
63
324
24
333
75
13
89
104
63
274
70
207
90
37
172
60
334
499
27
545
260
198
229
819
5
164
628
82
61
127
409
32
258
272
10
239
181
56
30
336
170
396
11
152
276
50
250
49
28
142
108
387
187
530
98
292
284
246
204
103
67
26
250
131
116
162
105
47
83
9
17
260
107
45
191
177
469
32
218
104
273
51
54
124
204
31
57
120
257
95
21
17
186
109
506
288
38
251
146
24
867
418
216
123
187
16
321
22
242
18
297
152
66
679
207
77
422
387
51
446
20
328
100
667
48
40
347
279
104
155
37
297
45
147
80
106
232
203
448
656
53
144
89
105
14
129
37
176
181
4
57
10
282
14
8
54
73
157
257
71
80
42
199
32
384
17
138
18
460
432
213
211
325
58
242
514
37
80
333
4
65
464
50
616
79
16
7
223
72
3
436
86
392
221
200
309
11
3
163
16
50
216
74
55
576
127
12
16
87
651
8
645
199
31
3
287
28
183
355
206
361
108
161
554
200
356
95
358
23
25
390
15
80
210
158
101
103
223
208
598
24
205
305
89
175
245
127
242
48
57
90
25
292
574
513
46
1138
92
154
6
163
152
259
381
205
96
153
97
31
252
214
258
217
132
121
272
67
478
98
22
85
126
6
206
38
25
39
92
6
340
58
239
34
274
121
69
66
51
462
12
85
318
58
223
536
118
512
56
19
105
159
97
2
161
232
97
84
325
122
279
143
163
27
296
423
179
71
88
18
103
277
396
109
122
162
35
169
81
153
176
178
46
237
13
106
208
226
17
310
49
408
295
632
335
55
295
499
55
134
24
197
691
209
373
825
172
218
210
578
310
21
17
174
207
157
273
129
260
326
15
56
490
140
536
181
212
29
327
229
47
51
248
41
357
201
205
426
98
207
238
31
73
452
206
19
109
297
30
362
195
83
69
216
317
103
361
92
920
356
175
324
88
224
105
281
269
48
131
37
124
151
575
692
48
225
296
85
163
8
8
393
1
5
63
45
22
178
40
566
173
332
103
27
443
708
157
13
67
91
42
27
250
79
30
591
236
211
169
336
115
624
81
196
95
13
27
60
112
10
275
240
4
5
35
255
90
50
162
157
449
150
40
58
104
1211
25
78
289
145
257
37
304
25
1
517
24
30
169
116
240
264
111
273
279
436
84
412
214
137
730
88
388
192
127
59
30
136
324
12
70
109
146
74
212
17
30
66
101
102
493
166
43
170
42
453
14
71
7
18
4
362
111
94
69
3
217
15
388
250
51
349
904
863
361
83
123
91
460
514
66
123
14
228
149
123
24
239
20
188
476
18
4
59
198
44
36
169
610
395
387
156
138
7
104
75
32
185
600
128
163
333
214
104
143
10
216
59
87
103
329
210
54
333
178
262
100
28
67
185
30
928
293
346
355
317
538
616
145
207
51
398
127
190
58
308
85
32
473
310
37
954
5
251
416
111
925
47
197
47
74
466
186
11
170
93
152
590
338
580
186
55
256
715
19
256
206
198
58
230
486
393
488
35
105
168
68
74
364
188
80
42
266
258
81
383
179
714
1103
10
30
305
221
93
50
45
635
57
58
110
140
169
223
55
7
79
124
118
149
12
18
340
180
151
467
315
442
110
135
95
253
93
349
114
161
58
383
489
258
4
83
27
724
587
148
218
14
191
155
9
52
133
7
232
187
112
1393
72
121
2
65
74
66
471
210
83
238
73
18
121
26
175
3
37
28
38
32
363
206
433
352
155
202
202
77
8
210
311
11
495
301
16
73
122
92
92
52
101
30
39
265
28
690
47
51
120
6
336
169
115
135
246
92
167
174
286
531
220
21
54
544
291
51
73
65
130
274
41
3
817
141
264
624
48
44
419
293
81
77
223
35
22
113
93
9
54
134
81
45
81
110
25
91
121
266
187
51
1
68
142
76
573
4
12
59
610
340
70
67
211
58
283
197
119
95
427
169
27
95
9
321
286
40
135
456
9
389
21
155
198
601
46
65
177
138
118
128
165
562
431
58
248
216
72
6
11
82
706
148
66
391
325
274
213
7
31
573
17
260
26
577
496
313
391
436
236
86
110
322
50
292
308
1294
67
805
279
294
127
105
18
75
48
31
272
103
227
257
170
275
165
16
53
146
104
626
303
790
144
173
258
295
17
182
394
237
189
57
303
179
49
310
97
43
479
6
48
127
127
21
1216
103
704
50
47
221
179
234
924
54
285
306
76
61
61
342
232
87
103
15
64
173
300
292
279
62
342
486
300
1
198
21
90
366
58
19
12
36
607
79
54
38
196
34
90
136
386
497
165
354
357
221
82
36
188
260
318
127
398
302
51
98
262
279
76
370
331
41
776
21
518
69
704
34
284
129
63
6
493
127
140
350
162
382
70
27
30
32
359
182
113
48
161
90
77
41
55
7
153
192
109
519
504
24
97
101
68
27
207
300
127
32
56
438
228
5
236
173
282
178
474
65
97
98
999
2
461
189
51
417
294
18
6
114
76
105
92
574
326
17
78
891
144
251
55
104
318
38
70
879
348
257
296
766
9
15
844
274
632
86
18
230
84
418
226
284
121
432
158
238
93
459
88
61
2
7
218
186
622
445
16
35
226
74
475
6
47
200
43
85
554
322
88
188
152
430
122
95
212
86
58
100
144
276
3
151
439
12
104
167
229
92
55
56
188
42
142
174
31
5
134
503
60
126
67
210
22
176
225
24
45
241
155
193
54
96
307
17
12
352
16
47
654
95
47
264
445
77
135
208
174
314
719
502
72
565
368
209
64
12
395
28
84
523
41
321
1
30
95
156
95
135
1
71
61
68
190
126
288
261
134
16
256
19
680
32
110
483
251
69
271
639
288
551
73
25
230
47
276
696
254
425
237
65
54
115
140
14
76
197
111
163
381
162
55
210
1
268
587
35
75
22
222
165
85
99
65
120
56
628
426
104
616
107
334
144
156
17
19
62
97
265
12
6
212
197
63
326
366
41
37
162
283
123
234
252
312
231
107
45
318
2
64
171
119
317
142
197
103
146
422
10
26
217
320
123
229
221
110
131
119
76
83
15
451
172
461
410
141
90
376
264
918
36
63
45
302
7
150
27
5
444
49
33
6
195
287
63
119
475
299
44
4
73
237
296
69
145
411
15
23
73
225
142
44
14
228
183
279
125
175
197
79
41
450
498
377
38
6
645
39
106
414
14
652
221
113
331
52
40
206
600
116
274
634
17
138
47
305
227
99
308
89
349
614
50
43
66
149
47
211
30
335
19
263
318
483
63
253
114
242
77
253
271
166
59
265
21
241
514
80
579
516
6
139
149
62
222
382
292
51
742
207
138
6
240
357
232
249
74
233
920
114
148
16
62
280
272
1
74
80
99
153
137
343
167
201
189
84
10
17
138
84
14
1041
348
44
366
28
200
114
83
118
493
400
51
34
577
142
129
268
155
198
198
18
4
278
26
85
15
777
246
162
42
130
104
216
1
111
617
8
26
89
58
13
269
33
244
413
308
157
12
421
256
163
141
30
325
189
285
44
753
237
383
111
32
122
64
167
3
154
81
121
53
1080
65
176
19
36
19
189
101
313
111
81
428
320
259
77
259
146
435
244
142
255
151
73
64
79
67
185
496
15
21
263
207
14
1
4
228
141
84
49
738
105
426
778
30
277
372
251
60
321
59
93
518
3
195
66
13
84
104
201
430
66
53
240
197
144
87
85
79
132
64
3
76
287
12
219
237
151
60
441
127
3
645
214
178
57
401
466
189
1003
554
135
38
33
159
211
9
136
177
144
539
28
153
306
324
119
517
46
393
721
47
415
3
507
117
1121
608
329
361
45
181
750
154
706
28
93
248
88
85
100
78
116
139
44
198
309
108
63
336
97
7
203
296
37
33
147
132
312
165
332
602
213
70
48
43
373
45
90
51
9
178
327
144
1
27
33
449
277
264
61
98
599
244
319
430
265
258
3
47
105
12
17
130
54
174
357
57
379
530
58
116
106
108
160
122
15
863
42
146
399
497
219
212
199
123
118
75
3
40
354
20
42
38
37
146
90
498
45
95
234
578
450
159
203
14
217
315
121
94
47
150
316
264
595
681
24
767
69
224
479
158
191
575
115
266
84
6
558
91
431
189
9
725
397
177
89
93
101
144
596
214
365
319
222
153
319
5
12
8
290
111
317
122
53
518
113
221
174
320
80
169
230
77
158
362
118
115
230
280
52
572
77
74
111
9
20
63
24
405
18
137
4
405
145
28
285
154
108
871
179
127
92
307
187
47
337
119
211
347
42
54
371
284
68
431
6
347
29
133
4
424
324
77
507
33
95
97
141
195
187
323
320
149
88
373
437
82
113
334
47
76
496
112
35
744
163
10
115
158
80
75
377
312
293
166
12
62
36
199
863
94
41
75
84
68
15
41
733
23
577
7
164
77
98
156
73
628
314
156
31
121
230
133
38
222
147
94
261
8
27
410
576
78
72
337
17
525
274
358
154
61
411
73
410
21
173
93
197
104
198
49
93
206
224
79
284
546
164
981
665
34
744
244
82
85
15
243
180
124
21
105
125
440
242
501
6
273
588
77
235
93
223
1
12
10
56
279
188
85
88
284
141
29
468
78
81
219
179
124
40
272
73
27
389
109
436
59
201
47
106
91
68
57
136
545
391
118
330
65
562
1
87
21
338
83
166
141
83
369
489
218
384
129
2
318
10
199
387
311
1
63
90
20
108
290
202
30
34
123
57
1
41
89
608
152
16
761
17
202
641
309
14
819
87
45
80
340
170
203
1347
20
41
165
212
229
72
2
188
355
7
163
477
200
1042
44
156
230
39
23
9
232
7
277
9
42
28
75
380
42
44
472
228
355
534
165
191
454
99
103
448
79
75
10
191
121
56
214
123
60
275
193
145
50
189
79
331
29
89
7
197
138
468
55
52
284
255
176
9
22
82
249
550
5
149
18
212
89
5
49
6
14
25
59
6
103
648
122
70
299
525
120
40
525
446
314
582
260
277
315
46
61
5
10
34
113
498
222
303
346
203
239
148
1108
85
183
173
801
171
111
104
35
120
129
139
60
174
12
21
231
540
43
348
488
160
399
538
30
124
206
50
511
194
61
46
10
46
17
202
74
34
385
1
111
58
417
10
389
187
401
515
220
469
201
24
47
53
652
197
359
375
231
222
79
252
111
68
74
42
676
29
78
202
253
541
330
97
60
277
235
349
105
198
329
4
329
266
435
187
132
163
71
131
81
69
69
441
8
687
596
143
94
131
163
34
80
1
202
188
15
1
77
76
45
98
81
83
58
359
65
112
484
4
104
132
594
248
227
80
71
103
58
20
62
158
32
18
85
811
80
108
189
228
438
91
26
84
166
217
86
4
73
221
17
63
27
244
284
7
540
113
272
253
172
182
115
225
327
1180
294
196
103
1
4
23
33
134
95
186
484
137
77
89
134
148
35
156
146
245
342
354
21
345
61
3
98
96
154
228
387
243
585
203
126
72
64
20
117
109
150
60
434
14
54
105
575
101
221
6
271
293
8
29
335
84
17
86
55
154
12
366
46
50
167
243
51
578
45
475
239
23
127
87
19
77
1
39
95
516
126
460
10
452
34
122
73
11
293
289
300
402
80
464
89
306
216
130
128
71
127
69
118
252
119
461
48
505
98
33
19
611
288
69
295
327
291
292
102
51
57
60
275
452
152
18
106
386
186
172
21
115
181
122
323
204
11
450
10
59
771
66
691
160
22
74
89
545
74
145
143
89
295
326
804
405
232
16
12
24
27
178
20
35
549
17
133
131
48
69
131
109
51
814
143
1
95
5
83
117
13
190
213
39
585
84
107
274
215
7
173
118
66
16
150
794
235
74
325
14
45
2
131
55
106
34
317
332
349
128
82
46
31
116
115
184
255
302
13
47
34
169
388
718
130
163
171
31
472
282
215
115
206
585
26
59
221
32
137
242
6
223
14
334
149
374
11
316
96
1023
10
211
261
310
90
6
128
152
140
179
127
144
158
387
137
666
166
255
713
315
431
192
463
184
84
175
3
33
70
27
167
360
173
45
301
57
35
34
89
125
221
1
24
28
162
328
15
448
15
193
30
97
345
252
255
47
16
158
62
32
161
41
58
25
643
231
156
725
488
29
171
307
150
291
105
197
92
868
2
153
898
206
355
232
291
96
20
104
60
121
300
18
327
302
286
193
179
218
22
127
414
589
472
451
195
1047
305
137
62
77
76
211
291
47
162
536
292
47
742
18
876
296
443
234
197
563
284
21
651
106
98
243
439
328
130
36
182
146
137
240
25
545
78
861
563
119
215
347
127
4
220
20
121
237
314
35
41
491
59
65
216
501
37
23
103
29
285
541
41
420
213
218
97
44
247
56
31
49
82
152
24
368
328
60
534
27
143
34
55
37
185
371
91
458
13
180
117
174
167
142
48
85
48
68
28
223
141
21
22
17
195
238
149
549
97
93
321
234
493
330
32
96
139
122
373
306
150
150
207
1
12
36
184
472
633
540
1
35
16
42
204
81
103
110
29
298
258
43
150
264
260
254
392
123
861
273
727
254
397
281
52
136
263
32
92
61
154
116
57
224
30
29
218
785
101
69
636
11
141
121
223
77
141
630
491
150
119
73
247
171
50
178
3
85
115
221
194
360
112
23
246
117
271
143
41
280
38
86
190
223
272
375
451
52
211
13
120
506
189
240
23
554
175
328
103
18
90
489
166
292
621
248
339
491
70
407
73
20
32
22
73
294
322
9
576
648
108
8
45
45
159
125
75
24
313
215
104
117
8
7
136
505
69
134
183
287
153
261
50
38
169
158
354
237
96
227
217
269
443
89
132
32
225
22
168
27
147
397
192
97
84
32
318
410
120
34
225
406
160
172
49
402
157
26
177
2
151
88
873
139
2
708
50
283
280
18
48
251
68
186
52
18
138
84
652
500
68
425
61
85
299
403
227
304
3
281
166
141
206
207
600
460
161
68
508
56
429
380
224
85
125
155
6
548
14
225
167
17
140
77
37
144
837
5
17
54
285
358
83
40
122
20
226
76
31
43
236
9
144
333
129
45
59
312
98
162
632
39
66
18
207
176
314
494
71
118
1027
64
109
49
19
62
11
47
97
367
56
6
53
325
114
84
53
38
249
600
67
298
110
363
407
100
21
61
29
77
38
134
18
211
124
53
177
44
375
127
97
68
37
195
360
103
304
314
212
431
265
17
67
208
12
195
43
39
20
104
303
241
110
132
23
372
48
224
43
202
190
79
17
43
15
60
97
529
7
129
160
223
13
249
158
116
318
126
46
78
250
154
494
61
43
265
486
11
347
328
398
126
124
43
776
320
588
236
91
236
2
223
338
178
65
369
349
206
526
62
602
119
412
207
77
110
742
141
119
41
74
91
33
305
375
121
222
17
205
33
371
50
412
204
117
106
326
559
126
660
17
446
170
414
82
43
88
340
191
8
278
426
144
158
44
466
168
126
368
260
363
81
136
61
31
183
146
200
502
559
107
81
49
42
72
212
247
22
1070
73
68
153
618
135
28
6
269
91
289
163
64
32
14
99
172
301
217
268
50
124
266
57
45
436
214
616
125
161
118
304
318
640
147
37
68
18
239
573
24
505
516
2
366
123
238
658
575
624
202
49
344
354
48
267
620
1209
12
709
134
11
363
19
475
16
40
19
13
121
182
469
56
158
421
19
143
143
584
33
10
45
183
36
235
98
33
278
103
57
109
816
433
90
5
89
16
36
132
102
242
23
11
858
208
112
321
5
86
403
421
147
532
28
116
225
68
140
45
22
383
114
19
243
62
102
907
102
207
624
799
42
246
63
28
267
115
836
46
3
142
332
101
23
52
176
98
339
37
61
376
14
51
173
284
337
80
331
163
130
156
104
174
139
231
434
270
37
78
369
615
50
55
83
56
111
38
198
2
194
745
127
112
101
3
508
122
681
418
596
102
83
71
224
147
89
79
197
207
288
184
377
59
308
436
38
4
118
175
153
51
19
123
209
25
74
77
504
164
304
318
461
6
42
7
34
98
274
109
407
115
129
38
15
212
331
436
279
33
188
424
324
69
44
119
9
553
134
359
58
310
374
15
123
318
248
123
120
25
193
380
255
166
257
146
318
9
92
295
53
507
360
16
32
336
424
417
193
281
19
372
331
47
253
306
31
482
10
438
99
791
467
180
1640
75
102
257
151
216
138
36
135
121
139
300
140
268
11
289
11
65
270
52
246
52
515
22
41
107
339
50
3
184
136
254
57
331
393
125
924
18
49
307
25
250
123
40
5
88
176
53
269
12
152
121
67
184
635
69
155
44
22
613
176
555
57
99
255
7
537
2
27
55
137
118
113
143
5
16
17
72
81
133
326
135
5
180
17
108
68
246
425
857
124
39
176
71
1258
402
102
321
484
50
20
99
68
10
124
140
911
387
61
161
22
357
17
340
56
72
417
26
82
333
183
91
482
169
251
82
159
138
732
294
166
161
65
33
143
183
627
40
189
138
96
114
229
222
27
26
237
363
213
135
145
31
326
273
577
107
444
8
216
260
402
121
26
13
63
130
10
42
99
447
189
171
124
186
348
135
47
81
84
9
198
214
42
86
79
101
148
173
59
273
16
21
46
44
66
99
440
218
280
1
593
345
41
59
282
17
58
425
80
50
196
91
50
19
237
34
248
110
15
150
35
30
138
55
373
43
50
296
39
88
120
78
155
1097
1114
72
258
49
211
146
43
101
118
355
16
184
84
101
51
298
135
78
39
57
185
423
88
130
173
9
96
155
537
149
310
69
39
14
12
241
231
39
54
78
39
16
13
86
105
933
386
58
32
188
23
114
7
363
6
540
123
199
757
157
629
17
8
108
79
139
210
174
769
258
185
72
219
77
60
363
30
621
73
133
406
204
629
108
104
6
409
67
117
159
216
8
59
158
88
566
144
32
198
55
28
26
36
131
50
96
668
483
272
102
1023
644
676
58
654
57
69
122
189
21
171
107
83
10
150
173
146
62
65
31
82
104
243
109
141
375
193
218
245
284
105
149
14
1
47
415
170
80
57
51
236
312
92
113
31
531
114
533
6
202
195
49
79
33
53
295
537
54
24
40
50
487
66
197
97
310
365
156
121
104
310
151
67
189
326
103
108
99
191
118
23
32
6
237
96
443
50
108
127
79
109
146
125
58
132
21
148
78
167
407
136
165
103
216
62
216
83
256
264
129
225
12
236
261
113
135
137
98
30
234
391
202
259
417
190
991
22
110
304
124
167
16
320
53
159
1157
55
431
445
95
418
173
41
323
116
37
58
26
435
268
112
5
165
152
231
8
14
244
45
40
39
488
134
676
238
42
207
4
151
14
382
596
381
115
233
320
259
17
92
231
878
101
137
548
286
51
110
95
113
69
322
8
116
49
120
578
260
162
19
70
38
370
16
191
425
28
237
63
207
545
29
436
121
32
256
10
87
287
151
411
158
2
451
286
6
289
7
2
214
312
56
133
534
229
447
31
105
16
229
149
3
9
90
4
34
28
120
15
630
9
14
19
124
118
120
48
25
309
69
270
124
242
116
87
66
469
21
454
19
11
21
722
88
164
84
664
40
342
1171
329
482
332
167
40
118
159
102
85
180
89
277
81
86
116
719
272
107
223
618
358
334
36
91
24
524
131
362
46
366
9
209
34
63
206
6
478
897
181
205
45
14
103
101
162
261
138
25
187
58
915
44
139
221
402
398
154
240
208
14
339
218
626
212
23
325
705
489
192
322
49
10
518
407
225
236
305
56
249
22
795
109
247
6
10
753
634
592
537
89
274
257
125
102
17
54
277
2
14
36
57
326
95
121
278
10
314
167
764
278
63
30
1264
65
147
24
47
65
175
572
17
74
73
726
106
2
61
176
61
21
9
41
82
32
101
222
1
92
45
107
242
78
232
103
432
446
645
182
76
76
51
30
390
228
239
119
144
226
239
392
490
1664
386
377
2
43
535
129
23
75
44
22
22
59
365
7
641
12
107
19
70
16
251
319
53
76
31
57
49
331
531
42
16
91
75
137
852
149
810
187
173
19
488
686
536
12
551
32
203
65
21
216
220
271
52
32
61
300
237
565
167
6
372
219
47
164
12
566
179
568
454
307
5
194
83
333
149
124
154
342
112
303
19
393
157
261
65
98
23
86
61
167
44
38
221
89
403
223
175
125
261
126
90
234
32
158
71
471
336
109
156
22
523
144
70
242
200
218
260
229
4
6
179
198
83
71
728
72
239
141
50
332
469
83
106
706
271
51
123
954
80
21
42
4
359
31
127
222
53
102
306
37
82
156
64
22
341
233
226
137
117
177
32
45
49
3
110
58
243
269
82
66
43
433
16
159
553
10
48
252
55
1105
950
596
139
77
275
115
11
362
8
490
548
34
97
77
87
38
25
25
3
429
68
119
24
99
26
210
26
82
708
60
31
274
57
22
8
148
68
155
11
124
213
137
24
39
317
78
183
242
161
27
277
39
143
207
103
113
189
58
88
346
6
43
4
33
305
217
173
5
4
316
109
137
132
33
870
80
20
357
363
257
32
327
18
380
11
132
655
12
35
55
251
11
146
403
158
544
40
207
363
110
477
11
89
20
328
279
231
3
352
574
154
168
205
209
67
396
326
11
69
152
262
131
91
66
106
25
1066
8
91
6
198
6
290
199
217
196
61
33
107
85
101
49
290
307
30
26
245
428
136
460
129
81
199
327
164
134
150
54
53
197
183
285
389
413
56
77
249
229
353
36
129
36
8
229
41
32
17
211
325
73
240
11
45
35
142
3
211
92
151
816
244
16
138
281
148
248
369
93
135
15
353
169
64
4
363
364
9
206
55
208
27
54
364
1803
269
538
89
407
18
82
504
183
127
790
3
464
254
2
464
145
171
349
521
27
69
43
255
211
42
131
277
128
73
142
39
243
687
312
146
25
103
149
11
305
38
37
120
11
201
604
187
576
27
42
29
160
27
224
124
164
14
18
17
126
18
219
343
177
86
18
222
122
53
309
25
244
10
218
117
7
159
121
901
78
485
197
321
154
118
39
223
126
247
22
10
563
69
748
255
161
563
102
364
166
72
237
33
1
527
261
806
200
361
29
503
302
67
345
196
269
7
27
333
276
275
101
326
37
367
112
223
663
101
146
100
17
113
154
7
312
55
360
102
189
672
84
25
494
44
228
209
312
275
224
41
57
103
10
388
100
280
254
75
214
629
123
10
196
154
78
136
203
1
225
90
240
139
30
29
323
41
78
60
67
162
234
543
63
134
91
10
355
30
65
27
540
127
120
382
296
195
300
20
181
353
35
442
180
21
73
97
729
98
19
39
307
141
284
11
183
108
393
168
218
43
56
115
167
90
576
49
16
313
86
58
39
515
107
86
656
139
84
24
116
154
156
131
352
279
42
94
134
43
65
601
9
50
128
107
319
217
188
415
10
55
46
50
89
19
315
115
117
165
128
104
225
625
121
174
495
153
1352
171
208
106
170
15
18
188
159
15
82
954
81
509
40
58
51
21
185
256
394
47
201
48
200
46
196
166
350
56
147
42
553
39
62
62
508
33
426
370
291
63
89
167
50
309
526
48
2
349
348
329
104
10
25
133
130
68
239
408
412
168
17
31
125
157
1502
154
256
280
135
139
32
243
145
43
182
56
252
185
426
44
108
519
111
242
110
141
97
64
301
785
6
1525
2
503
284
433
717
188
176
310
553
58
108
511
505
65
2
107
553
854
429
360
53
59
33
56
15
135
119
201
49
181
577
81
226
30
254
59
300
120
85
140
49
393
8
76
35
329
48
283
613
7
295
50
183
166
5
20
153
279
132
225
356
1
137
242
114
143
676
159
128
199
11
138
69
42
40
23
68
96
43
17
21
135
5
220
77
49
240
6
62
240
4
162
485
21
294
175
182
361
361
140
179
73
789
248
21
43
265
97
343
39
33
154
218
50
361
83
209
37
13
34
228
353
73
63
48
87
17
320
120
4
96
244
28
53
192
110
151
482
75
13
282
695
140
192
516
36
27
56
79
688
47
512
36
266
76
215
643
370
590
145
56
9
96
175
163
283
220
61
125
134
55
454
161
30
439
35
25
89
146
51
160
289
122
30
14
23
265
106
377
55
27
56
44
1
78
104
332
343
12
45
265
35
166
141
30
204
36
86
118
559
94
760
1034
69
84
556
254
257
702
11
9
322
173
357
141
16
110
68
70
628
551
160
33
59
12
82
471
8
103
243
18
28
286
9
319
429
192
335
105
123
33
620
37
97
135
132
79
151
187
43
422
71
220
684
135
42
44
229
259
131
456
21
40
59
127
319
167
125
60
178
101
67
25
83
80
115
61
266
309
266
150
494
485
165
355
123
137
131
43
229
543
251
36
270
369
255
2
126
95
162
123
117
478
61
114
62
20
1
146
129
797
34
161
23
45
15
53
91
423
269
668
77
81
17
535
43
33
9
185
26
301
62
197
437
32
156
98
200
141
252
21
519
765
83
292
61
6
259
433
95
80
222
34
109
43
145
33
87
34
339
45
219
305
74
99
311
66
96
690
43
13
332
12
218
332
557
762
243
31
8
8
152
134
14
27
210
59
155
878
124
419
269
126
395
412
760
184
86
116
26
470
154
273
23
229
186
131
238
247
192
286
22
30
45
814
341
598
150
261
65
359
23
72
184
309
74
1
38
79
25
261
44
200
21
1014
6
125
1
634
118
46
4
168
189
405
22
103
487
113
105
70
117
70
52
97
67
60
119
178
95
379
851
51
30
74
35
259
173
26
128
42
25
110
301
256
374
27
74
71
111
18
136
21
84
43
19
10
287
245
167
149
225
227
43
670
172
329
368
78
92
175
596
15
264
10
184
370
234
4
50
45
151
31
347
284
427
169
77
42
23
220
317
37
272
152
75
663
51
257
24
198
180
2
262
137
106
128
9
6
189
425
181
184
134
163
70
89
162
237
410
219
132
103
23
85
378
89
65
45
455
94
298
680
10
288
119
72
90
345
137
357
227
63
148
686
218
2
200
119
121
9
13
75
32
437
79
87
388
75
84
193
139
307
136
27
26
118
17
72
440
530
46
69
161
588
119
263
141
427
107
11
59
77
151
524
121
343
22
597
50
299
28
30
7
248
284
91
310
388
596
68
100
87
57
463
133
479
32
69
165
69
13
218
56
116
65
66
367
190
619
95
1039
86
179
207
177
194
495
103
197
7
256
1
91
90
161
199
78
90
281
5
129
13
364
55
68
156
205
23
383
103
51
80
344
375
5
949
87
243
33
115
324
48
105
39
98
617
453
493
142
260
266
59
732
272
378
48
377
802
71
24
26
8
23
817
558
74
14
1
187
398
134
28
16
404
89
137
32
366
442
216
17
213
469
72
446
184
10
128
881
82
66
714
93
20
205
742
40
797
250
127
262
261
327
190
329
228
64
194
105
119
1000
55
215
2
110
116
33
195
51
99
89
101
599
80
110
385
243
108
680
86
69
33
42
206
339
134
564
161
43
39
9
526
142
137
128
408
310
486
285
142
5
323
46
39
5
319
43
81
4
421
78
20
127
302
156
222
18
345
5
188
138
287
2
33
175
269
82
156
376
537
358
230
506
2
91
469
163
617
231
59
35
106
392
29
63
11
119
179
2
34
41
42
504
568
91
239
46
278
215
157
313
230
170
68
57
303
64
7
595
87
1
14
152
150
305
180
11
199
214
473
367
135
35
377
152
58
59
421
46
303
118
190
33
76
65
41
38
90
641
54
579
142
84
546
101
47
449
347
147
34
3
362
222
74
64
93
274
42
516
251
63
157
69
247
326
593
80
582
243
124
9
99
200
479
876
270
379
484
177
100
259
53
120
77
114
159
116
276
79
52
246
607
483
52
100
2
702
223
51
416
244
60
266
187
117
3
79
19
361
161
381
18
12
113
1
3
483
196
38
45
93
333
7
11
139
133
150
476
49
157
151
875
415
102
377
48
32
55
358
70
31
148
63
471
59
70
317
69
257
109
173
35
80
85
111
43
56
118
17
4
118
178
512
4
284
1261
306
278
409
845
16
104
101
228
2
16
100
81
9
58
83
67
88
65
1036
47
139
64
43
237
4
39
487
324
37
109
272
206
154
796
16
191
257
38
16
87
380
9
461
5
14
241
13
8
315
112
138
274
692
482
56
71
487
112
48
32
27
92
13
98
237
437
165
121
151
17
138
81
33
124
156
341
60
39
12
654
304
243
78
64
202
118
30
307
505
10
68
163
275
276
312
277
118
221
133
327
85
77
348
436
403
49
112
29
28
529
75
345
322
105
67
17
102
535
123
34
318
148
107
538
17
39
377
257
165
272
83
548
25
329
13
277
160
103
4
86
63
523
225
364
509
16
159
105
58
31
202
410
434
165
51
31
61
764
1342
292
109
277
631
18
428
39
12
26
85
83
22
349
92
391
353
245
338
119
199
134
66
169
552
417
29
19
231
6
151
46
380
335
752
157
150
121
299
303
141
223
913
165
356
430
45
28
72
178
271
136
96
141
215
113
131
169
15
59
24
101
47
192
382
59
319
45
169
50
5
234
571
156
338
346
232
337
208
406
127
25
163
100
1029
194
218
209
50
354
352
109
37
4
259
243
72
627
7
2
614
151
572
236
278
83
276
21
139
424
223
499
158
100
247
162
4
649
218
416
656
1126
28
37
373
208
179
221
81
60
111
135
449
135
600
71
33
31
74
173
117
74
84
367
179
800
55
183
80
196
26
131
88
427
68
71
137
880
108
114
531
638
77
92
584
41
161
266
49
136
186
226
8
71
332
504
143
519
311
91
35
224
175
159
427
290
48
358
329
261
466
204
505
82
205
183
2
216
87
596
386
105
86
5
30
4
80
34
11
261
176
484
17
32
242
435
427
101
106
3
334
147
377
208
715
26
519
85
80
557
9
186
347
93
365
123
606
182
54
63
327
92
120
146
2
8
50
4
152
957
774
69
436
777
31
153
183
153
69
1271
136
1
106
18
256
81
698
13
7
32
736
237
47
67
326
229
45
80
735
41
380
55
188
85
280
240
295
22
35
57
119
36
113
338
85
136
937
251
53
23
62
266
16
180
155
101
214
25
61
613
447
87
245
69
175
16
129
53
332
396
384
107
248
219
109
70
338
210
506
105
241
23
437
105
35
363
501
17
192
285
31
346
1219
44
326
298
303
179
123
23
113
11
258
205
765
159
16
82
452
20
204
290
12
307
132
38
584
5
76
42
422
286
28
336
105
25
241
302
225
51
123
341
463
197
218
4
275
16
90
322
277
18
27
193
168
17
720
2
58
126
156
8
55
136
388
297
81
54
311
404
81
151
169
354
173
59
102
22
23
257
178
147
201
183
42
61
21
33
196
402
745
43
57
109
17
159
73
145
16
97
74
15
106
65
52
171
494
81
144
480
270
44
103
70
458
82
139
124
22
97
11
216
27
642
533
178
98
264
317
350
8
26
86
432
37
122
50
120
123
685
108
544
518
107
319
444
940
243
164
119
202
93
46
65
309
53
549
63
263
17
978
122
246
253
353
66
119
63
222
357
380
893
96
29
152
144
24
10
120
368
253
509
82
536
96
169
33
45
119
216
66
353
477
28
224
38
150
235
236
33
11
12
346
575
143
565
6
373
6
128
471
184
37
12
118
22
52
90
139
296
136
109
317
120
448
152
191
43
11
5
550
269
39
112
46
21
280
58
125
918
169
358
18
160
596
136
316
30
263
118
47
170
586
228
200
199
208
80
72
47
407
211
331
464
45
52
496
116
477
111
139
270
23
302
334
803
561
82
331
144
50
175
271
569
149
9
270
63
47
31
186
92
65
108
152
256
199
238
734
222
190
73
95
23
87
506
1050
469
399
36
142
495
91
138
219
595
310
171
217
134
657
168
133
158
110
199
513
139
74
10
134
48
86
42
558
79
90
364
207
9
69
5
141
61
41
450
200
94
30
340
153
197
204
39
972
78
71
15
99
281
111
126
216
47
116
382
192
368
153
17
396
375
200
111
2
225
9
115
101
253
350
298
18
57
74
138
66
1
263
985
557
52
144
22
309
145
12
153
115
79
191
38
368
130
31
88
335
143
206
286
317
45
568
511
205
28
97
8
177
192
104
23
36
418
119
16
60
252
49
583
4
218
235
178
410
343
509
62
77
80
7
127
295
282
110
46
26
61
199
61
57
465
365
187
61
418
121
130
164
23
296
62
175
652
44
317
82
130
490
16
144
505
185
30
88
10
9
8
6
407
33
192
238
78
102
31
2
196
19
90
63
244
112
30
533
159
462
48
248
293
470
39
726
68
20
73
221
118
112
70
131
97
98
142
121
12
69
360
313
263
62
280
12
56
258
231
127
654
526
54
166
266
149
111
425
214
175
133
538
10
10
82
37
121
28
76
29
2
169
67
173
7
54
211
232
39
11
133
43
698
269
51
166
29
58
32
1
126
136
34
123
220
47
709
97
617
147
97
120
312
29
157
549
173
179
4
5
226
208
181
233
160
31
144
124
118
102
31
241
96
180
286
212
361
13
137
4
754
7
6
47
270
253
32
6
205
64
304
3
202
173
153
31
470
66
102
25
397
28
222
536
65
959
257
3
324
190
218
160
355
135
152
73
496
477
21
183
246
167
378
245
219
293
71
81
120
214
32
126
72
119
126
57
58
32
111
30
155
240
240
11
9
12
33
263
19
29
387
2
133
21
19
56
20
802
84
198
351
23
1
161
101
47
266
315
197
388
51
247
263
1
71
44
89
56
22
171
282
218
90
42
466
357
82
388
672
349
182
981
439
327
36
143
138
22
31
73
544
61
115
143
311
13
194
54
275
463
174
3
27
190
4
225
22
19
103
417
11
277
123
862
249
67
330
165
226
217
355
25
536
377
90
108
361
55
72
7
99
53
270
78
27
570
242
183
121
150
13
256
358
10
317
287
178
106
17
6
259
64
105
32
179
119
59
101
252
282
115
7
235
294
250
400
106
121
279
231
153
31
13
483
145
397
558
13
7
102
19
79
33
34
589
517
22
53
86
142
1034
224
184
67
64
104
180
23
85
313
802
57
32
68
24
11
5
38
237
53
297
322
500
646
40
97
1400
164
429
255
364
486
609
448
354
108
730
91
118
182
4
119
223
43
74
209
450
373
1025
325
82
44
289
147
192
153
284
398
172
281
163
295
445
390
179
37
198
216
388
49
73
861
53
280
169
6
62
59
14
19
313
111
183
135
38
321
45
269
161
88
36
338
713
180
208
233
198
17
721
372
44
428
39
4
144
440
448
376
128
134
55
226
136
161
239
53
96
52
216
92
578
121
246
201
45
262
46
365
141
15
74
97
136
193
6
150
22
416
80
85
185
14
2
178
449
157
74
29
1
265
597
72
8
185
202
239
148
17
202
370
94
110
158
69
123
6
319
117
676
172
7
330
162
12
531
467
145
182
175
142
390
182
1001
145
212
20
356
19
118
410
874
79
25
59
15
37
6
13
102
308
304
241
196
24
117
394
151
315
177
283
28
59
991
113
232
17
80
11
214
133
235
235
63
1
78
151
260
50
88
1
247
226
584
323
45
261
182
54
71
149
14
490
9
404
222
46
436
36
79
122
554
33
46
123
123
233
74
13
366
53
337
135
171
79
174
65
78
259
170
65
245
121
198
321
399
116
93
49
113
4
194
27
696
620
32
118
140
68
22
141
43
181
976
141
329
7
148
90
4
287
30
110
40
8
214
897
196
212
314
27
24
969
476
249
146
87
447
60
78
322
122
89
10
69
242
91
43
46
78
31
311
20
66
121
27
339
63
466
335
307
387
497
244
155
185
263
335
99
10
381
318
78
371
652
26
439
678
268
134
78
60
159
183
166
47
139
478
115
69
326
99
245
239
544
567
43
368
151
164
252
110
150
307
8
119
139
192
165
8
201
105
786
78
86
434
191
87
6
409
199
63
322
302
424
225
389
152
177
128
71
521
168
12
524
24
52
40
1
43
14
95
103
208
387
52
35
163
68
87
390
77
51
127
368
429
92
90
249
32
119
15
16
162
298
45
8
165
63
217
85
764
285
223
274
393
255
103
116
793
45
16
31
150
31
426
257
14
341
161
400
113
182
508
274
160
290
81
41
461
199
55
55
173
180
348
241
228
117
1062
135
2
176
184
98
271
102
46
18
36
131
60
7
1052
577
8
6
136
164
31
10
389
411
753
57
13
23
624
212
240
795
418
123
561
58
54
114
39
22
399
104
130
43
250
62
110
139
31
136
112
290
157
204
28
211
214
298
653
115
105
81
133
100
200
81
166
190
138
128
3
123
1502
3
304
98
91
687
61
92
232
160
402
181
217
78
97
253
300
15
69
75
268
331
169
349
167
595
27
224
27
8
104
284
128
16
76
19
428
431
7
268
354
122
316
375
378
323
59
489
164
50
147
13
260
138
123
147
244
829
85
6
16
1
127
101
394
189
310
517
34
22
50
463
123
75
218
491
221
27
85
39
560
36
181
183
92
36
194
333
311
640
105
405
148
181
70
388
124
128
96
23
67
10
66
56
39
13
100
309
481
232
53
156
173
228
526
116
425
463
138
28
66
55
671
782
406
94
564
252
70
90
268
117
183
141
203
54
72
134
94
10
172
50
122
27
377
99
103
230
239
36
138
1600
90
7
32
271
257
57
113
208
19
345
760
81
205
176
232
119
418
51
125
403
442
330
149
34
373
287
92
7
127
271
1191
8
534
100
155
27
505
126
288
107
73
57
231
299
39
281
310
159
214
272
895
4
70
411
507
553
97
23
205
302
15
292
85
610
186
49
47
241
143
199
457
416
23
394
481
90
40
342
64
70
26
91
274
400
120
40
20
424
947
172
144
332
180
255
387
161
257
55
229
194
289
224
294
846
102
274
40
63
390
526
117
152
126
58
1328
90
55
370
121
132
514
37
267
186
85
110
334
262
83
11
642
207
38
426
66
314
301
343
131
66
197
172
165
48
187
104
132
13
281
76
99
83
32
260
156
55
382
8
126
132
51
16
143
25
116
425
70
114
174
374
64
290
26
184
408
93
39
227
101
23
77
101
60
30
87
548
193
95
397
17
9
446
416
175
62
776
137
205
215
31
381
113
134
232
46
41
171
30
149
289
105
53
125
52
96
213
578
79
29
67
84
102
262
31
140
235
202
293
132
130
39
58
89
6
148
186
567
379
374
275
260
45
219
300
581
71
10
294
11
62
251
334
130
43
232
139
8
89
136
189
290
10
193
40
176
529
55
222
201
127
355
144
169
90
293
217
268
114
146
120
144
721
126
107
221
1375
9
83
28
98
39
53
525
88
268
116
268
64
753
198
313
58
204
378
166
131
322
105
7
330
6
284
454
144
610
28
155
246
436
24
31
110
140
574
295
271
57
207
267
9
154
344
32
281
88
62
542
192
72
28
56
567
291
377
132
306
49
180
521
157
70
97
37
618
276
215
76
459
347
138
51
14
43
40
208
422
5
90
198
234
69
150
1047
237
473
715
64
154
286
9
447
17
70
315
2
77
218
424
322
393
27
313
164
2
229
53
124
406
219
360
75
121
58
474
30
63
175
128
868
90
165
69
253
54
436
19
43
235
125
244
230
2080
289
109
346
98
50
22
773
75
63
128
91
140
28
36
270
49
455
309
13
236
14
291
448
61
10
22
629
20
366
349
204
9
82
91
333
163
130
138
328
30
308
34
447
67
86
303
19
112
517
118
213
335
40
129
30
292
253
287
63
99
567
149
167
10
100
245
9
254
188
263
292
196
32
397
253
18
324
371
231
31
246
16
206
369
70
5
99
241
324
20
324
69
101
230
171
111
125
191
274
504
52
245
471
99
54
218
95
8
371
6
59
545
59
100
193
275
58
188
316
86
40
49
653
85
70
296
1481
519
9
88
428
10
108
492
133
100
519
256
28
23
72
184
266
263
158
47
451
83
94
6
260
86
241
83
399
614
45
391
100
208
181
68
26
354
264
120
808
581
9
70
606
27
128
112
70
322
150
113
142
64
120
217
303
228
39
287
85
88
30
185
149
6
160
399
386
376
44
973
22
238
97
264
157
272
25
661
74
278
26
13
46
9
266
137
286
216
98
439
646
199
189
60
97
378
75
200
43
147
71
345
288
202
254
132
76
128
129
61
95
155
46
43
121
999
622
21
239
