187
116
94
19
124
16
248
484
404
31
547
21
74
15
203
269
118
164
48
272
304
591
156
37
140
19
87
162
89
19
322
134
454
547
127
9
549
141
63
110
177
373
104
110
227
65
865
3
553
55
89
242
279
89
283
488
425
248
103
30
529
281
175
4
649
430
405
21
15
19
1
142
59
222
189
55
128
149
67
58
35
441
31
31
25
21
137
172
13
61
206
54
274
93
125
110
438
298
381
35
422
143
182
412
144
118
349
131
204
251
169
11
12
109
171
292
137
5
505
104
10
134
173
14
403
141
130
88
132
568
37
268
186
328
242
76
255
358
312
224
86
19
411
24
69
174
31
429
273
85
38
273
165
779
42
124
170
17
197
160
63
166
8
524
245
87
548
256
630
87
251
558
827
54
38
49
58
763
316
97
527
189
86
6
7
39
480
364
88
85
423
377
135
215
31
109
391
406
441
17
5
89
65
936
35
19
112
59
8
11
607
279
82
247
151
314
198
88
216
47
548
489
40
40
23
20
203
139
624
110
26
126
112
11
196
30
235
504
165
44
127
19
141
16
125
422
281
215
50
204
344
38
57
260
114
166
325
174
33
10
25
108
34
11
106
131
94
67
198
87
127
24
19
51
335
5
10
240
7
85
102
1052
56
539
116
16
148
26
721
220
294
152
219
186
132
22
524
151
187
511
53
84
3
38
33
111
241
413
4
20
84
218
132
53
56
67
433
183
69
12
268
277
13
5
35
18
171
779
209
535
426
31
802
45
5
197
204
144
125
132
156
80
202
148
139
2
188
188
40
63
161
228
539
15
11
39
93
69
391
29
666
61
49
200
174
172
70
356
56
33
403
74
1102
4
349
501
46
335
183
442
27
107
20
99
25
250
55
58
67
3
268
24
862
573
23
218
584
125
184
53
96
369
32
104
801
25
320
591
14
1039
552
242
282
236
218
225
162
186
180
19
23
93
174
161
157
54
141
23
49
45
228
90
42
554
1121
106
76
495
106
320
63
268
342
47
76
26
868
27
58
145
160
29
64
366
260
43
41
58
376
114
273
127
54
391
143
199
181
167
7
14
131
276
256
15
474
39
63
10
281
107
477
13
3
110
108
53
133
391
38
535
6
237
23
70
562
119
517
627
174
245
98
161
326
38
11
400
81
633
73
38
195
77
655
242
89
174
106
244
28
128
137
17
106
158
22
9
116
587
254
320
12
58
381
242
31
157
186
364
237
140
78
153
50
244
165
268
111
357
81
287
464
11
385
81
357
53
265
111
85
64
463
420
187
51
26
42
50
109
117
161
14
87
117
146
31
153
170
76
151
987
134
57
5
241
225
37
182
179
55
141
55
114
45
289
64
55
22
7
268
122
85
105
764
207
2
385
628
393
175
112
119
128
101
86
221
197
21
500
129
13
15
227
222
150
13
408
168
138
530
179
91
104
335
213
118
23
172
190
44
357
453
467
112
65
313
185
1011
27
777
277
247
218
436
234
34
277
209
120
130
327
593
170
263
24
14
98
549
15
529
48
90
235
155
111
43
1239
203
432
25
175
469
225
2
5
176
197
41
99
372
186
121
162
260
5
118
142
10
153
102
118
13
104
526
297
59
143
508
357
23
107
28
135
37
161
160
88
62
501
48
358
59
65
107
264
11
81
17
199
106
421
57
273
42
72
81
142
139
149
64
166
183
282
18
109
307
18
817
125
60
84
215
161
44
58
278
509
518
56
39
184
151
9
89
16
272
86
848
108
124
227
94
168
257
340
2
10
135
334
110
280
22
4
513
26
250
35
78
71
170
357
56
203
139
137
18
30
96
81
62
26
8
5
333
343
76
380
461
29
271
27
122
50
166
105
91
44
165
130
121
199
115
148
286
11
29
157
57
50
708
99
145
79
367
122
209
435
112
120
255
157
246
60
28
122
194
77
76
157
50
147
571
67
39
17
39
59
688
84
28
49
187
1722
12
365
48
252
108
519
79
164
103
51
67
68
728
204
129
453
16
3
426
121
11
48
221
194
482
271
58
438
136
181
182
827
36
163
47
98
24
236
140
122
373
52
16
27
739
160
158
204
485
157
125
67
145
666
4
180
85
23
585
6
164
117
127
142
21
129
182
453
47
153
220
293
507
234
107
157
181
164
126
97
13
40
183
383
154
234
155
322
360
8
277
116
5
108
692
17
16
225
422
145
200
99
271
126
127
374
85
32
285
199
21
75
262
11
205
395
304
27
292
97
243
76
14
213
11
308
14
163
69
83
61
89
318
318
415
405
70
6
203
97
406
78
145
587
20
98
216
370
100
183
123
352
56
336
4
11
64
103
553
29
463
268
226
98
169
428
112
198
38
209
300
161
309
309
2
35
70
141
118
40
774
8
176
665
249
140
122
364
307
250
962
86
7
55
296
103
72
93
867
275
382
53
666
310
379
294
20
36
118
341
141
20
192
670
83
675
84
118
558
17
35
290
381
19
307
73
497
10
316
172
87
170
9
97
27
16
392
189
139
143
196
363
15
214
381
135
28
87
80
316
277
229
115
43
88
175
50
135
44
337
82
106
156
315
113
328
456
55
19
57
39
23
430
36
17
300
238
78
179
765
368
323
438
98
25
52
165
103
93
117
109
8
221
94
318
117
219
71
207
591
66
44
70
42
56
134
46
48
202
282
168
12
3
333
16
314
40
235
276
124
56
460
23
452
3
168
171
452
91
274
118
253
205
178
55
87
231
184
351
164
194
236
28
28
602
60
276
80
15
1
107
5
331
243
139
105
12
228
160
416
26
30
20
468
381
30
193
148
37
98
10
62
16
192
163
20
259
226
14
65
242
38
64
231
2
302
167
116
611
1199
195
118
134
160
23
246
12
32
59
769
193
346
234
190
428
189
90
40
96
234
463
286
120
329
61
102
272
34
783
241
79
102
465
2
1017
34
259
39
417
146
44
83
523
739
69
266
104
86
61
730
514
3
380
273
38
23
152
122
461
560
32
271
63
89
257
79
29
49
457
43
100
279
241
166
625
3
24
187
127
22
46
102
82
125
52
9
41
393
122
134
78
87
39
646
84
550
203
133
93
20
71
136
35
548
58
640
155
42
27
10
93
267
85
252
168
587
13
73
64
122
195
129
349
235
488
182
171
320
107
528
29
56
77
212
44
280
159
40
127
383
7
249
414
243
14
157
151
124
23
6
237
419
368
268
43
89
477
264
127
44
9
116
355
47
14
20
1153
132
143
49
148
122
58
24
48
12
690
356
24
21
353
164
39
237
31
572
39
370
115
71
871
735
264
31
351
198
94
15
148
926
65
104
113
152
466
183
18
115
401
426
38
10
109
17
490
16
295
21
138
264
136
13
169
173
477
144
124
55
309
242
45
274
44
112
463
253
379
89
219
18
315
82
148
179
306
193
168
304
43
165
378
245
309
206
26
9
49
89
9
407
170
535
517
328
383
76
188
267
216
114
180
357
2
39
664
22
159
11
63
38
20
5
437
155
277
137
3
1010
146
366
376
116
251
163
14
346
8
112
44
106
196
243
733
23
796
267
59
10
12
19
194
42
94
152
56
20
151
515
20
213
458
124
26
667
500
49
122
9
284
133
66
210
278
442
99
509
105
234
26
939
94
71
233
96
35
125
142
82
1061
16
219
371
216
14
15
162
186
99
102
72
58
156
114
126
290
167
422
452
44
11
62
179
66
17
3
425
308
162
58
76
265
554
145
682
78
366
434
107
500
104
221
8
669
999
47
637
25
30
647
54
130
42
88
180
65
231
183
110
339
408
1
40
11
85
437
7
194
78
252
360
252
113
140
65
168
178
28
78
679
399
193
266
183
320
4
372
175
45
509
79
6
354
63
39
688
765
140
201
147
98
228
48
173
131
190
203
591
108
224
377
45
372
72
318
28
540
402
66
30
166
523
143
108
43
147
204
53
88
159
655
42
58
403
6
323
107
40
83
48
466
73
496
110
5
538
104
381
828
127
535
181
161
6
134
44
13
44
1026
72
368
225
328
6
133
82
390
103
526
374
41
229
351
117
1
590
40
460
31
297
234
93
514
82
314
22
91
328
429
246
293
89
208
2
156
211
975
23
95
25
170
262
172
470
74
132
229
345
622
13
40
25
27
17
129
120
275
141
363
450
119
113
172
72
344
32
31
439
6
41
87
102
261
108
145
206
327
308
189
322
341
275
70
79
254
16
456
281
261
11
45
83
446
249
28
275
62
31
38
315
41
148
203
109
202
643
176
414
28
231
161
90
19
276
371
12
54
325
183
302
443
7
83
51
237
401
54
8
250
150
315
202
103
13
42
15
91
426
728
323
111
130
88
243
519
81
309
43
311
231
16
298
53
46
265
392
224
39
309
50
280
72
284
468
661
238
11
673
365
38
122
370
42
114
676
266
83
53
224
357
354
22
513
248
179
313
123
300
1106
456
301
16
334
550
107
73
138
71
93
112
343
69
104
202
61
310
110
21
38
208
209
69
35
107
354
65
214
133
41
256
39
58
70
19
35
91
244
293
702
248
94
143
491
37
305
8
344
276
391
30
27
58
120
23
501
561
171
418
624
121
37
215
13
111
146
132
485
904
36
116
241
265
99
733
171
44
32
26
100
134
139
521
262
40
105
7
181
707
7
204
397
79
62
297
378
174
254
40
6
233
494
226
84
33
372
74
20
57
212
40
376
33
219
60
92
9
120
9
4
293
39
105
180
45
520
126
18
371
62
358
74
323
233
14
463
241
58
251
189
211
10
259
101
381
293
202
62
506
20
80
90
166
13
274
47
210
44
91
209
75
192
330
103
31
318
107
255
22
49
25
24
49
217
137
181
220
77
69
135
88
122
72
31
161
373
544
187
248
245
73
293
10
80
43
319
857
32
264
135
7
119
34
107
48
115
114
85
209
499
37
609
90
55
179
50
461
304
740
158
437
235
85
5
19
11
312
352
19
58
62
56
32
268
43
44
95
458
247
440
335
60
533
106
111
273
9
323
274
48
178
188
35
713
291
77
116
148
28
223
217
44
127
87
13
764
73
662
518
37
249
339
33
29
665
123
136
403
262
114
43
170
48
54
673
690
14
505
14
173
118
87
100
228
5
157
91
34
69
17
153
630
10
12
190
109
93
158
909
20
545
3
75
101
1860
244
51
235
616
113
476
33
246
261
116
849
340
422
194
84
218
273
86
173
155
437
27
21
706
615
326
143
36
293
31
73
357
30
75
274
93
319
422
62
180
145
110
973
696
291
86
252
218
1444
859
528
53
519
177
54
73
340
70
312
29
68
244
4
72
139
18
81
127
75
385
7
140
61
115
38
333
631
10
155
56
267
153
142
98
29
382
1189
199
24
67
45
317
134
691
87
255
186
387
55
192
185
229
220
161
91
9
179
449
159
40
37
15
232
156
104
134
342
282
206
518
209
16
186
73
205
435
47
26
23
108
390
105
213
39
128
173
14
63
480
887
757
39
13
158
110
7
72
53
200
21
147
433
20
111
124
9
88
94
177
59
139
5
37
210
311
25
375
30
119
192
96
18
6
116
288
294
93
138
130
156
167
206
16
520
613
171
344
188
177
77
175
179
28
102
268
93
221
62
67
141
115
11
382
98
351
82
488
172
310
452
323
160
625
29
380
40
172
50
80
342
201
169
97
77
39
271
271
342
73
82
91
223
326
3
289
79
373
48
57
144
308
215
268
192
134
63
129
139
35
152
50
247
30
615
63
84
223
248
558
123
11
5
296
87
37
103
34
157
452
92
178
373
75
228
85
76
41
262
224
123
262
33
79
153
18
61
190
69
135
116
231
739
185
771
66
708
805
179
209
470
30
17
400
164
36
80
66
115
108
35
63
84
39
42
16
291
331
60
432
142
86
150
523
64
1
365
281
230
162
112
127
137
15
183
19
88
765
115
303
1271
448
36
39
35
51
49
133
21
760
218
209
11
324
10
48
127
202
44
34
88
6
50
114
189
157
29
92
216
55
74
235
52
225
79
101
206
114
66
37
118
190
41
164
250
61
151
222
475
52
192
155
170
100
279
605
300
271
403
478
190
63
253
118
173
35
45
8
53
51
459
82
528
15
132
91
869
693
833
8
32
382
202
11
204
132
63
6
263
45
602
1
16
56
468
14
252
19
71
70
21
374
11
304
466
13
44
484
20
4
441
200
674
515
278
543
175
746
133
60
113
319
141
10
196
37
172
40
151
162
24
121
26
103
44
468
542
200
518
29
718
86
42
95
90
46
116
149
32
101
181
358
11
278
193
148
164
470
492
1184
27
867
21
453
457
361
57
235
328
38
57
14
66
264
69
306
159
316
30
59
309
22
57
155
890
197
86
1
448
34
167
80
346
35
225
22
285
536
181
257
149
110
243
355
99
318
17
615
643
31
60
205
234
74
168
281
390
81
255
37
92
124
207
172
38
44
55
204
270
78
21
40
76
123
324
208
103
2
477
178
58
8
38
73
278
13
32
121
135
25
261
300
113
48
268
265
550
160
34
38
184
131
18
345
192
244
5
350
26
223
180
783
70
194
53
632
179
62
11
44
561
173
83
235
59
206
454
100
20
8
280
122
339
257
86
4
20
529
340
298
19
586
109
4
40
90
279
103
157
212
328
33
129
214
132
396
266
351
208
267
371
323
80
86
176
49
34
261
194
56
183
984
159
355
33
39
48
18
4
154
220
335
107
14
175
201
13
83
131
230
726
156
187
83
34
309
341
651
55
138
72
22
279
16
128
36
1
151
520
639
65
88
265
38
82
68
733
30
563
60
342
747
84
40
4
134
125
336
34
333
323
128
119
73
201
245
159
200
228
279
14
136
278
555
55
1121
145
285
172
29
667
391
320
76
227
190
558
113
126
166
567
122
143
99
184
940
167
221
41
288
83
21
181
154
202
127
99
105
88
4
151
576
560
125
41
32
96
103
116
234
82
60
59
114
142
175
144
210
366
362
141
534
189
113
242
69
18
51
26
90
258
42
46
50
205
139
125
291
75
240
336
29
48
50
421
27
103
745
34
23
252
40
88
87
184
43
308
70
52
165
17
216
715
1111
39
687
335
131
365
76
333
57
172
770
48
401
79
283
63
19
257
157
111
284
72
19
412
111
127
113
36
595
202
602
475
282
59
152
38
2
53
299
228
99
122
302
106
240
345
100
213
8
197
126
36
262
193
9
126
295
181
531
619
560
411
257
331
95
121
182
100
320
68
700
42
12
104
114
397
78
76
588
170
148
137
275
21
85
75
631
442
122
51
91
202
40
182
75
112
91
4
45
30
203
90
170
18
301
178
42
176
112
126
39
142
375
39
175
91
581
21
114
25
74
197
210
47
107
82
444
763
338
101
255
4
109
154
19
168
224
102
200
166
332
217
226
106
475
268
150
15
693
110
458
180
268
73
9
208
130
80
134
33
109
64
414
196
28
188
436
78
123
117
236
282
86
1
448
242
43
126
127
67
586
114
203
52
288
746
33
435
71
154
643
21
125
157
259
146
372
20
35
138
116
154
208
18
4
75
25
63
301
402
208
10
140
3
294
105
872
170
503
367
456
206
5
116
350
76
231
50
266
51
621
244
146
264
24
118
443
28
126
130
85
216
203
94
89
277
61
764
188
57
204
97
101
10
51
65
763
526
140
51
15
639
35
7
43
69
12
240
29
248
528
32
35
313
92
55
78
648
520
61
110
93
569
92
1
396
653
36
861
531
64
1
46
692
143
7
161
235
301
225
1052
7
77
170
19
109
22
181
72
227
107
10
334
153
332
183
6
532
130
29
144
20
116
767
179
207
171
258
66
201
541
39
360
319
70
148
177
514
122
89
71
212
52
176
284
160
166
408
389
326
383
232
329
103
303
164
301
21
302
185
211
8
145
673
20
107
90
53
243
469
95
106
103
87
242
186
361
117
406
528
972
285
4
310
254
15
111
24
105
34
98
198
155
9
391
308
76
4
415
101
18
40
38
187
322
674
6
72
48
123
266
138
4
310
268
413
234
147
368
716
48
91
139
51
105
1
209
83
27
124
5
43
676
303
131
297
301
103
53
82
210
14
145
63
188
184
201
378
281
102
374
121
4
951
16
70
76
136
472
72
59
76
371
59
41
667
67
241
246
67
42
369
140
594
474
454
157
199
36
19
156
170
182
352
277
5
465
45
485
73
1
77
149
405
50
236
35
47
499
32
12
619
188
109
254
2
600
3
232
5
198
114
64
26
180
84
110
37
196
298
119
122
211
1105
371
28
410
18
484
44
11
372
99
132
13
29
370
93
7
48
1251
209
38
44
289
84
231
47
31
363
254
79
283
39
477
507
51
353
93
130
12
374
246
135
90
208
581
150
3
93
418
13
153
20
312
35
112
288
12
189
25
40
146
197
65
479
38
204
289
106
27
97
322
68
56
277
255
586
143
186
611
169
164
20
117
218
75
168
61
26
56
241
202
12
41
486
7
81
42
223
217
8
101
307
568
396
91
60
75
186
374
367
985
275
136
332
657
97
108
30
411
93
26
181
20
9
266
454
210
79
10
140
46
181
66
29
419
31
25
195
16
163
440
40
10
458
116
230
114
991
197
13
117
235
486
97
754
116
6
284
82
1
38
179
296
232
254
88
180
493
457
107
8
124
109
8
200
55
140
34
67
630
73
869
288
130
40
27
395
60
287
31
468
228
85
89
374
200
139
358
224
41
117
39
78
237
12
69
375
47
28
199
8
122
216
9
47
85
354
373
108
55
132
37
281
478
229
45
980
127
59
112
69
37
349
108
33
86
63
70
100
120
23
135
73
98
274
345
279
27
25
155
106
358
173
108
429
119
208
131
420
645
123
126
49
76
130
191
364
55
93
399
166
371
170
17
328
92
123
97
653
401
202
37
243
48
67
566
423
66
10
148
60
174
112
273
334
67
35
50
308
449
142
69
57
130
1
252
84
268
154
60
1118
369
79
220
56
64
221
63
525
185
6
201
827
150
79
150
8
610
862
210
137
169
231
79
498
215
51
229
331
160
167
117
189
156
126
550
18
193
215
97
326
364
19
17
1
249
34
158
115
110
107
69
164
53
270
45
213
498
101
52
45
174
714
105
33
224
234
374
89
174
3
279
425
194
14
20
87
295
292
1
36
2
55
135
219
169
90
187
27
1
7
172
184
78
6
18
162
35
653
54
73
47
85
71
26
331
30
436
36
12
388
168
584
57
184
174
181
937
16
245
177
413
874
505
43
803
375
435
91
33
184
477
58
63
21
110
18
129
360
200
219
205
631
97
27
449
926
374
51
194
59
28
458
255
122
108
57
138
99
229
243
2
61
207
191
56
169
849
505
494
5
128
39
75
121
12
193
508
54
161
146
73
26
795
143
576
752
43
28
144
122
336
70
77
586
42
494
82
463
80
95
205
486
147
23
172
167
218
595
148
143
516
156
185
258
352
124
37
116
85
73
101
237
20
122
415
1
59
288
128
15
58
316
97
13
388
720
218
91
276
53
23
81
36
120
321
760
246
99
52
14
554
78
55
180
323
21
244
25
147
389
70
476
6
23
20
94
151
93
148
286
80
38
72
165
114
136
450
197
27
149
43
114
2
358
366
134
232
256
9
79
206
1111
34
17
101
361
554
19
164
1000
334
143
433
14
650
104
415
3
188
61
13
237
80
122
162
173
260
162
672
111
87
1
55
15
31
21
167
23
73
317
533
201
504
48
93
335
33
105
177
120
96
77
606
75
30
100
161
101
31
338
79
462
73
402
454
14
11
79
50
202
324
111
184
38
588
75
47
461
33
124
207
81
91
16
252
99
84
375
565
48
11
29
509
114
318
835
39
12
100
631
140
260
59
59
137
176
252
20
67
106
129
330
19
68
116
215
265
152
400
291
198
11
28
51
95
460
569
290
184
49
105
9
7
67
242
459
142
575
289
232
612
3
367
5
532
7
44
6
387
564
401
117
135
7
297
199
307
298
16
638
220
330
11
126
438
327
106
79
138
106
87
14
11
862
43
7
33
95
601
1
102
105
251
141
95
91
23
280
245
27
274
217
364
44
887
657
198
95
394
362
70
56
121
12
401
42
232
22
236
52
265
52
34
77
1
560
22
87
681
358
38
186
258
75
158
350
192
23
65
230
279
18
244
318
294
75
36
16
247
368
130
178
71
47
95
212
156
14
119
99
472
608
226
128
1
237
43
58
10
77
77
1
1
13
135
143
250
83
41
241
385
47
99
161
24
67
314
845
88
157
38
735
45
8
43
172
305
537
32
24
22
398
252
46
280
24
99
517
108
135
193
245
564
138
67
72
90
202
180
133
235
99
866
235
364
401
34
88
137
138
276
30
82
373
457
281
88
472
24
225
263
627
207
80
1
89
804
26
624
71
118
485
4
615
179
50
154
10
126
373
309
47
73
34
3
49
288
247
98
130
79
133
53
300
462
104
72
293
65
98
148
30
130
195
3
545
205
80
257
8
141
225
146
49
19
20
25
296
225
257
205
42
227
39
46
353
137
89
72
14
524
166
103
421
69
166
178
93
289
442
159
31
24
14
296
6
86
655
86
33
128
9
28
285
305
216
217
366
1
46
239
493
218
49
215
16
619
66
397
211
163
398
421
144
181
360
382
134
72
413
30
356
120
139
18
56
49
586
79
94
127
164
103
84
41
1159
16
30
2
471
39
139
175
72
72
29
267
100
65
305
26
6
195
31
99
155
623
8
152
30
209
378
106
199
158
242
34
216
34
74
122
38
18
898
95
88
27
361
308
269
310
119
655
257
217
60
151
40
106
438
57
111
311
145
332
50
129
242
48
10
24
227
297
105
93
154
118
61
92
72
124
130
84
89
588
86
361
41
171
10
83
430
374
22
201
129
26
251
283
99
640
21
440
42
473
148
6
461
59
91
301
11
584
316
24
266
36
100
117
303
247
87
373
122
310
158
308
222
60
24
40
35
701
365
31
189
62
7
65
41
57
18
336
120
457
130
138
32
220
111
137
277
173
473
59
95
137
54
166
436
192
858
272
275
308
102
57
170
265
9
158
362
356
600
215
246
116
464
24
136
133
27
265
202
71
24
24
292
91
273
2
284
11
146
225
53
498
950
70
156
217
58
135
208
98
173
47
414
36
9
306
6
189
59
188
348
120
636
39
20
279
263
426
282
448
129
108
8
371
543
22
347
406
600
827
275
59
226
18
374
29
127
169
88
3
225
70
161
20
9
114
34
1006
620
213
45
545
50
198
522
3
199
45
172
205
6
25
194
282
11
193
91
417
82
269
104
192
82
229
444
275
158
17
22
98
63
151
58
116
246
42
4
368
174
365
318
267
659
44
18
38
184
407
3
99
101
303
124
80
68
96
289
103
57
154
116
45
191
108
493
31
136
45
286
251
95
906
79
96
355
278
74
282
77
190
49
32
1
102
34
3
219
253
539
147
143
116
949
224
8
598
9
57
252
725
628
866
248
83
376
62
71
150
323
261
68
83
58
16
19
149
120
146
246
272
1
6
74
207
587
2
216
133
79
110
25
11
276
804
89
70
448
162
197
136
107
67
232
61
52
179
45
72
221
205
270
51
113
77
43
52
354
96
252
19
72
326
6
40
193
947
44
819
361
427
222
356
85
170
314
74
23
164
122
20
125
36
42
206
141
63
78
133
142
545
149
161
86
1
94
84
103
65
43
57
441
85
424
579
30
262
693
28
237
79
176
133
364
351
165
46
92
46
115
514
44
304
138
98
236
22
225
258
62
13
105
212
25
145
71
122
222
378
227
20
199
241
455
65
30
86
129
359
1286
528
420
66
118
1
32
339
104
203
9
269
265
161
1
130
110
113
165
46
39
1103
129
68
104
661
74
133
11
106
197
38
52
254
174
138
36
208
14
311
100
199
41
3
218
482
51
259
160
180
455
58
52
46
2
146
89
401
77
87
188
217
337
170
253
76
15
279
177
264
622
689
107
164
102
103
61
64
108
25
21
817
29
410
267
130
3
73
216
195
6
82
43
257
533
26
872
512
127
112
74
57
186
268
14
95
176
672
15
271
3
18
136
9
231
167
669
309
82
452
83
510
26
25
147
41
633
191
100
51
135
28
60
32
447
45
318
142
51
976
992
100
161
315
5
232
167
10
146
15
460
58
59
499
444
173
214
183
733
168
30
92
117
232
249
89
321
40
437
364
104
878
60
63
213
24
324
70
96
58
83
56
261
10
25
54
49
376
2
138
33
49
60
661
52
30
68
293
100
47
128
259
322
225
119
95
8
205
325
251
79
80
254
38
562
233
131
658
165
58
80
93
282
144
212
22
85
275
578
57
363
161
149
1323
227
1024
133
239
145
233
359
63
44
211
70
251
273
69
267
220
1239
83
249
233
32
29
10
82
422
1134
1039
192
99
41
395
610
466
23
203
40
927
68
160
276
95
337
9
228
119
234
29
94
42
435
182
419
296
125
5
230
145
177
18
231
103
325
32
87
534
102
145
268
126
43
119
104
379
196
68
383
118
117
274
176
96
421
293
84
41
193
938
204
152
115
48
49
78
345
430
112
335
123
16
61
8
405
406
652
42
23
236
855
52
346
142
62
111
149
87
119
5
111
51
36
320
228
248
579
229
94
111
435
43
23
190
183
438
141
1298
193
165
144
63
325
98
347
42
387
287
58
342
155
4
113
345
228
302
226
62
175
26
76
639
450
74
97
296
174
72
2
404
8
260
74
92
938
183
34
102
59
112
242
802
499
1
467
270
19
152
1363
452
321
90
47
150
20
987
155
156
941
210
2
85
85
9
38
233
48
202
58
186
369
10
271
1
399
452
351
296
286
249
118
743
56
51
88
2
179
223
10
57
181
104
373
34
32
124
3
63
19
91
60
22
122
379
122
94
194
250
471
163
149
166
5
49
147
195
279
27
654
90
185
167
26
27
175
376
143
146
587
137
51
277
9
10
106
208
31
607
103
166
165
171
230
513
660
225
48
168
29
119
59
227
24
143
63
126
1
359
707
87
78
21
40
368
44
108
132
375
78
506
100
211
549
33
3
52
255
278
415
34
581
99
819
351
248
119
241
41
189
89
155
239
234
32
135
311
4
11
518
122
266
335
269
64
440
124
279
141
640
42
5
176
87
46
28
188
271
16
12
25
193
145
234
412
359
12
214
360
155
199
121
15
83
142
166
336
1
144
189
94
169
15
30
32
53
885
32
109
299
120
545
46
699
55
91
321
277
177
33
76
138
223
59
432
75
50
623
289
168
36
291
10
214
364
231
49
44
234
625
56
182
644
492
130
77
74
752
855
211
369
108
215
88
156
773
228
10
148
710
241
187
25
407
82
158
60
18
64
163
20
580
220
47
84
154
12
9
85
106
156
738
63
390
98
70
119
283
362
34
76
203
70
383
498
7
206
303
121
259
443
90
353
718
395
363
224
74
37
54
339
3
36
94
216
387
26
49
118
40
79
129
386
593
74
285
603
370
656
26
434
749
262
90
93
91
183
512
96
248
25
249
7
186
31
253
32
281
168
263
112
73
250
12
265
405
186
138
121
87
431
161
90
37
160
9
9
504
56
28
53
43
74
1
33
129
91
21
48
411
153
41
29
219
36
37
450
80
30
659
137
18
180
64
7
180
45
180
1090
460
274
81
82
38
58
89
36
95
75
348
223
135
495
196
33
61
110
71
192
53
590
288
1
6
397
242
98
150
196
532
56
8
217
199
32
6
152
274
490
156
13
111
238
394
246
354
473
162
372
34
151
119
40
52
264
207
14
129
63
46
401
234
202
154
30
84
125
26
364
389
19
213
65
209
314
47
989
70
221
134
92
222
185
335
15
103
71
394
38
119
387
355
11
50
395
14
469
2
113
298
610
21
49
435
49
122
337
255
610
51
162
125
150
809
33
30
569
11
32
16
262
240
225
174
108
182
123
293
71
94
153
65
278
181
223
401
273
7
643
163
392
162
148
88
120
123
352
43
50
220
170
34
456
147
181
182
64
187
332
58
57
108
185
438
45
43
221
236
73
310
294
372
17
539
94
141
397
230
205
262
108
119
251
114
110
110
351
1010
7
284
30
176
62
81
332
367
90
120
62
547
554
82
28
229
16
260
284
259
17
121
541
123
31
77
163
251
204
31
528
379
48
66
144
78
126
150
223
80
99
213
93
201
67
148
61
29
102
6
36
71
2
315
101
14
22
505
516
63
132
194
323
49
105
25
368
129
165
200
11
149
156
328
263
70
170
103
273
52
242
200
505
667
34
558
12
44
20
190
134
368
132
7
232
23
76
547
431
150
376
137
34
164
33
195
553
442
197
60
136
753
256
15
48
598
192
87
71
128
1369
129
283
203
284
291
38
146
256
25
55
113
50
42
150
154
219
156
111
404
397
175
288
86
71
175
11
555
18
243
363
132
333
72
20
82
5
111
43
101
143
291
86
185
37
870
13
152
187
255
128
30
70
20
35
66
89
29
76
18
368
445
269
308
185
191
238
19
177
360
4
222
216
242
140
558
292
104
1076
177
186
8
45
18
151
258
201
229
521
103
243
3
292
7
107
474
160
208
188
141
87
8
64
53
55
125
351
315
242
36
479
249
95
18
175
163
286
199
128
113
26
310
295
334
83
122
188
84
489
86
255
224
335
72
491
582
106
76
71
1000
54
46
258
431
266
39
110
414
308
40
74
95
32
105
492
10
191
250
110
161
12
102
289
32
13
22
59
205
114
52
267
361
53
231
247
11
177
84
95
346
883
680
27
81
76
21
94
277
60
173
70
712
112
41
76
591
299
30
551
25
214
453
323
18
33
914
129
30
529
81
567
217
87
321
54
18
4
108
53
107
150
8
2
1
172
336
315
168
55
81
645
31
151
271
1163
705
9
252
751
4
390
195
124
25
118
243
77
96
281
201
108
3
61
70
231
3
31
26
124
668
77
346
217
121
176
448
226
45
158
228
144
162
164
101
26
95
116
528
93
576
23
274
241
746
476
307
323
84
395
210
112
168
132
655
256
281
124
46
7
560
467
496
258
167
76
165
577
23
21
561
282
126
278
125
239
49
138
32
37
70
164
221
207
65
306
80
37
258
428
58
21
355
585
230
184
373
138
272
333
118
294
110
36
187
125
49
400
21
218
57
583
33
35
36
466
121
421
250
90
1
221
75
281
792
22
120
126
34
172
68
114
816
106
65
204
971
24
34
142
128
196
37
202
34
224
360
371
543
3
28
5
47
264
104
262
687
97
485
1
50
25
59
94
317
164
196
167
50
214
32
294
208
44
48
17
147
48
23
589
5
5
331
47
485
18
59
179
363
106
764
50
269
296
113
8
108
87
331
222
382
33
299
207
103
314
451
128
112
808
27
156
136
85
45
76
221
344
73
276
22
99
303
131
97
69
76
221
387
148
99
5
111
273
87
652
826
107
653
84
6
65
270
318
175
2
731
18
1151
31
257
123
274
25
218
135
307
147
27
90
177
100
31
10
117
227
453
103
25
214
92
168
118
134
155
257
1
197
4
189
97
82
100
343
51
866
44
71
159
101
321
10
162
420
13
137
94
68
34
133
765
252
69
92
287
21
340
40
539
109
115
78
67
304
492
301
120
949
37
71
57
586
1078
144
38
136
93
129
216
1
176
171
53
94
26
75
9
230
179
404
4
44
162
923
26
631
189
25
342
248
173
51
111
72
19
94
77
84
138
112
248
85
92
427
1007
2
131
72
73
504
181
81
95
88
493
269
69
114
148
126
42
77
212
34
177
224
40
21
85
27
21
33
464
547
105
123
396
182
43
179
160
169
67
637
180
449
67
7
33
418
104
73
429
178
359
145
49
95
15
1337
16
29
9
297
174
131
76
45
452
241
77
301
269
137
350
815
254
104
204
221
9
8
268
596
241
421
304
15
287
345
73
52
314
58
110
301
14
310
114
377
197
131
26
320
328
208
26
131
65
14
41
328
58
299
252
164
468
32
95
556
204
141
26
307
59
660
158
813
201
279
337
837
10
234
20
549
210
15
294
92
61
215
81
545
12
7
59
31
52
588
251
168
53
4
139
143
230
84
569
163
157
92
53
8
202
226
569
341
31
474
23
107
27
161
259
447
232
369
885
159
412
110
25
284
452
11
27
19
302
12
89
2
3
256
41
66
77
97
180
108
26
100
40
50
325
249
50
397
88
85
63
126
143
73
25
212
615
97
102
10
242
90
285
43
54
918
412
348
142
84
43
9
101
383
281
55
234
237
434
92
53
286
37
115
66
546
127
267
240
440
121
288
17
26
80
72
91
119
54
199
15
231
22
88
269
248
76
292
211
212
5
66
124
107
127
368
310
54
32
368
99
155
29
120
5
302
128
420
153
125
508
139
88
29
480
88
454
131
14
570
5
82
30
331
35
253
235
464
24
255
84
30
60
101
1165
38
19
96
331
331
365
136
71
17
38
1491
107
100
176
297
523
274
188
16
690
144
102
39
11
233
323
143
127
32
137
190
81
352
78
164
40
78
84
21
119
396
320
45
200
33
132
69
157
1
227
336
124
69
54
101
142
24
401
73
34
261
65
116
29
37
52
159
208
859
17
500
40
39
821
53
327
220
56
352
65
98
737
16
305
97
232
15
250
516
312
107
57
18
265
51
27
307
302
38
133
256
11
242
4
46
587
44
100
76
132
65
45
105
247
733
78
98
267
828
12
263
150
256
333
292
700
102
272
24
111
371
43
307
53
67
47
657
94
307
15
339
318
195
24
110
163
54
233
51
85
5
205
713
137
256
30
220
13
137
32
112
16
173
132
303
165
178
244
78
109
66
265
54
267
565
153
202
219
35
242
39
114
37
68
546
176
137
260
5
10
31
47
390
24
790
70
212
586
208
43
824
246
166
137
780
355
104
240
19
211
211
105
389
455
131
152
278
34
253
73
105
546
11
149
92
96
58
298
239
62
169
15
142
80
22
234
324
171
66
164
221
184
47
15
54
182
28
202
100
7
214
338
278
248
9
105
290
47
40
72
158
92
169
123
68
378
704
403
319
113
514
308
24
14
498
38
189
91
93
172
228
144
40
108
77
77
4
441
246
96
34
124
39
13
611
43
164
70
346
320
104
355
313
297
915
15
125
105
203
1245
163
11
64
90
267
134
257
225
735
257
236
33
34
14
482
31
25
346
106
36
488
128
105
39
112
200
259
22
27
240
74
63
29
128
228
330
97
198
498
220
3
95
13
58
280
31
108
86
160
199
295
111
19
21
530
367
128
42
175
27
292
41
653
480
202
723
57
163
288
213
45
32
75
8
1024
401
26
548
241
107
371
185
105
146
316
21
118
35
217
945
220
167
395
49
66
199
241
105
38
302
24
186
49
562
35
189
150
218
4
491
26
4
224
121
554
84
13
26
292
115
347
74
529
77
124
94
67
22
11
86
133
24
62
262
584
363
525
260
151
300
320
287
92
354
336
192
342
65
146
7
11
614
421
26
36
280
51
119
86
697
143
17
15
220
208
142
258
183
18
260
255
325
107
96
133
128
28
54
88
35
99
479
328
616
368
30
3
242
99
121
40
374
882
192
212
4
64
197
51
612
44
226
214
336
103
445
391
156
177
40
234
72
134
12
407
211
345
300
606
127
322
194
367
75
137
229
323
48
286
1189
124
184
482
88
274
85
471
204
49
184
54
9
338
134
52
1236
114
52
5
41
75
354
441
102
259
492
29
257
519
290
76
280
321
46
821
62
53
104
211
40
199
42
51
26
167
660
189
127
7
357
272
49
61
5
231
122
175
39
20
472
67
214
267
55
560
104
60
197
47
126
658
68
145
328
315
116
192
119
53
111
155
178
93
120
336
280
328
229
138
173
223
24
703
84
110
5
539
323
222
94
190
130
285
683
199
514
67
273
135
27
68
10
40
175
98
43
349
46
127
40
466
175
56
579
542
268
88
448
38
695
58
38
50
375
161
113
17
797
26
138
161
211
164
261
144
412
95
119
1180
6
131
66
170
189
68
259
634
55
26
382
99
120
28
98
214
123
118
24
75
99
350
420
2
33
111
18
120
133
1
635
417
80
56
146
196
12
94
136
225
239
447
27
222
281
145
26
98
217
30
218
25
149
5
307
496
49
391
571
56
107
9
39
376
241
280
217
149
66
37
2
164
118
117
33
114
90
259
40
255
65
521
633
196
265
108
362
37
474
112
90
132
196
84
65
32
43
184
236
16
191
112
273
522
65
29
178
120
255
37
22
336
179
236
19
77
81
334
93
141
281
68
187
25
10
398
32
373
80
685
332
113
89
1414
461
567
121
495
79
354
57
84
30
218
89
499
89
4
185
24
116
144
284
44
38
108
175
210
102
403
21
200
113
18
305
358
99
188
249
86
122
6
78
365
58
24
332
226
72
446
321
72
345
191
97
139
283
4
22
368
90
725
669
669
43
405
26
672
377
300
59
170
70
366
74
85
30
367
202
203
217
119
31
128
2
18
169
31
71
443
118
224
18
296
384
533
620
699
173
151
197
31
275
78
96
106
148
208
44
97
1165
13
104
156
347
321
47
8
255
210
535
85
109
128
80
251
36
19
312
487
82
280
317
54
82
550
127
52
61
190
165
24
151
322
252
91
1
164
88
113
247
35
6
9
320
216
176
20
282
177
943
167
150
612
32
117
194
82
151
25
303
49
15
55
81
74
1258
124
324
25
21
15
419
100
37
814
80
281
11
11
700
39
15
31
64
158
41
824
232
9
285
60
75
145
69
357
718
197
413
251
78
541
322
182
8
217
33
144
256
90
215
167
188
43
289
43
210
8
30
537
16
37
167
35
11
220
141
311
135
99
40
88
199
166
162
141
127
422
1227
77
218
41
9
125
577
170
4
197
245
7
623
44
323
108
173
235
37
514
247
393
100
353
800
614
282
214
36
27
512
159
602
115
324
5
165
109
253
368
1133
229
125
50
72
152
86
20
209
11
319
198
197
203
211
293
161
111
244
605
34
204
191
292
126
56
285
289
71
559
30
26
20
591
477
101
163
156
220
19
366
317
9
49
237
162
250
197
100
7
118
68
290
14
53
52
50
122
27
100
10
97
428
27
494
88
1040
115
351
218
40
445
116
331
743
49
15
442
135
107
48
94
507
179
645
63
518
47
23
31
120
871
80
622
22
35
67
40
209
78
532
42
299
177
612
81
205
61
197
293
91
267
607
102
8
435
109
633
79
182
55
247
63
255
94
239
105
28
56
9
288
26
105
56
335
377
22
570
10
13
655
35
42
314
287
102
226
69
157
232
146
395
611
476
15
386
31
138
437
152
12
465
45
1044
147
326
25
576
357
167
39
113
99
401
65
94
3
2
230
4
119
379
15
14
321
358
78
279
71
19
20
121
47
14
312
47
55
235
847
268
72
126
695
66
555
158
110
408
71
46
407
91
702
233
2
417
159
520
121
398
55
10
11
173
100
42
81
22
62
166
41
233
439
60
87
186
90
240
416
60
111
74
5
265
220
67
358
156
42
686
402
267
16
313
57
42
151
60
182
29
3
530
559
368
44
450
45
139
27
218
91
25
110
892
449
193
333
168
143
477
519
18
536
3
199
176
207
32
285
190
77
357
191
30
640
374
8
225
95
33
111
197
19
186
153
59
46
186
101
74
130
109
42
279
874
110
122
154
221
503
115
549
46
360
509
95
107
553
118
56
243
367
35
192
242
135
53
122
209
92
29
26
205
24
196
301
84
319
342
181
50
169
30
59
529
402
142
234
563
593
230
174
685
573
632
141
84
28
44
70
422
231
120
126
93
190
20
78
63
12
243
163
216
274
211
538
30
275
216
614
209
73
49
4
539
524
37
3
186
126
80
327
150
109
140
207
144
31
228
439
4
50
335
13
351
237
1048
232
115
99
99
450
25
6
272
54
80
88
373
238
167
10
279
95
42
154
34
324
95
147
232
78
318
99
169
177
5
59
102
170
106
327
110
17
97
258
38
56
379
428
301
640
282
3
332
268
112
19
935
531
273
34
199
330
312
297
25
125
5
396
75
890
189
20
46
508
717
187
199
104
37
60
126
11
42
18
13
638
302
50
78
395
397
10
59
430
33
220
75
390
14
156
104
229
162
118
459
225
396
129
127
111
486
80
27
14
80
177
66
122
274
40
37
64
120
321
144
111
1076
124
266
308
394
492
166
266
259
34
100
116
141
255
59
88
236
6
241
541
29
118
125
897
321
71
63
234
235
183
176
210
108
203
232
22
177
44
446
176
175
185
68
35
344
82
298
175
17
100
369
115
1
36
357
216
96
2
21
128
56
53
399
27
127
300
39
143
441
43
254
1
160
62
461
193
45
452
7
373
192
155
530
44
356
383
339
501
450
351
345
355
52
17
669
285
40
160
583
161
437
74
177
24
5
249
65
120
140
175
57
51
334
234
12
228
642
47
15
161
258
96
86
340
55
24
256
324
156
255
119
192
36
156
60
92
89
187
38
28
11
36
404
31
32
35
8
45
48
149
126
240
48
93
70
80
83
447
41
379
148
33
379
557
298
129
250
175
441
248
13
717
208
1314
161
92
14
86
102
470
410
232
20
358
226
188
958
23
12
177
194
368
11
313
10
179
55
71
34
472
501
407
32
31
159
11
40
2
917
289
102
319
240
39
61
303
102
899
140
263
98
576
149
13
6
234
212
138
159
306
1076
354
248
7
82
206
135
399
377
148
73
988
1
253
499
14
139
243
201
141
181
201
326
76
184
29
79
830
919
108
36
73
422
43
141
54
63
79
227
177
418
246
89
259
456
87
51
5
163
25
184
56
292
17
56
203
301
6
306
487
24
628
3
351
215
39
141
190
70
426
302
621
322
245
131
272
137
51
300
75
100
400
135
96
52
43
22
119
45
13
46
322
300
170
135
475
106
73
436
100
133
378
541
72
94
1
644
504
496
251
48
305
44
33
125
43
475
517
62
415
53
448
93
15
130
161
126
240
112
120
316
440
199
188
277
162
168
113
12
51
2
8
197
441
92
146
207
9
122
17
14
205
120
148
5
54
108
9
64
577
51
344
83
148
54
97
73
52
173
35
1
253
82
57
179
224
151
374
29
101
55
73
78
13
220
70
413
477
144
4
253
863
150
738
183
318
153
57
31
115
339
248
1038
163
39
60
31
295
149
91
983
325
86
20
75
11
450
460
187
312
106
74
14
285
68
336
198
75
126
22
66
441
478
567
45
943
153
330
311
106
106
208
60
494
176
294
305
23
95
93
418
226
127
174
14
309
227
173
117
293
241
247
45
434
244
12
277
91
27
137
141
109
125
186
535
129
129
147
602
80
168
18
71
123
292
87
513
43
18
393
7
601
193
221
384
77
64
189
279
25
100
279
265
48
41
140
823
76
61
90
141
105
32
285
125
26
22
749
76
234
24
178
85
272
78
110
217
227
455
135
66
297
135
391
99
324
68
568
88
91
464
35
184
199
1
125
525
272
1025
214
100
176
176
8
76
26
202
60
144
10
18
532
95
657
70
552
386
316
244
406
629
209
18
197
393
411
61
184
50
136
224
116
294
307
159
351
354
34
21
72
290
20
162
145
10
104
102
615
754
98
179
171
219
67
45
74
95
188
57
517
354
204
20
47
152
305
61
506
280
2
652
153
57
21
59
37
65
473
26
255
17
94
77
238
79
132
93
187
248
469
143
152
52
155
539
239
53
220
48
196
495
555
48
295
59
489
84
33
2
95
133
441
572
31
129
47
279
158
115
286
446
109
351
393
364
208
172
132
439
26
20
177
25
71
156
224
159
1
44
17
36
341
57
643
355
220
415
113
263
415
582
381
110
105
41
236
15
141
30
836
1278
111
353
326
27
151
91
276
91
108
108
480
197
78
417
64
126
150
157
8
4
637
39
331
62
252
307
34
68
285
118
126
147
119
161
189
227
39
337
85
105
316
342
552
58
16
164
3
9
442
258
7
79
98
27
104
392
310
13
255
357
31
9
8
423
213
196
236
132
401
274
212
370
95
117
327
386
88
46
48
51
146
439
292
87
359
137
58
23
213
214
45
3
131
46
206
740
22
191
15
47
80
260
250
75
1189
155
139
55
157
115
268
30
288
254
573
280
16
256
329
99
587
115
281
21
239
477
17
39
118
78
25
140
96
11
105
516
17
175
87
34
22
184
75
99
172
25
183
35
794
619
95
155
437
131
431
84
327
395
931
75
523
280
157
759
560
257
121
59
207
62
7
83
184
287
135
10
138
46
26
35
142
13
23
414
69
20
114
614
496
133
384
232
99
32
104
48
3
128
112
87
73
139
165
134
234
240
228
210
221
79
54
80
249
198
880
38
169
314
181
25
53
511
1053
16
61
574
22
285
239
273
266
259
62
107
72
62
26
488
28
45
339
7
3
44
270
635
381
229
258
77
457
787
11
7
176
254
172
343
95
29
43
243
202
90
79
88
598
74
266
196
521
39
62
24
412
61
362
17
95
26
88
199
50
220
286
100
203
79
602
216
78
347
307
54
52
250
432
443
166
51
128
296
2
147
535
161
170
1
82
264
17
226
211
462
307
62
375
73
2
16
184
170
92
67
389
554
120
241
523
331
151
173
91
3
35
208
80
172
49
383
219
96
82
1
102
151
33
352
436
303
103
189
82
420
67
569
437
30
21
247
8
24
177
505
153
255
948
115
165
191
58
52
87
45
85
51
733
28
53
98
161
163
89
12
162
27
44
42
118
406
317
184
98
6
338
283
45
953
776
55
80
78
126
139
2
21
36
536
88
151
65
542
188
19
63
860
59
15
165
98
43
448
4
243
275
933
203
168
225
204
113
420
514
167
1165
4
86
231
230
42
22
307
422
114
497
158
90
125
6
241
42
403
441
234
19
332
132
221
342
323
91
43
140
202
53
117
78
21
39
72
210
149
94
36
790
340
112
346
254
1
12
48
53
528
98
120
35
42
159
552
129
414
293
476
42
63
265
60
62
5
99
1258
207
549
536
35
400
872
42
151
60
185
24
6
39
368
198
20
57
167
137
453
12
38
132
277
81
2
141
157
888
9
786
162
20
447
25
129
35
336
83
939
269
252
171
304
404
367
211
58
43
32
126
397
91
10
43
105
191
157
48
9
1
97
7
125
64
81
413
8
352
29
24
60
296
65
103
80
132
29
180
64
236
186
46
94
155
351
225
69
170
8
24
256
36
53
263
540
69
214
266
1118
43
282
364
21
331
226
34
276
160
444
226
54
67
17
7
40
14
321
333
147
171
27
14
290
219
278
85
452
24
271
354
249
474
122
554
1017
31
307
857
81
544
61
50
516
85
38
435
61
304
52
168
576
363
463
149
172
11
14
55
1
154
526
426
291
728
769
523
33
484
548
205
178
381
88
207
379
22
682
66
326
382
82
1
27
110
561
149
301
45
63
420
192
47
6
46
656
269
8
107
135
21
540
123
59
388
58
120
55
197
2
79
50
319
80
66
85
53
65
244
47
86
114
336
351
194
79
249
78
447
76
22
212
151
10
94
66
380
1
56
8
348
73
262
31
131
92
206
186
3
109
71
528
13
177
239
117
23
165
467
17
126
125
312
1
413
5
482
351
16
196
250
479
121
86
317
108
22
179
115
196
89
84
27
49
60
266
63
785
370
632
423
240
363
22
91
190
207
14
43
69
26
22
212
55
25
18
108
24
48
22
22
366
245
134
184
169
45
378
90
234
380
45
80
381
258
340
333
67
45
390
539
64
503
102
584
28
58
550
17
143
245
728
36
106
81
296
272
242
133
405
478
151
1070
119
155
115
44
38
47
153
269
157
117
184
272
114
168
103
31
315
405
26
339
58
58
47
90
172
34
159
13
242
538
40
852
76
98
166
212
230
259
181
75
270
193
76
48
21
176
180
533
3
122
217
27
554
17
359
283
277
7
61
52
52
160
9
94
469
85
168
385
384
200
111
320
152
644
230
69
60
37
673
175
110
25
17
162
4
125
182
81
189
39
48
187
70
701
53
164
295
132
1
445
32
67
235
549
128
163
40
66
272
167
137
503
76
244
153
93
116
74
151
269
590
655
1060
41
248
139
176
299
586
121
202
46
872
30
310
72
176
20
144
362
88
30
418
184
124
231
104
42
26
192
96
130
4
95
108
66
62
154
216
24
533
145
122
173
308
264
349
75
89
371
180
600
388
79
149
29
19
22
69
648
560
130
195
439
159
1016
141
164
250
169
262
136
234
145
224
30
473
252
200
53
279
229
166
647
908
219
172
407
459
187
2
847
284
17
117
34
261
778
142
7
296
42
309
235
216
449
249
87
234
343
281
37
44
15
300
160
123
316
424
1165
14
114
180
472
101
243
276
75
51
21
440
11
29
15
157
78
275
233
50
8
117
411
124
15
179
14
333
269
556
115
2
163
53
107
72
246
208
259
36
51
37
240
82
77
122
933
112
368
79
148
12
86
117
316
267
266
71
78
122
463
15
106
58
112
137
706
185
255
63
190
8
191
35
266
275
406
91
337
180
162
54
195
74
314
536
184
67
324
33
19
261
276
128
202
192
81
117
28
43
193
935
529
111
9
62
278
57
19
124
140
469
187
312
326
66
48
27
103
149
278
122
45
388
82
252
24
358
369
24
138
795
108
145
80
25
473
5
423
40
244
73
23
593
904
293
129
132
316
47
103
184
477
839
19
69
13
89
589
85
92
5
68
21
131
140
166
188
124
118
383
21
314
115
305
7
153
109
206
217
16
79
447
95
118
773
311
242
225
491
82
77
36
35
70
446
143
181
129
26
316
1
1012
306
289
87
290
40
506
125
463
298
532
185
63
111
93
32
492
733
60
412
165
202
81
681
490
533
164
99
1444
180
369
204
50
53
96
151
100
28
221
17
117
1119
174
27
3
10
159
221
230
49
57
233
2
459
335
94
30
1209
3
126
38
229
97
294
10
217
275
103
20
86
31
540
11
257
179
604
245
60
224
43
467
280
107
308
35
113
101
288
156
21
192
91
24
286
9
64
171
140
74
97
101
4
161
30
24
168
402
23
3
313
70
352
744
27
422
163
171
64
246
1105
73
123
117
179
9
519
68
140
140
106
385
380
478
7
595
70
177
91
217
178
246
22
320
37
455
21
22
92
518
40
52
103
44
147
500
198
65
925
110
65
27
60
148
33
86
3
53
123
10
36
169
89
206
91
108
60
60
213
452
158
676
198
63
294
174
558
331
518
48
134
186
426
81
29
310
180
145
70
30
36
212
55
153
86
296
128
52
198
55
924
104
99
160
340
1155
93
106
183
52
454
89
219
358
16
182
86
129
127
75
534
58
104
35
16
357
124
32
6
32
62
194
150
27
38
193
216
108
542
56
183
197
529
73
137
593
17
1151
112
276
6
260
241
1
212
484
95
20
167
457
91
570
198
294
460
444
28
49
314
95
217
48
59
328
95
268
219
203
182
45
26
26
136
378
20
214
370
380
17
69
138
63
152
50
209
213
678
440
124
127
166
169
52
14
22
476
165
117
175
111
305
127
100
115
11
386
79
82
96
144
78
264
15
176
70
112
254
356
324
206
86
187
10
153
292
29
449
109
300
68
93
234
63
213
112
467
400
4
78
984
30
5
128
17
12
62
29
396
248
121
241
4
534
600
7
210
443
82
187
37
67
56
420
207
35
48
198
12
13
246
263
114
123
24
24
83
45
351
60
218
617
62
38
53
79
486
5
31
225
44
114
81
73
94
218
86
5
40
192
304
264
97
522
73
34
19
8
375
49
423
179
333
60
188
599
364
186
1941
59
16
219
350
303
110
10
363
3
247
447
43
54
73
592
182
949
20
141
397
65
71
311
27
293
29
435
107
826
267
351
338
221
91
418
544
66
73
225
422
517
128
66
133
156
46
271
1306
264
30
60
566
14
258
167
90
34
71
177
48
117
38
2
11
528
291
313
344
305
40
78
371
26
52
35
422
333
98
25
81
223
188
202
110
391
140
37
130
354
341
168
26
250
265
28
140
110
422
90
95
87
184
19
38
7
108
729
315
158
26
9
113
12
153
77
951
83
87
41
123
177
11
142
385
103
87
33
10
57
32
2
21
65
123
12
98
351
75
203
55
123
1
122
51
369
298
124
560
101
83
39
96
584
46
161
257
82
71
1
216
52
380
193
12
12
895
61
26
94
9
151
341
132
802
64
268
250
9
236
31
32
407
217
109
31
75
77
198
161
44
168
107
465
28
162
541
110
295
252
19
62
167
140
266
296
87
92
18
15
431
22
16
504
238
31
360
27
63
442
14
78
2
251
128
151
598
205
1136
74
261
102
23
345
240
417
302
242
271
177
131
6
243
58
320
64
491
16
903
170
328
346
27
26
8
64
19
19
30
38
24
427
28
60
16
15
20
115
83
389
29
274
51
110
266
38
753
719
660
462
82
411
139
30
136
209
546
9
195
64
86
496
262
147
176
48
1180
288
58
116
100
11
381
198
254
333
14
89
398
2
197
3
109
30
292
78
116
350
239
311
144
138
19
22
475
343
11
31
677
92
143
189
144
75
163
871
121
127
194
306
73
179
6
311
428
43
415
84
367
313
216
59
72
456
250
115
68
184
345
471
37
16
12
32
411
426
61
158
3
98
38
425
271
31
207
165
123
178
526
196
35
456
141
30
193
79
106
18
22
455
157
79
434
312
499
248
52
53
76
906
17
65
82
162
48
75
67
204
719
180
422
13
122
257
60
26
43
86
49
235
43
666
46
43
136
31
687
113
555
9
109
795
112
169
168
40
83
632
23
71
87
42
148
6
95
13
68
368
365
61
4
90
749
65
27
63
123
127
516
476
595
50
190
32
501
108
39
184
86
37
189
307
186
17
136
86
39
505
73
491
130
15
151
223
130
149
906
66
84
365
85
48
328
430
66
18
146
230
72
27
12
56
209
75
375
232
66
81
233
154
91
505
24
141
79
221
74
193
332
529
325
7
204
428
206
95
33
90
65
623
544
153
411
243
104
13
65
34
45
279
85
88
413
105
374
2
341
402
224
234
591
424
179
161
10
515
43
59
70
141
85
156
484
17
322
68
107
41
44
84
114
376
40
11
170
454
412
272
61
57
95
18
24
292
159
192
220
335
300
71
28
5
675
125
478
129
116
597
161
323
875
352
844
80
329
141
158
412
132
182
282
62
331
94
84
45
189
36
113
136
76
141
107
97
129
125
119
476
739
411
8
1453
31
482
253
93
118
353
52
314
12
38
56
367
644
84
8
272
334
376
25
94
76
19
58
6
71
1
445
7
45
119
116
365
54
186
80
198
460
85
101
17
16
311
143
90
107
932
540
577
65
10
87
85
439
133
19
92
645
63
121
743
133
69
218
84
550
209
90
47
172
181
36
28
22
133
42
232
83
159
23
76
50
390
182
276
262
85
252
301
17
33
40
80
331
53
637
142
3
135
48
243
126
85
1097
71
326
5
280
31
144
120
860
80
636
19
37
105
29
156
63
186
92
64
714
33
266
79
515
71
79
74
22
36
37
172
242
516
559
418
147
149
70
91
82
115
452
66
48
189
809
37
52
37
197
707
168
713
110
367
138
207
350
937
25
24
381
133
112
73
89
56
212
21
205
37
62
12
152
223
266
24
287
150
106
273
282
71
161
316
198
62
648
119
165
33
38
153
73
136
222
244
2
8
34
182
22
619
53
172
124
55
171
30
157
34
807
179
274
7
86
18
238
75
572
173
221
24
6
455
447
54
62
91
514
449
424
51
348
10
8
85
93
223
107
97
1012
313
123
526
231
217
54
297
168
460
107
419
98
522
70
28
176
169
101
135
56
36
146
207
157
805
337
231
9
94
308
2
95
104
232
585
277
103
78
64
303
40
232
32
8
90
111
194
545
171
176
59
41
500
186
1
180
144
12
446
85
128
13
209
158
40
402
327
49
40
168
121
124
144
109
38
11
453
250
56
21
154
243
323
16
586
148
469
456
188
180
52
59
331
122
103
601
148
155
200
119
209
299
216
81
133
190
231
549
269
70
81
340
714
650
56
80
285
138
112
751
126
181
494
355
602
7
362
201
10
177
148
476
38
181
241
248
447
192
106
73
335
34
232
115
190
500
216
119
174
180
26
574
137
175
35
52
40
237
966
53
185
55
156
33
369
143
389
141
286
25
5
389
284
25
175
431
105
128
22
8
89
259
943
141
79
108
26
240
136
42
95
738
56
15
257
346
123
393
421
50
80
31
40
100
542
382
285
235
149
406
178
313
285
209
151
646
325
71
556
176
190
23
647
233
57
922
15
221
160
342
793
608
10
17
138
322
109
413
112
738
88
237
22
139
36
651
229
46
1219
301
252
78
751
428
43
309
24
62
163
148
88
106
383
101
184
205
168
14
3
155
62
121
138
425
187
9
225
23
411
261
44
277
150
118
271
320
823
67
162
137
26
75
366
137
209
354
428
449
573
62
53
10
108
114
307
243
5
102
25
94
903
188
461
120
107
172
307
733
252
307
143
197
221
14
229
310
896
30
1
57
34
169
74
118
140
340
59
302
55
203
5
446
100
149
361
122
97
114
240
96
55
134
27
601
18
447
66
363
701
314
72
120
235
57
45
195
187
22
39
16
26
512
213
202
470
274
573
235
108
357
318
345
413
42
303
22
47
3
282
9
33
387
78
183
5
212
172
74
66
94
5
444
140
144
966
110
349
29
97
111
125
225
24
627
104
62
13
13
388
256
570
203
167
943
366
29
173
56
353
17
158
77
139
429
40
282
262
486
499
31
155
63
117
659
100
67
20
246
300
32
339
110
101
249
246
120
370
362
284
167
15
88
454
48
149
9
509
21
66
191
108
350
1
39
53
312
24
30
215
18
626
6
364
187
100
43
159
18
155
360
546
60
27
102
69
526
54
246
126
18
303
417
4
353
182
118
235
84
122
248
72
168
376
248
206
393
507
374
148
80
87
183
118
11
158
78
35
526
840
165
146
83
17
443
461
99
88
254
206
465
81
6
227
488
492
160
511
395
239
70
153
51
533
567
183
305
181
15
100
64
87
196
279
179
279
239
240
82
153
821
420
371
91
682
515
131
370
56
82
97
33
900
627
100
30
5
221
92
61
115
90
189
28
63
334
217
18
38
148
21
186
169
35
202
458
55
204
49
153
356
142
70
111
55
202
13
12
84
464
342
57
14
467
43
80
47
74
125
18
9
585
236
60
33
47
366
1502
105
447
218
24
239
8
162
102
42
425
10
873
276
143
58
705
115
77
384
40
137
349
2
133
421
4
264
106
269
265
24
119
418
51
639
492
169
135
49
209
346
128
285
121
112
227
398
174
418
95
6
30
153
480
99
261
19
59
112
41
243
101
46
273
444
202
359
140
148
102
113
133
791
215
45
42
491
163
618
535
161
78
275
402
14
17
331
763
524
201
171
541
273
355
617
23
158
186
190
214
699
62
116
539
83
34
666
34
18
61
492
186
131
400
197
59
40
348
161
26
138
188
169
51
484
207
73
131
298
16
47
92
223
166
171
264
109
34
57
150
35
438
52
456
146
41
428
105
74
182
1
282
270
22
102
365
182
105
68
144
88
125
30
390
262
262
64
85
177
73
359
241
242
135
128
351
90
507
79
212
51
348
202
46
118
141
209
309
154
219
5
175
489
208
141
163
181
39
10
618
10
264
22
69
194
20
77
28
165
45
88
152
10
457
5
143
55
222
135
68
333
516
264
310
489
744
2
26
11
67
149
123
386
7
5
28
37
235
151
58
140
182
672
331
55
41
353
112
182
527
237
309
370
220
260
556
220
64
564
108
56
99
106
128
474
61
36
62
560
58
698
94
109
39
278
125
187
1
331
115
366
16
195
573
102
83
107
168
80
344
42
156
205
338
143
82
568
603
230
712
413
242
178
98
98
119
444
238
72
221
337
262
27
94
54
203
180
89
69
518
445
96
53
321
14
372
255
22
158
22
82
268
59
590
115
450
78
106
37
516
339
116
314
52
125
163
17
675
420
24
607
796
46
39
31
255
236
261
8
159
31
40
127
64
244
389
209
53
966
149
578
310
886
162
302
163
242
351
72
57
11
594
18
111
586
460
179
11
5
234
156
36
2
27
6
139
45
63
124
118
1
250
43
31
1691
50
481
16
152
387
203
4
60
44
129
217
211
253
364
285
479
499
108
36
58
82
155
167
11
910
46
72
328
95
126
13
95
190
106
380
136
304
109
7
804
32
885
341
233
60
269
6
161
170
539
129
360
234
30
358
499
319
71
67
237
97
503
366
844
412
182
224
665
48
172
62
12
13
183
268
65
196
272
60
136
302
123
278
165
151
157
435
323
114
59
181
330
14
71
899
9
25
439
12
38
52
196
466
209
36
93
846
128
97
447
15
191
202
122
88
16
220
15
150
10
191
232
35
28
51
563
56
21
108
313
50
40
92
226
90
66
214
121
369
41
171
348
75
32
47
129
95
408
96
203
298
85
5
71
194
132
29
304
159
12
354
469
24
468
211
116
64
336
244
22
74
35
243
293
8
215
151
37
195
65
108
268
406
259
74
428
82
154
155
86
16
36
93
518
103
21
165
49
130
120
118
215
22
866
273
160
149
15
185
65
190
128
1209
129
63
168
20
81
97
331
206
285
47
1
7
205
126
91
10
457
10
271
793
164
221
22
31
175
64
202
103
201
180
131
330
154
208
180
655
199
166
212
28
263
165
143
288
548
107
31
152
737
64
173
98
83
34
312
336
429
1058
646
393
38
149
36
1
48
460
397
130
387
99
64
30
170
603
628
135
308
13
253
471
151
209
44
242
191
118
37
29
11
198
1012
445
486
18
52
46
94
31
309
35
40
22
248
70
41
111
656
24
60
603
52
148
53
469
39
556
24
27
45
635
70
78
6
94
717
228
53
142
139
248
25
141
402
209
386
228
13
57
135
131
148
84
204
49
89
797
117
16
206
146
242
185
101
120
234
34
166
110
170
128
212
33
581
796
65
243
116
372
71
449
375
114
354
47
298
64
292
9
60
13
23
209
79
389
275
186
656
9
906
33
132
28
137
54
252
4
396
215
8
336
170
15
229
293
153
57
70
125
501
124
55
332
144
63
168
751
80
181
37
354
209
108
11
748
66
617
47
4
38
197
16
17
36
235
890
60
18
415
245
5
394
369
83
48
590
382
295
233
248
118
728
62
7
139
46
798
384
145
161
85
368
114
327
182
573
451
23
199
3
51
89
208
55
1369
387
25
184
175
26
41
14
104
98
14
261
100
250
175
214
84
49
85
188
197
85
320
94
9
251
183
621
32
117
143
69
697
113
86
280
92
209
28
33
562
286
536
107
324
43
229
259
17
3
78
72
128
204
173
146
240
368
361
204
49
1016
58
374
2
11
242
302
360
51
211
79
265
315
145
396
36
22
212
234
182
22
161
367
633
133
74
5
220
382
819
427
252
457
753
82
177
11
545
32
80
165
88
153
235
149
118
566
194
274
84
293
726
863
67
56
308
147
338
30
615
124
213
183
217
419
62
296
102
20
300
109
478
52
74
79
533
83
76
189
10
62
12
304
144
143
257
190
96
52
105
239
316
259
113
321
301
138
36
297
88
47
520
59
90
194
10
353
317
669
238
523
6
212
173
30
262
398
13
35
420
536
391
31
202
10
396
174
143
39
42
158
175
274
11
102
41
931
173
302
372
129
26
8
402
273
34
363
93
173
117
39
31
326
104
136
33
36
125
31
5
36
75
436
115
108
305
238
183
113
96
139
386
67
18
41
178
49
142
132
98
151
893
11
281
389
285
94
50
37
260
292
46
164
1169
44
129
63
261
18
157
414
101
477
348
34
15
240
550
177
341
61
642
567
313
64
2
590
21
1264
616
134
22
371
210
74
35
122
135
237
124
182
224
22
7
145
690
41
142
4
94
51
273
642
132
95
467
108
510
301
15
39
227
466
5
373
230
44
43
58
133
112
149
88
92
264
40
112
256
349
336
214
16
82
105
629
168
271
88
34
53
444
316
74
548
151
409
84
85
387
597
281
231
160
111
173
252
54
42
84
266
401
90
55
593
716
104
51
11
69
30
59
98
226
379
100
134
354
4
1538
100
285
286
269
150
133
206
173
153
514
405
161
431
117
138
128
186
7
313
81
809
192
49
170
166
92
69
3
77
189
309
171
73
52
109
168
226
1
198
288
88
588
145
578
60
6
156
36
98
60
22
113
201
217
149
13
211
8
207
90
195
5
132
497
66
109
43
44
3
47
319
200
112
73
427
1722
36
120
295
47
84
53
81
67
135
245
652
294
61
187
452
47
347
165
94
721
51
84
332
38
200
164
153
300
256
366
44
315
28
416
117
182
58
95
599
54
61
95
102
362
259
365
142
514
163
13
237
304
303
369
130
206
382
387
43
435
522
54
33
897
472
331
301
109
185
699
449
51
420
208
225
137
19
84
105
130
228
244
212
129
71
192
396
85
47
55
21
270
119
5
477
381
122
23
668
384
189
27
168
309
131
352
181
16
24
167
1017
111
62
4
110
66
370
45
23
190
123
44
156
49
107
169
22
54
664
666
36
38
47
318
374
11
113
173
553
1513
69
329
29
502
188
406
32
145
48
728
338
93
170
162
305
66
220
21
354
178
359
514
140
271
8
312
15
272
77
462
119
304
344
45
34
244
51
127
547
182
481
36
15
30
273
134
11
962
293
221
218
618
233
406
16
5
128
280
11
39
564
31
361
6
198
264
407
27
364
95
412
7
37
360
106
5
97
146
157
144
1
40
203
701
91
6
609
170
183
38
15
60
77
840
309
119
88
52
158
23
104
136
2
109
516
461
388
270
26
139
112
19
94
98
61
401
514
721
36
8
50
98
417
138
235
127
606
356
89
88
516
40
19
13
89
122
381
25
438
177
328
206
368
14
181
416
143
125
207
194
249
34
394
168
231
855
145
698
601
15
254
197
49
127
67
219
480
532
80
18
123
122
140
136
433
425
23
18
351
41
5
52
169
292
289
271
41
109
127
47
93
34
54
103
21
232
179
55
194
259
124
56
876
363
139
572
202
13
14
68
27
8
300
103
226
324
446
294
151
17
119
56
296
34
110
421
255
30
360
13
107
340
15
423
91
334
72
53
28
55
87
190
308
196
364
19
566
67
521
91
84
380
166
134
227
57
145
23
238
261
13
274
41
65
235
28
598
12
198
542
97
27
162
6
216
33
90
171
56
79
62
15
252
45
33
237
176
238
126
693
24
606
153
60
312
62
177
646
168
363
111
754
93
154
871
82
14
105
251
138
111
30
5
70
48
43
285
616
619
390
610
45
146
459
263
463
14
9
264
44
145
4
382
198
9
95
231
44
314
303
136
364
74
6
9
64
398
135
36
248
51
42
90
96
556
59
88
80
332
645
348
137
162
13
69
138
77
208
101
23
20
58
140
493
222
101
415
18
37
86
85
272
309
54
328
509
402
70
78
153
314
124
66
92
511
2
82
155
17
116
179
106
241
99
299
101
62
262
317
217
18
190
147
40
4
201
24
20
60
434
297
385
275
19
52
34
77
144
327
11
40
571
123
68
322
91
162
68
342
192
319
298
13
258
23
137
60
27
353
1187
158
139
13
698
96
127
148
12
489
327
268
229
118
115
468
296
13
564
74
582
4
267
180
8
1245
255
286
137
331
151
51
178
196
43
287
475
93
81
267
24
86
256
98
105
219
71
162
264
189
128
253
14
147
396
189
483
63
52
82
85
600
298
66
217
391
189
222
8
89
138
35
43
260
231
51
168
184
988
281
439
11
472
233
236
622
393
1
238
252
125
506
157
521
412
241
385
18
2
318
14
610
425
320
6
200
253
569
352
807
18
167
322
121
309
84
46
505
235
200
155
211
59
337
546
599
544
480
209
187
50
94
12
269
134
96
42
23
112
121
48
142
53
296
407
87
58
4
82
765
106
19
112
386
1
155
248
46
36
11
92
44
228
381
104
62
109
88
17
218
6
436
16
369
39
412
85
281
6
65
33
219
36
229
45
171
252
356
103
368
383
770
42
20
108
456
390
11
407
426
664
68
76
179
27
195
295
19
78
30
116
452
16
132
44
112
153
151
893
210
437
765
101
65
25
3
10
103
140
174
28
375
552
113
231
29
107
121
589
89
262
118
105
411
393
463
370
16
580
468
3
38
98
245
65
56
2
27
314
126
292
75
174
384
569
3
27
71
80
469
269
82
87
19
118
110
190
91
152
18
325
88
172
316
125
17
15
441
171
17
122
110
113
221
242
50
292
111
49
19
186
148
63
102
329
593
210
757
303
65
310
202
76
1
11
28
5
28
121
621
87
1187
117
328
190
9
12
924
9
149
29
265
80
335
283
205
167
96
259
44
33
4
52
197
153
118
109
2
79
376
42
446
263
123
273
97
295
323
77
504
56
203
211
223
494
60
145
421
550
44
671
572
397
545
164
225
88
270
55
131
628
44
29
414
578
146
618
30
252
63
54
134
230
164
27
167
30
74
591
204
16
235
59
76
100
84
178
26
147
109
223
346
396
24
56
313
14
239
59
62
182
277
219
435
151
162
147
69
23
94
163
39
735
191
16
193
164
149
49
4
189
131
128
148
78
135
166
59
5
875
111
42
474
143
160
7
307
89
95
601
66
374
548
124
132
45
138
96
153
265
113
30
12
99
898
67
658
46
54
179
167
378
355
157
133
309
532
166
72
38
378
393
119
16
294
39
66
29
43
87
345
43
77
743
28
18
36
8
283
20
135
381
75
48
116
41
143
308
552
352
292
218
222
162
283
99
370
265
457
175
109
137
66
19
13
273
559
706
149
512
4
663
215
322
246
126
334
42
143
229
319
453
258
734
38
311
237
16
6
60
247
39
7
996
22
175
539
94
120
510
47
75
103
180
36
509
11
134
21
374
87
193
355
164
161
250
66
154
19
100
69
179
531
4
134
59
353
325
71
143
124
66
544
303
488
256
146
110
130
186
9
224
58
247
120
79
129
626
145
926
25
172
241
72
194
225
342
448
86
372
190
150
195
389
4
29
451
15
80
50
693
195
817
103
284
7
37
111
163
58
867
165
69
342
105
218
231
41
221
283
431
297
116
141
109
536
93
99
8
76
73
655
88
336
391
756
302
203
173
320
252
187
105
420
128
69
217
231
408
12
62
464
3
195
111
59
42
59
137
314
95
23
55
2
72
500
43
170
162
157
97
24
243
143
16
311
407
27
331
18
293
60
113
187
209
101
73
70
23
9
135
315
67
15
5
112
78
32
23
171
225
269
91
281
26
491
423
90
6
112
68
70
338
56
176
92
10
14
513
411
44
770
9
15
132
316
204
7
301
39
77
177
15
40
106
345
106
55
76
429
373
64
195
130
69
503
269
462
341
168
46
589
78
51
117
148
8
356
37
79
401
35
29
115
3
309
137
30
392
93
124
388
161
239
118
142
76
222
139
31
469
339
38
45
43
102
168
61
87
248
299
161
200
243
120
37
28
122
234
56
183
223
987
1
261
252
128
767
389
85
13
55
183
232
582
7
88
180
436
193
41
521
265
217
664
455
293
8
94
11
34
100
184
678
40
64
72
74
145
46
259
61
51
169
153
5
265
165
48
94
127
32
197
568
102
79
181
71
40
154
12
102
34
168
232
161
435
340
153
108
130
50
172
47
92
256
233
208
367
194
1
292
739
192
25
42
51
557
22
506
91
89
350
72
7
125
145
43
168
5
9
669
91
294
472
118
129
141
98
82
219
291
334
64
214
4
116
15
283
188
464
61
183
110
227
150
55
136
181
26
65
131
300
361
62
80
12
237
26
587
69
373
240
65
166
393
91
162
257
625
202
36
61
66
283
404
602
336
74
313
64
8
211
3
8
427
92
18
48
33
126
71
107
452
150
30
6
654
153
214
115
41
182
34
67
103
72
10
79
400
422
48
273
24
551
216
126
527
623
556
103
129
67
4
23
40
357
15
350
133
46
689
100
13
126
373
509
149
69
156
347
88
224
78
10
893
651
221
11
291
103
148
139
324
509
315
14
87
97
137
106
327
1
88
277
396
37
50
705
4
95
30
340
534
144
107
12
297
33
145
26
34
38
40
51
262
81
150
82
9
11
168
19
287
33
453
3
359
250
855
15
250
328
386
4
45
74
137
138
9
150
442
86
351
359
703
28
81
11
85
70
380
314
34
1
220
126
454
5
43
49
166
240
490
109
504
133
276
15
70
577
368
241
246
279
130
9
228
197
30
51
175
227
83
218
367
32
72
90
417
699
25
416
20
41
100
208
306
191
26
464
60
327
232
419
20
235
297
156
331
630
36
172
323
162
8
336
539
87
488
360
170
99
281
914
115
240
100
146
25
34
363
1021
159
82
163
392
103
412
87
40
171
49
418
114
301
83
122
132
122
70
50
134
570
35
53
598
39
58
194
211
322
42
98
204
11
201
479
9
43
85
336
450
499
84
52
250
144
314
13
2
33
138
106
142
36
136
202
55
183
243
60
62
585
32
50
49
92
208
217
106
60
138
266
252
136
23
195
516
49
4
70
343
132
79
29
230
202
648
5
115
263
279
588
36
423
332
291
46
343
34
46
159
183
15
214
292
227
30
592
39
79
124
166
116
198
897
147
99
668
127
109
48
73
574
331
279
31
70
109
38
119
318
100
199
116
31
19
63
167
461
162
36
137
487
58
133
134
155
35
185
893
63
344
81
296
220
111
6
138
13
154
305
2
9
164
112
51
29
144
153
699
244
60
41
180
143
239
218
228
407
24
435
284
637
43
212
74
34
381
171
520
505
121
317
757
47
136
72
187
337
94
679
110
245
86
25
251
261
50
308
156
258
477
103
157
129
124
29
326
131
188
173
198
4
126
13
162
123
125
47
129
71
19
14
39
460
175
120
36
100
22
273
27
231
159
464
356
21
152
337
405
167
233
342
5
381
375
149
213
320
46
241
516
7
10
112
44
28
41
59
129
220
184
153
48
40
138
265
81
124
64
366
355
39
159
219
274
59
353
52
478
16
483
507
64
348
182
268
39
17
377
44
99
13
537
56
68
131
238
367
716
151
150
117
269
485
26
17
213
107
194
70
222
883
61
188
11
334
14
301
146
66
268
155
414
111
68
9
166
240
157
281
453
193
21
599
89
53
320
197
349
379
100
646
2
15
99
20
5
131
273
110
86
22
133
29
25
651
352
49
737
319
500
186
127
98
286
307
39
111
120
120
160
114
70
156
254
240
474
73
34
217
445
204
145
291
42
115
144
47
228
26
38
172
35
25
63
363
61
124
101
200
106
73
84
95
114
121
73
22
440
283
205
151
269
135
173
80
109
134
236
11
555
51
145
231
18
184
23
75
76
179
551
361
132
148
532
54
442
45
972
86
428
167
445
183
132
29
345
236
48
503
136
252
222
17
21
189
658
723
971
141
186
412
118
395
557
8
63
488
253
98
263
86
462
116
155
264
69
340
57
188
17
674
714
300
478
82
256
232
161
265
38
118
301
23
65
96
147
97
148
210
535
245
42
391
112
224
112
29
71
432
168
221
911
120
106
33
214
261
489
20
14
794
21
143
123
40
144
462
114
225
17
7
147
587
268
130
108
37
197
88
188
298
52
73
100
313
73
20
435
22
493
375
44
105
121
109
53
17
593
308
91
198
160
1302
115
1005
136
209
67
105
110
67
71
4
97
322
44
1157
92
47
154
95
233
340
19
70
28
55
213
430
22
53
121
161
280
341
189
345
62
214
508
129
77
35
103
54
482
64
308
226
153
119
146
176
487
249
94
148
55
95
60
287
48
68
77
86
267
24
535
139
185
203
233
10
8
165
552
33
103
238
2
6
643
21
246
366
884
17
31
167
25
176
152
785
52
366
9
145
286
365
61
44
286
164
106
99
148
106
424
172
38
412
42
368
4
315
597
87
7
79
614
134
76
634
570
457
346
194
41
30
74
74
114
35
251
57
97
92
550
766
40
107
58
124
23
141
69
144
13
110
429
228
368
601
184
546
508
692
98
46
286
463
17
38
57
279
36
88
94
116
214
413
278
219
100
636
6
1
182
174
352
122
20
53
72
47
676
71
407
268
7
3
62
18
886
110
126
106
146
100
188
213
67
11
131
111
14
245
222
462
648
216
1502
558
565
474
73
22
193
39
35
375
179
74
214
162
40
102
357
227
495
248
319
214
199
331
51
422
121
440
53
94
199
288
72
124
108
130
67
17
813
8
27
6
186
45
91
304
1
301
11
41
47
139
23
230
266
313
323
74
127
154
93
40
14
55
108
240
53
163
31
39
245
240
16
24
84
202
67
342
8
178
315
216
668
319
39
168
385
799
2
19
268
148
52
225
640
311
2
112
337
187
61
4
211
76
68
4
310
106
307
78
16
45
245
508
130
133
25
265
123
250
184
233
184
165
100
329
47
120
247
144
77
520
130
352
464
100
2
288
208
37
239
153
28
78
103
429
279
68
138
46
56
214
75
220
27
49
564
26
558
189
23
491
189
218
22
110
284
294
118
122
84
96
80
70
114
3
123
161
146
294
93
176
25
354
362
231
19
435
105
279
134
1121
296
234
65
331
499
47
271
205
308
71
3
97
119
9
113
224
112
7
50
86
59
19
47
181
371
134
981
348
325
113
108
228
54
824
194
44
38
43
179
155
40
177
147
84
71
317
319
10
349
145
6
64
26
146
401
214
687
513
13
26
183
131
140
17
1
9
221
139
175
728
62
83
276
250
117
63
178
40
108
50
31
70
339
210
114
61
215
13
337
519
52
247
270
342
271
588
158
44
36
56
82
270
551
61
173
36
17
6
138
107
100
197
355
274
43
108
22
75
94
46
619
150
33
92
205
634
87
101
72
423
167
316
18
66
1
410
261
143
118
74
223
71
12
8
77
87
131
91
150
56
3
345
538
381
46
258
40
1
290
399
227
190
12
89
624
677
18
16
51
112
65
220
52
55
583
172
1021
228
250
26
163
56
320
937
60
25
134
56
249
212
203
33
12
3
154
847
156
300
1
28
12
230
6
132
277
54
351
243
51
100
213
35
149
15
39
30
105
204
332
52
11
45
362
96
307
314
194
173
463
65
337
195
44
29
403
1002
69
408
229
51
83
58
302
322
51
19
326
6
355
342
244
371
135
152
122
9
39
280
209
410
168
195
314
138
171
264
234
64
95
81
245
69
202
22
67
46
498
62
166
296
579
35
110
17
303
28
326
598
143
318
223
120
154
170
110
8
18
150
23
56
1011
100
78
101
98
452
18
96
84
30
161
351
30
59
534
307
33
13
105
64
9
483
127
273
65
127
106
409
187
213
117
218
186
112
37
95
346
220
336
38
238
391
19
911
284
312
506
203
71
1
4
148
1225
41
151
5
259
60
234
660
721
88
277
31
30
103
20
108
34
160
347
65
211
36
245
104
29
159
320
38
95
47
181
159
166
318
14
103
68
129
102
200
975
600
314
29
847
405
40
9
163
295
41
53
86
97
36
162
162
103
233
281
5
155
80
159
458
4
3
364
359
56
470
154
117
402
12
530
5
828
255
25
38
210
233
107
101
117
112
64
66
77
115
188
84
117
192
13
29
50
3
30
248
68
313
224
14
192
270
221
171
137
51
386
23
184
368
11
403
399
238
262
156
91
186
313
451
625
18
760
89
391
116
565
260
519
388
100
172
331
299
82
120
268
112
338
120
28
411
47
75
285
95
118
154
237
130
47
258
257
169
148
206
135
94
272
36
14
27
97
215
33
320
277
508
209
65
455
58
366
259
322
270
360
22
66
113
163
11
185
82
702
29
62
5
290
197
418
295
48
355
225
651
113
37
178
261
278
556
85
147
111
15
175
205
99
254
115
90
70
11
171
243
148
12
27
137
110
254
146
289
125
115
208
23
159
680
90
17
38
326
272
58
225
67
33
646
78
70
126
112
86
485
160
64
320
354
90
7
71
448
234
354
143
191
4
229
132
918
111
214
192
131
6
102
128
128
613
27
25
24
61
248
57
312
337
620
330
38
171
175
78
25
59
27
202
61
388
56
75
281
795
186
103
310
128
434
315
122
64
4
386
229
12
57
190
165
134
29
34
4
250
10
147
13
519
63
255
137
167
77
47
137
16
155
112
297
236
187
246
299
56
1513
49
257
113
10
37
346
155
215
9
148
15
73
1
28
58
89
54
207
460
103
115
37
182
158
42
240
212
111
95
233
362
459
125
40
74
20
256
433
298
376
61
12
65
45
893
117
199
615
57
61
612
626
89
117
65
40
296
10
218
37
14
38
410
3
126
48
641
80
41
305
382
135
44
46
75
162
300
357
71
18
108
25
37
108
110
248
233
123
402
144
93
204
25
509
2
21
227
44
962
225
161
61
63
369
356
305
139
32
291
390
85
58
1075
44
77
40
40
18
59
416
274
5
292
186
776
88
284
101
33
267
90
3
501
319
91
198
267
339
141
263
120
315
237
108
359
249
157
195
62
99
55
100
67
245
44
323
43
184
125
186
150
209
92
46
128
171
79
9
17
162
83
6
107
198
26
5
93
19
73
16
109
39
274
114
557
517
81
548
99
146
78
450
10
674
211
13
137
139
40
279
198
123
86
262
82
17
53
707
205
723
109
382
126
248
261
463
298
58
46
229
70
222
92
475
155
579
45
98
89
45
323
427
262
50
54
137
931
169
136
203
65
52
10
51
80
749
789
35
117
131
40
230
260
87
133
277
113
13
84
539
153
5
474
8
83
264
9
593
56
59
47
395
137
550
230
117
5
228
31
9
42
196
733
161
185
169
100
1151
272
1363
278
114
176
5
12
67
966
27
33
234
12
1
146
629
25
102
40
249
212
55
237
378
379
487
206
406
532
11
218
240
19
227
118
175
36
962
212
36
357
267
69
67
133
101
107
244
158
30
259
51
112
324
652
89
396
319
175
41
331
57
247
91
222
51
308
11
4
111
588
226
177
27
152
61
226
271
263
86
315
442
380
26
206
51
25
332
58
584
156
3
114
76
304
798
69
828
130
129
1
157
6
73
173
15
69
28
409
14
32
190
121
191
114
151
231
18
38
486
204
57
186
378
20
31
817
2080
86
151
168
121
9
67
356
865
261
167
80
88
104
23
41
228
251
134
236
154
9
229
784
371
55
328
46
31
38
80
60
84
349
205
120
166
38
73
30
31
158
354
275
97
248
82
46
46
91
469
44
44
69
7
58
58
396
590
25
77
32
45
99
100
74
80
394
85
146
789
168
207
29
71
984
194
74
506
108
75
306
131
374
156
22
410
147
59
475
49
123
295
176
313
2
4
680
333
422
75
71
105
177
381
44
194
391
117
337
293
419
180
565
9
458
164
56
211
40
113
93
94
236
398
33
396
181
154
172
153
527
554
350
102
143
173
5
222
130
45
566
137
131
24
104
210
595
50
170
159
125
367
372
103
198
518
185
444
124
275
137
34
300
225
141
133
134
24
139
155
80
46
136
116
653
101
81
169
547
120
9
119
119
1
143
139
106
60
314
16
294
494
231
163
153
557
364
494
146
48
24
153
53
270
92
212
484
118
131
69
31
34
238
675
10
477
31
19
155
27
218
79
151
298
235
361
214
25
108
218
118
22
516
41
88
13
164
487
281
259
44
147
43
46
228
112
7
4
25
324
378
292
59
66
176
149
216
74
569
163
521
108
595
130
190
55
47
99
33
248
286
39
108
41
13
114
51
429
1
61
101
138
147
100
242
68
201
363
81
145
153
178
33
172
166
138
114
216
206
494
77
60
10
45
230
113
12
212
216
21
109
7
155
58
17
38
52
109
48
382
8
46
494
140
662
65
217
320
57
200
389
318
85
133
170
222
26
194
373
203
104
162
167
45
238
89
101
57
34
126
239
39
240
88
503
163
82
88
122
130
138
165
100
35
178
9
30
532
120
83
110
29
765
124
177
20
190
79
230
265
448
559
76
440
363
34
253
810
79
96
2
22
52
14
28
22
144
71
99
315
901
98
29
381
863
267
124
149
200
441
136
250
621
13
30
153
168
4
353
759
19
200
52
254
17
879
72
236
224
83
343
154
210
307
223
130
29
5
4
287
230
1286
263
53
560
304
15
27
182
169
25
247
424
24
386
348
65
98
130
636
253
677
285
479
540
294
14
215
49
231
524
157
71
344
203
75
156
288
413
32
51
219
300
75
8
153
133
102
209
157
172
475
98
247
99
28
553
323
239
4
27
318
241
18
179
273
324
543
160
99
32
161
84
91
91
437
1
84
161
433
188
592
383
142
146
330
259
432
88
162
66
32
369
34
237
12
67
94
34
13
377
289
80
284
116
637
298
144
74
237
82
44
38
78
488
243
9
51
203
80
126
524
433
180
119
66
24
191
227
155
720
190
106
245
247
214
183
599
55
53
169
124
636
251
558
182
244
102
737
205
358
18
35
7
496
444
24
103
1037
92
229
65
413
133
75
284
109
187
138
13
83
10
145
56
99
69
24
525
146
130
117
122
399
57
449
45
27
153
22
131
54
105
310
385
342
155
247
39
114
114
104
55
1022
572
606
86
114
55
133
231
831
301
210
307
27
94
274
840
189
828
299
41
165
66
18
278
25
187
400
558
168
114
40
204
130
404
310
332
276
88
117
123
19
26
465
126
395
138
93
35
331
225
176
471
161
3
60
220
108
133
28
271
133
93
66
205
102
267
5
96
357
440
664
13
32
69
184
12
33
26
6
244
140
2
17
281
197
20
176
148
249
579
580
1691
235
130
286
375
248
115
274
151
6
169
197
145
348
8
54
354
517
45
162
360
343
87
451
165
10
133
548
120
84
256
385
375
154
122
61
15
250
344
33
117
145
179
180
15
30
18
99
300
608
41
102
732
53
9
294
410
512
190
297
335
830
148
134
29
48
131
5
87
10
249
145
6
79
190
198
44
113
26
274
189
379
691
182
294
160
101
151
607
46
95
35
40
221
5
171
114
284
41
415
562
243
467
49
488
82
295
19
169
106
327
16
286
16
538
296
18
547
227
21
311
230
30
271
87
287
394
530
8
11
228
56
75
2
34
253
116
60
218
504
21
23
290
58
95
532
496
33
1803
437
31
134
18
1567
269
294
81
752
213
128
592
341
157
33
35
200
43
176
224
212
89
220
467
494
183
51
80
166
53
160
343
59
999
333
62
203
130
18
89
93
792
46
456
197
341
46
101
182
254
129
101
523
101
125
79
163
407
12
45
651
216
94
13
50
110
63
126
509
28
24
423
84
100
53
81
437
5
191
31
62
102
30
23
79
304
10
514
23
24
441
72
650
119
201
127
79
171
34
161
5
531
434
166
202
104
276
107
390
30
40
284
82
406
106
5
569
916
263
130
766
354
712
209
55
76
505
1034
116
171
402
21
600
181
6
71
83
142
9
6
202
190
71
325
394
263
55
19
248
677
116
777
541
136
203
930
76
118
112
340
308
141
427
105
167
71
273
42
427
34
138
299
37
94
625
14
53
165
210
629
106
27
231
210
16
157
75
310
163
137
570
81
529
113
305
136
168
235
383
163
9
294
178
771
53
329
265
160
42
456
293
1
219
84
168
507
375
98
149
50
38
177
367
34
300
93
54
19
140
434
278
614
557
277
434
227
127
294
330
130
326
59
337
79
561
721
314
118
9
104
435
42
48
76
20
25
175
79
3
211
284
127
115
30
7
121
12
199
86
179
589
70
142
23
21
265
158
361
209
21
320
560
24
74
171
271
64
62
553
59
690
87
167
137
137
19
28
48
380
76
43
14
145
216
13
477
6
287
203
49
5
663
178
74
1
496
1099
101
153
419
307
19
12
17
1
133
25
3
97
80
27
517
34
123
127
121
176
15
21
215
48
416
101
89
55
320
124
15
14
64
199
116
104
268
79
120
862
113
15
78
67
14
350
95
57
140
89
296
149
792
482
100
24
7
366
326
486
215
130
157
47
372
483
214
111
14
487
309
67
311
266
213
222
218
914
73
77
102
80
544
229
1027
32
214
4
99
5
11
26
24
29
350
236
10
76
123
341
475
12
31
138
136
15
407
257
80
277
13
13
341
25
130
45
114
178
385
125
22
48
14
250
85
191
29
203
66
97
945
452
16
17
65
18
543
202
9
698
54
81
251
2
462
12
33
166
178
24
24
346
325
59
6
445
147
43
101
1583
111
54
192
76
85
104
227
81
813
175
124
65
149
12
12
159
59
14
546
185
257
230
64
75
181
186
85
44
290
52
60
175
343
184
500
18
125
160
161
97
721
215
207
392
75
82
182
460
625
226
4
136
13
92
468
839
10
73
204
142
39
42
20
7
65
316
239
155
30
27
345
50
246
46
78
64
225
227
165
29
161
959
333
278
330
77
67
280
44
884
276
12
339
198
857
366
16
257
726
94
12
353
27
222
123
32
116
107
219
232
454
35
12
257
573
54
27
310
107
90
158
437
264
108
257
43
271
82
682
446
870
194
408
124
347
102
685
4
38
152
72
12
62
265
595
37
62
34
33
25
3
103
16
350
409
139
453
196
432
242
37
103
44
215
44
481
1145
507
118
565
464
48
168
170
12
122
42
51
368
11
834
274
148
74
53
51
215
169
74
285
215
620
90
556
65
46
195
36
117
181
167
197
55
97
110
26
91
294
42
95
640
349
244
46
20
90
506
18
335
52
461
150
5
659
243
312
26
79
246
70
225
194
132
97
2
79
313
226
4
652
369
248
27
246
87
25
188
231
150
5
63
109
174
607
215
114
343
359
375
112
770
130
537
9
328
25
57
213
166
75
160
36
142
454
12
66
543
44
216
56
466
54
39
116
51
33
679
505
326
157
309
62
533
743
37
280
196
76
52
81
186
42
51
85
3
47
243
126
114
62
163
376
91
144
474
499
229
81
14
341
49
836
135
531
6
33
11
131
135
16
110
221
273
165
4
81
210
142
50
153
317
51
82
33
242
55
12
361
291
321
310
92
18
340
261
398
239
122
727
320
111
17
154
75
305
309
195
301
41
58
918
20
557
16
275
212
37
102
112
145
61
618
236
211
474
70
136
376
85
115
11
28
501
185
134
59
134
74
122
43
382
133
189
21
276
476
60
237
136
167
11
193
508
68
11
183
213
62
855
2
84
264
23
269
542
146
107
362
181
217
212
525
87
396
457
375
17
487
12
124
407
474
40
35
126
98
393
782
288
37
204
344
5
17
234
263
455
68
221
268
333
133
14
38
389
191
441
822
278
93
12
772
633
41
63
135
177
522
353
106
30
9
20
20
241
73
14
12
246
700
353
813
334
139
61
672
1
172
366
137
164
212
412
27
446
277
3
73
566
231
98
86
32
143
50
882
207
79
51
145
261
50
233
572
55
151
152
42
469
38
50
248
62
53
389
191
64
162
73
210
35
149
