189
53
202
261
267
275
107
112
147
346
285
33
215
290
11
94
91
134
99
271
92
94
107
145
430
58
249
36
58
86
93
206
130
158
169
126
97
310
253
36
183
1214
20
54
23
80
129
36
157
22
231
187
3
64
173
87
178
289
100
30
62
156
575
454
153
250
217
176
82
164
441
24
180
322
121
153
13
641
609
10
226
36
269
492
33
47
14
494
9
64
93
96
892
15
28
117
80
372
80
172
404
768
518
9
578
206
85
65
172
59
116
475
388
29
452
100
90
47
158
617
269
10
171
392
62
32
12
207
140
292
360
103
386
41
36
231
43
216
25
36
69
6
54
184
63
47
83
53
326
148
5
43
61
17
298
3
155
42
44
375
311
7
68
133
285
154
66
277
703
243
652
92
117
76
793
598
45
69
21
21
57
191
382
76
69
19
177
269
371
377
89
88
4
465
202
262
205
185
73
483
1
85
498
151
404
94
218
275
4
2
10
27
9
37
262
873
182
139
126
109
329
876
243
117
22
91
226
138
33
40
187
334
24
416
399
280
892
226
189
279
43
244
468
474
30
19
239
359
10
125
257
449
212
235
264
89
15
26
10
196
153
67
457
14
48
72
150
193
350
497
138
238
68
117
51
146
17
137
30
120
188
375
137
129
44
60
70
76
5
182
53
107
200
31
54
58
74
87
128
37
957
1
84
64
638
1
107
135
1
261
304
104
80
54
302
557
378
47
170
137
36
540
161
204
417
46
4
500
140
128
24
509
237
14
140
34
629
442
257
363
204
86
240
52
89
559
104
154
190
67
23
10
314
879
41
155
70
31
862
177
945
348
244
391
264
122
233
708
27
78
55
7
75
30
74
111
562
759
11
866
19
117
291
20
71
84
29
346
142
365
54
271
13
71
85
113
139
267
572
81
102
54
463
3
542
18
91
126
105
21
55
129
124
386
300
257
35
69
61
223
263
104
43
368
21
134
799
165
880
238
217
328
334
68
134
46
5
106
741
314
43
281
81
214
147
510
242
933
662
383
64
263
297
36
199
74
171
256
102
202
299
83
175
552
133
385
193
130
228
159
177
333
340
29
155
212
206
60
119
518
95
287
245
26
8
213
223
154
13
8
51
145
8
433
303
54
206
7
288
41
187
33
877
462
457
30
494
13
323
235
63
147
37
128
604
108
144
209
302
436
52
43
553
150
159
304
229
40
179
200
53
33
20
19
76
105
32
94
88
549
166
65
282
269
42
35
56
229
318
26
284
236
347
217
383
125
219
232
12
50
269
42
39
214
7
122
10
210
92
42
184
335
19
67
383
145
103
246
213
114
15
63
284
58
243
208
29
180
86
132
2
293
177
584
182
124
454
164
1
473
122
202
53
234
28
46
367
276
373
264
23
217
23
147
64
357
336
12
308
208
32
61
1282
49
260
427
82
315
289
523
86
114
105
133
227
7
7
269
85
74
219
166
90
354
67
141
31
223
43
152
215
349
46
86
348
490
375
228
16
84
72
74
182
120
74
53
48
301
270
343
83
8
20
57
6
399
164
18
158
747
692
108
118
323
60
64
197
41
260
277
84
64
294
218
183
32
81
19
586
81
311
180
29
268
122
158
163
36
137
80
2
506
94
311
228
251
207
317
447
78
56
49
146
49
5
41
161
232
285
830
368
168
73
109
100
42
40
592
56
179
56
153
102
209
259
115
275
38
67
431
121
177
91
505
333
65
145
62
1106
43
608
169
240
353
3
425
24
29
299
216
51
132
160
48
537
63
116
399
406
58
241
265
131
46
33
112
68
3
67
153
341
287
94
48
36
515
52
305
202
68
385
183
132
206
281
20
36
401
4
73
25
137
1
281
135
95
285
5
373
130
692
354
56
124
172
1173
262
30
388
31
215
81
26
106
369
84
311
28
920
134
15
240
101
510
460
172
85
63
116
245
55
36
320
48
376
78
48
264
260
48
105
45
48
502
91
122
740
79
40
135
216
34
67
252
126
3
235
10
58
4
154
43
11
11
182
637
157
87
4
561
82
93
745
107
221
220
132
330
101
319
11
165
285
378
121
268
524
256
64
54
281
258
134
514
261
179
304
168
179
145
356
398
171
70
59
123
281
36
123
63
123
116
25
589
50
152
123
402
51
126
28
111
277
125
343
12
157
232
91
279
180
284
175
125
74
32
150
53
152
704
92
88
92
101
229
130
76
27
65
511
203
30
86
26
128
66
36
126
193
257
602
119
139
874
71
111
58
156
222
375
105
189
98
71
36
68
211
43
218
148
736
119
73
20
184
11
140
40
53
274
508
161
270
329
182
17
18
31
588
172
35
202
29
173
296
12
268
44
148
87
53
176
256
240
44
36
34
33
287
32
366
48
61
135
149
46
148
432
36
264
321
336
13
33
328
83
443
72
345
224
96
117
78
32
295
212
28
204
421
175
147
26
447
447
70
79
235
51
59
49
362
8
9
66
7
35
399
79
43
109
939
273
482
36
178
1
130
2
293
68
51
261
98
6
100
157
147
77
50
230
25
384
138
187
291
131
80
212
19
544
51
150
220
460
100
112
5
514
66
39
193
83
57
42
76
275
113
198
64
42
229
186
292
162
207
254
450
94
317
368
190
156
198
120
24
21
236
96
642
209
259
69
6
138
175
296
188
30
43
83
273
29
58
55
51
9
390
91
45
103
418
32
458
132
29
269
112
293
66
94
18
423
117
47
43
539
131
148
474
4
666
175
654
340
229
10
364
1310
343
60
70
126
187
50
290
14
172
214
171
332
47
800
110
70
34
138
32
68
288
236
44
41
25
802
320
92
82
253
73
19
73
352
204
584
190
500
93
166
407
42
84
176
29
1
84
152
233
119
295
218
393
282
325
100
26
432
696
99
34
33
219
574
39
51
154
228
26
80
49
52
7
9
93
530
72
117
161
48
601
14
313
206
313
103
105
94
153
87
8
587
234
128
73
34
101
75
29
773
560
279
31
62
39
201
30
32
159
155
25
472
613
18
297
63
37
158
5
351
4
37
103
175
15
4
603
67
4
228
108
197
133
247
85
396
139
23
750
3
74
267
112
38
320
571
29
13
44
75
2
109
77
357
76
71
7
86
226
413
43
201
51
402
287
551
88
38
72
80
11
288
190
246
53
147
226
332
26
989
228
11
15
307
67
166
406
170
451
56
455
109
36
44
53
109
91
101
11
73
719
405
95
24
17
83
194
118
426
169
364
149
3
82
61
150
372
72
1066
86
173
239
94
101
61
25
641
128
132
60
209
90
1114
6
335
53
505
264
5
101
315
345
53
171
39
573
711
50
8
242
129
9
181
527
46
56
496
374
298
226
470
518
250
100
602
348
12
299
589
50
48
325
437
439
17
151
287
428
546
105
813
30
536
151
10
93
370
93
213
170
430
35
2
2
34
111
142
950
213
390
166
84
73
12
267
333
5
58
559
95
53
182
467
248
355
36
203
225
16
34
20
43
83
144
289
82
52
121
113
819
1022
13
286
393
295
147
1
85
152
13
131
404
68
63
23
52
132
288
212
251
8
569
557
78
9
318
270
675
148
117
175
721
74
117
29
283
107
148
117
704
510
288
273
4
406
408
2
51
9
192
857
174
47
10
1282
73
258
157
21
37
765
79
488
381
224
148
392
53
96
91
480
428
89
192
236
242
18
342
20
599
141
132
25
174
106
283
38
42
736
276
177
111
426
1298
127
52
2
69
254
243
38
76
86
1067
371
88
412
5
100
139
682
94
251
174
24
57
329
78
119
278
50
426
163
120
388
83
100
114
16
47
18
330
191
189
319
573
53
40
113
71
179
63
75
41
88
189
209
77
480
649
490
133
264
422
590
38
415
40
500
144
134
45
497
104
461
123
98
17
47
288
22
13
344
119
482
311
633
263
786
292
170
406
277
184
197
32
71
260
58
80
93
54
233
222
300
167
160
6
86
128
77
56
51
14
168
80
203
75
448
173
687
301
884
46
52
7
392
162
263
134
205
167
39
18
731
131
339
177
114
127
1161
486
555
52
250
69
218
38
123
183
96
57
12
277
243
19
251
110
54
119
716
7
10
201
371
62
134
676
303
762
287
440
277
480
70
320
21
508
66
46
116
49
129
75
70
74
182
197
223
32
102
204
83
37
339
56
863
239
46
533
2
128
20
93
24
235
120
136
133
94
553
196
265
116
18
330
75
69
464
422
212
67
366
105
268
474
203
18
74
5
628
208
115
5
79
665
233
45
78
81
176
64
136
185
180
64
637
56
84
283
42
424
74
207
449
139
225
136
157
320
186
186
106
384
177
312
245
232
37
23
219
318
239
128
34
64
90
114
232
177
47
860
93
201
94
279
268
30
57
97
477
3
290
148
17
288
176
37
342
150
85
313
17
364
251
8
127
269
129
91
242
69
80
130
248
24
237
379
100
1
32
59
122
75
298
168
79
11
31
286
183
115
22
88
1
420
28
58
80
16
124
50
67
62
250
566
333
58
43
457
258
58
214
1664
58
59
248
61
84
407
169
100
77
85
106
194
263
327
4
194
695
77
601
416
164
445
698
76
192
646
449
173
116
142
214
267
239
91
273
367
40
354
293
24
182
31
85
27
98
755
12
405
717
133
216
518
136
4
71
280
110
27
494
69
20
400
192
317
160
31
31
59
256
4
53
38
102
236
15
29
591
51
147
554
61
161
102
230
443
697
133
196
391
174
126
32
17
431
187
261
465
10
62
39
243
881
11
13
6
350
365
192
53
362
62
891
22
126
16
40
107
151
507
147
472
33
385
976
204
181
68
73
44
145
165
1
242
287
492
131
30
84
1
64
463
175
278
103
23
32
236
38
162
609
177
58
434
192
129
95
389
138
471
145
48
568
174
360
29
355
20
85
253
2
3
147
124
237
6
298
53
130
83
26
214
687
12
372
125
263
342
173
215
163
76
168
17
242
651
142
62
34
123
313
23
166
104
133
61
414
271
514
294
75
45
49
472
293
138
158
211
49
129
177
339
48
616
435
62
28
116
169
46
35
129
39
923
248
331
5
136
69
28
435
92
129
167
93
81
4
221
347
320
284
26
25
578
91
392
26
177
154
371
67
451
275
46
17
99
28
609
248
44
177
5
496
3
283
324
46
325
373
526
90
185
5
152
179
140
100
215
28
45
44
20
202
30
66
70
68
225
122
214
354
57
406
374
134
7
503
96
14
9
384
51
12
23
199
170
37
315
29
171
1087
188
89
46
81
171
180
988
341
163
73
361
100
94
250
194
69
22
235
400
3
186
24
21
9
238
40
46
248
651
470
110
6
213
52
68
313
227
911
31
461
20
61
137
27
31
37
630
55
55
294
480
356
453
34
235
209
21
56
131
330
1264
132
190
267
152
999
158
35
305
56
38
827
233
411
268
129
691
271
14
124
322
346
62
5
37
947
260
116
96
84
160
289
268
25
33
406
293
327
64
69
11
181
23
269
17
213
285
187
22
110
272
73
137
133
297
326
140
21
153
43
655
914
214
185
388
147
199
95
57
305
392
292
141
281
171
11
88
21
375
103
210
218
98
83
93
90
94
25
373
108
6
467
186
212
29
15
417
434
57
117
40
3
314
440
1007
459
309
6
602
212
97
125
159
96
802
85
341
5
20
190
700
90
255
312
106
296
106
195
36
402
304
123
30
163
208
222
51
226
160
1064
204
277
375
25
176
679
24
81
172
4
14
224
139
336
253
67
346
283
3
118
507
176
191
8
6
115
21
372
265
46
63
137
155
302
327
101
100
66
616
148
256
375
138
99
468
27
254
9
203
831
163
114
47
202
253
3
21
210
473
404
500
14
551
69
24
22
513
13
118
207
65
89
229
1049
248
171
135
24
3
536
840
324
279
47
500
16
215
114
595
35
546
485
2
75
32
90
37
12
635
179
13
390
116
139
50
481
23
288
106
13
137
10
86
149
103
22
314
117
182
172
146
452
29
405
16
126
16
478
385
533
287
40
102
41
103
351
120
2
42
46
221
264
202
237
157
114
105
39
107
260
67
521
18
288
162
85
9
149
143
87
219
1
66
273
127
89
251
116
348
225
157
399
22
87
144
104
270
308
285
46
47
103
15
43
66
199
81
226
224
564
335
80
116
140
159
497
26
174
148
211
32
62
397
115
101
189
318
510
119
321
157
223
119
102
452
71
15
82
243
470
172
208
607
236
88
204
243
11
9
147
165
1
161
21
525
79
17
224
273
49
147
220
552
320
58
28
70
100
300
231
1016
321
45
8
133
147
567
178
691
49
298
77
36
56
152
128
190
215
150
38
49
125
33
158
49
143
169
124
101
363
11
123
198
370
363
767
167
23
14
135
219
45
239
175
60
86
487
205
436
65
615
46
212
16
428
166
275
123
48
269
513
49
454
101
26
55
199
330
555
652
564
124
47
145
8
99
89
144
409
365
334
275
110
84
23
223
184
340
908
3
347
299
43
80
216
49
17
494
165
79
568
342
27
173
22
99
386
68
175
32
511
61
157
86
358
195
47
20
153
94
139
59
447
378
24
45
6
181
47
142
121
329
143
198
144
446
603
289
15
68
202
415
528
16
81
18
550
160
42
100
59
61
513
966
281
247
41
14
8
43
73
96
756
913
38
162
87
110
120
74
114
414
341
160
20
109
147
224
78
22
411
388
224
136
1
278
176
170
143
96
13
193
59
188
209
18
10
929
53
34
97
104
159
1286
5
55
690
100
157
162
112
258
227
761
12
6
173
296
105
27
303
351
342
127
10
928
344
297
377
155
17
9
205
34
387
18
270
52
117
15
554
426
152
80
192
129
1
338
171
4
18
149
65
71
96
72
286
10
240
45
435
6
38
4
43
95
206
3
11
5
280
138
79
152
282
70
69
65
124
285
3
37
79
100
427
471
32
202
166
1
78
773
13
138
28
672
24
192
8
34
199
84
131
228
110
22
14
128
469
156
255
270
4
195
230
346
14
830
419
707
256
348
176
45
412
48
493
279
166
28
4
80
275
28
159
183
9
467
65
41
57
203
109
185
314
139
162
94
451
18
217
295
181
39
49
106
105
210
358
47
325
445
104
353
62
160
50
45
20
684
8
48
244
35
152
36
207
202
40
17
7
786
563
127
203
121
315
203
85
145
153
29
40
184
383
111
206
769
25
104
172
10
374
343
60
482
97
47
710
176
205
115
258
214
138
125
100
289
264
92
706
259
3
70
31
224
410
85
527
4
40
20
174
188
10
262
133
516
202
132
62
195
402
106
348
78
123
27
141
555
72
168
33
109
186
112
53
55
332
71
291
131
253
27
70
370
346
29
159
118
72
252
25
271
198
117
296
104
70
315
244
148
187
215
86
591
1050
56
15
33
393
118
101
104
92
77
1375
214
46
241
47
564
264
180
44
213
155
114
185
159
343
298
345
305
182
156
197
443
47
106
101
810
13
114
209
9
26
127
15
224
14
162
349
20
198
300
66
312
13
284
578
192
43
85
301
245
14
174
200
9
187
173
5
5
69
93
588
414
72
82
752
55
26
72
85
328
6
444
55
71
136
61
4
236
490
278
177
1018
215
190
191
106
484
88
403
66
65
353
76
176
177
209
66
109
525
2
75
45
75
154
7
10
827
58
208
17
354
46
90
15
379
558
107
53
39
77
542
130
175
389
91
19
949
22
202
958
452
47
396
194
49
64
249
195
149
142
53
70
28
439
71
17
690
81
123
596
319
6
79
15
196
693
71
145
423
91
316
124
64
498
258
194
329
204
112
80
577
67
302
17
85
616
241
416
41
8
304
55
149
914
55
48
214
32
508
48
615
16
183
9
32
186
51
802
140
30
110
44
516
69
437
100
87
148
615
9
144
283
1471
820
117
241
637
318
301
374
197
273
62
360
852
227
120
49
66
242
13
54
6
636
837
256
276
105
94
228
158
413
328
225
80
69
785
189
411
109
535
817
103
463
45
49
883
5
703
36
102
961
177
95
227
18
136
52
32
147
729
133
11
99
293
115
174
134
499
32
121
104
470
597
354
232
140
289
262
122
79
81
235
69
150
694
449
279
211
535
124
85
13
654
32
78
578
35
33
25
93
243
64
313
80
185
18
78
58
835
112
14
805
14
384
58
224
99
70
392
147
112
217
251
429
24
179
27
257
110
9
548
326
204
937
83
225
63
550
59
394
90
101
221
58
42
40
270
35
870
177
6
895
301
77
230
8
438
57
723
82
68
362
536
5
68
93
148
62
275
276
30
23
83
9
320
68
851
162
385
124
16
173
178
324
143
177
146
126
53
14
284
387
64
257
73
39
587
61
155
61
71
130
389
22
82
395
243
19
49
123
459
103
551
37
184
156
196
51
246
120
9
21
19
47
91
130
126
286
435
187
73
219
214
223
142
70
267
120
87
136
22
683
104
33
349
84
366
202
178
172
650
191
41
131
70
33
7
127
13
189
84
119
120
80
5
130
106
133
454
138
115
42
84
276
25
48
659
43
318
88
83
176
47
539
141
119
109
70
44
219
583
481
148
493
81
578
15
202
21
342
30
302
90
245
21
13
1
117
156
453
229
338
66
306
177
252
326
79
54
19
60
195
43
41
183
54
4
11
552
128
78
303
280
39
58
108
1099
288
56
8
251
260
112
728
68
73
126
196
395
156
51
355
18
136
20
71
251
262
71
6
53
496
13
45
1
210
608
153
31
72
57
155
190
11
230
202
241
400
112
215
110
187
179
213
2
5
36
127
821
335
229
20
6
134
143
57
25
63
6
27
22
255
199
354
82
80
337
117
81
307
64
36
44
28
60
158
353
161
29
58
134
893
101
80
416
71
15
118
68
42
285
18
500
213
54
31
573
25
483
441
124
719
5
356
412
339
403
80
348
3
601
158
64
396
98
201
309
11
96
211
234
212
32
38
20
83
26
9
128
13
299
74
363
540
493
236
21
124
300
225
265
544
310
182
89
27
78
295
57
11
67
16
121
3
485
679
185
178
168
120
520
471
544
416
227
288
105
27
135
619
14
20
291
115
7
906
264
169
173
82
46
44
378
60
232
240
135
486
443
354
15
196
64
132
199
190
223
34
40
373
206
67
154
591
185
53
68
215
87
16
61
298
18
685
90
20
123
57
9
68
411
15
86
37
123
259
346
98
702
99
27
510
24
147
241
114
98
199
95
417
31
195
44
93
295
120
80
349
337
66
116
47
521
495
80
6
98
213
43
465
45
86
88
287
109
368
314
183
267
153
87
61
905
65
499
60
197
77
127
6
288
146
65
210
471
167
38
137
545
99
31
252
120
141
46
25
13
143
292
81
267
116
126
304
288
46
232
106
129
368
260
194
67
295
410
108
28
334
56
46
609
30
309
51
67
513
51
18
142
435
72
90
562
115
46
267
69
218
130
207
191
429
62
421
79
584
58
37
96
9
30
29
59
46
659
217
265
62
41
21
42
110
303
62
92
47
63
304
94
1
919
195
332
461
124
105
323
9
38
100
506
54
217
185
195
921
52
25
70
306
17
575
138
220
77
125
145
6
172
475
303
222
203
379
69
573
488
37
184
34
21
117
129
664
375
66
334
840
384
146
547
79
23
278
334
60
270
50
82
295
61
121
57
45
161
226
288
214
116
120
173
127
49
137
54
102
553
39
157
299
359
200
20
81
242
849
127
525
182
205
62
463
232
21
130
53
178
71
101
65
16
469
162
63
116
176
400
72
102
206
141
9
425
16
222
362
141
126
298
142
34
227
43
130
110
411
32
134
76
273
350
203
16
144
78
515
100
174
137
6
500
95
89
161
111
75
10
128
97
86
2
504
102
27
135
33
61
30
464
309
6
466
36
36
493
186
205
475
107
45
262
147
101
109
262
40
191
203
12
122
109
29
105
39
7
195
902
36
50
191
87
10
259
137
889
416
67
388
56
302
171
2
201
80
616
34
49
429
77
45
4
188
484
220
44
99
129
211
1058
90
150
88
17
63
31
19
84
97
20
67
344
44
211
103
275
177
544
74
97
252
26
949
244
83
97
30
159
287
412
154
66
39
200
283
199
164
256
21
271
454
128
57
10
476
32
200
16
5
451
633
288
350
81
372
93
209
169
17
192
177
18
119
18
200
46
168
150
24
199
300
37
49
295
120
162
284
66
313
20
683
191
146
392
123
706
115
265
29
114
93
149
60
232
102
25
87
29
417
59
49
277
51
16
264
162
581
585
230
905
335
276
81
19
272
32
576
307
68
750
958
32
53
89
60
777
58
163
161
148
24
63
60
231
98
96
115
190
27
320
251
538
130
120
199
154
270
12
252
53
290
283
1
24
51
39
37
769
238
11
8
239
10
1071
244
280
9
130
484
578
254
210
765
133
105
17
678
99
632
2
71
137
16
44
158
538
59
1
211
109
68
253
48
45
326
351
29
1142
357
51
80
301
335
3
236
269
14
923
9
72
41
94
72
128
64
442
181
119
173
358
132
281
105
30
15
321
373
27
46
39
51
568
125
161
352
91
37
143
294
1342
32
31
162
139
117
304
59
456
251
248
313
200
146
35
70
93
46
127
749
50
228
288
156
114
223
532
153
34
332
81
222
101
37
1
159
243
149
285
282
277
14
856
354
81
245
147
4
536
318
107
86
108
105
629
558
628
495
313
8
323
26
120
288
539
176
44
827
62
118
124
91
118
103
292
761
357
21
121
140
338
195
11
122
726
81
224
112
58
273
53
321
233
237
365
443
366
129
57
7
117
44
218
142
119
15
286
397
1
361
67
143
131
12
4
29
30
136
158
386
144
72
170
191
37
49
41
269
330
140
470
45
121
399
387
122
241
3
447
122
232
33
12
207
388
12
37
166
23
5
514
492
108
79
85
196
167
125
448
365
1
532
29
83
135
198
58
79
185
288
74
14
232
92
158
90
84
42
174
64
13
33
426
31
22
32
74
77
39
77
20
165
12
191
25
209
247
285
303
15
7
120
94
90
303
488
52
617
319
183
158
28
30
43
47
510
38
235
113
148
58
275
197
26
13
1
60
220
55
198
20
139
80
318
221
81
249
72
76
165
165
8
174
86
123
166
105
129
248
131
479
106
6
332
12
174
182
30
40
67
40
235
162
60
73
25
1032
81
44
31
257
36
116
367
106
131
21
296
251
407
60
196
33
141
242
218
220
371
239
214
255
256
179
142
59
354
56
79
94
10
488
29
21
177
241
575
937
113
22
109
15
4
357
358
313
217
116
164
123
215
403
311
567
163
142
256
1041
162
433
510
10
143
146
17
319
140
18
414
134
117
137
45
31
226
489
104
223
19
95
363
32
192
18
89
26
242
551
17
73
188
122
1
126
21
197
398
460
110
327
279
68
21
62
464
75
117
122
54
397
81
192
556
39
33
311
307
283
108
374
106
110
3
203
62
75
152
353
129
46
245
155
69
1290
82
90
106
230
287
421
333
210
67
54
100
240
158
457
17
165
74
39
210
75
199
177
912
131
418
230
891
52
161
113
323
118
112
251
240
16
505
15
49
155
41
63
345
180
498
315
370
128
77
362
340
213
38
518
12
17
155
251
173
46
2
22
41
222
1037
49
364
6
10
100
26
58
188
265
593
120
54
78
66
205
272
244
7
376
43
276
541
120
63
109
142
18
624
200
545
552
1119
258
972
325
26
222
322
261
132
187
175
177
75
326
40
116
48
198
141
2
18
191
236
31
37
60
30
159
29
172
31
259
270
16
109
94
609
44
25
29
15
361
200
7
322
6
532
122
245
109
155
749
19
163
917
504
219
220
498
771
25
635
136
268
421
14
128
116
48
270
148
375
923
82
20
157
44
59
144
141
159
401
152
73
68
16
17
301
161
10
102
136
79
63
61
444
103
127
180
107
102
152
16
125
43
1094
14
174
369
45
138
189
103
253
739
63
189
28
337
509
614
288
49
495
4
125
77
79
210
3
78
112
397
65
106
326
719
221
262
83
514
14
12
5
65
238
123
394
354
36
199
302
83
35
24
319
74
748
28
99
73
106
69
82
323
30
297
465
761
39
93
256
127
144
588
45
150
136
214
314
164
17
165
1013
148
155
469
103
31
242
281
221
98
82
51
248
57
288
995
3
43
75
90
89
88
222
151
361
379
291
85
137
59
58
55
113
218
40
148
251
76
2
370
591
64
112
583
366
18
59
137
189
586
360
38
177
69
31
275
351
68
31
100
25
51
147
429
39
61
81
750
117
127
258
205
57
221
72
92
264
7
43
72
98
490
129
90
130
370
1025
32
71
50
51
282
149
189
45
75
148
36
45
96
1
18
35
889
311
201
155
139
25
219
196
4
58
24
531
179
330
107
292
399
179
95
168
135
73
104
15
548
1255
164
697
540
156
133
18
77
7
167
232
116
115
100
12
394
82
459
403
186
17
58
126
198
61
360
249
275
292
116
96
283
83
781
316
541
493
368
268
216
203
48
62
97
390
126
132
196
840
826
508
58
145
117
168
289
19
1
35
290
540
100
372
94
141
73
314
295
245
37
358
201
138
216
286
195
62
921
86
243
295
107
239
125
10
531
3
42
15
209
96
427
158
307
211
740
222
277
11
532
47
78
159
120
253
83
199
154
60
473
171
19
130
174
292
65
83
135
49
107
110
406
337
149
14
799
122
86
53
429
200
893
117
1
150
511
195
5
70
185
36
1
160
89
23
50
225
334
287
272
13
158
173
24
411
50
224
43
97
413
321
190
162
193
31
284
435
120
282
361
34
100
3
471
30
235
435
107
526
69
106
35
456
66
43
38
535
174
63
128
5
147
48
42
343
176
284
730
48
7
422
54
166
167
170
20
215
385
59
175
2
5
22
10
157
491
29
39
83
78
128
249
116
384
146
46
99
274
126
429
165
58
731
7
388
432
76
428
484
48
419
137
90
107
90
163
67
81
137
188
105
56
192
212
35
8
840
186
44
12
34
165
120
71
56
93
82
45
115
115
35
256
198
62
105
667
119
237
426
3
176
69
110
57
284
427
41
345
23
221
30
165
116
527
411
581
21
277
61
121
385
285
30
535
189
84
150
63
78
70
163
7
539
99
202
78
223
347
753
163
179
5
19
103
207
276
68
168
41
1
423
231
45
241
10
871
30
151
17
4
228
10
2
13
67
106
63
163
379
278
131
40
89
204
430
333
340
197
196
27
88
77
100
6
351
613
164
198
276
676
97
825
517
130
100
87
186
47
145
28
141
301
21
53
165
356
81
25
260
4
66
40
231
49
715
248
327
12
332
41
44
31
265
10
41
645
85
292
17
807
151
75
168
397
240
362
164
60
48
273
388
47
25
426
126
166
290
11
519
98
106
174
121
426
99
40
71
250
673
282
23
64
117
129
232
331
199
253
554
503
62
46
106
86
129
753
49
172
429
124
239
38
116
83
250
90
174
115
359
316
348
89
77
644
86
16
52
61
242
43
137
36
46
24
75
106
34
328
215
332
105
120
85
131
115
168
98
22
141
734
16
23
633
47
158
65
75
221
66
250
43
37
59
225
253
35
45
52
114
72
276
36
97
195
338
50
110
773
22
637
80
10
4
104
413
157
384
316
93
467
210
137
385
33
122
135
120
34
116
124
9
949
212
432
360
221
299
33
417
410
250
31
42
1180
96
64
158
40
146
112
149
148
391
307
463
55
161
855
5
789
23
201
45
1082
287
164
274
96
187
404
278
30
66
43
42
61
188
32
109
157
7
115
272
89
33
186
5
26
51
428
6
197
1076
20
175
6
227
25
15
204
107
341
127
63
20
3
102
93
385
75
105
204
26
110
706
85
134
342
93
17
91
56
4
37
198
11
82
103
52
357
269
109
3
68
496
85
212
353
399
587
995
427
443
16
247
82
25
140
160
30
170
1
19
130
149
297
54
157
16
3
123
79
205
317
602
104
121
8
232
52
181
250
195
355
255
10
612
126
11
588
268
24
252
87
261
81
8
250
298
125
432
89
197
165
204
522
131
32
477
196
29
28
169
131
11
671
49
87
52
119
199
446
37
30
91
45
363
482
5
85
495
156
78
151
49
372
165
16
174
80
171
657
35
325
266
33
76
565
36
93
26
60
217
205
226
122
160
46
41
208
487
26
11
87
104
47
516
348
48
177
594
192
49
143
30
392
3
262
36
59
341
20
116
49
542
180
342
33
295
194
283
79
23
178
69
76
198
224
225
137
89
483
1222
144
15
77
222
59
66
74
14
58
479
18
49
1065
44
55
408
32
978
70
290
15
758
98
125
239
595
318
184
44
264
176
397
92
357
7
170
67
102
16
47
23
199
145
238
184
39
36
347
50
212
221
202
88
396
58
26
185
319
8
13
187
10
56
101
94
226
433
428
178
42
74
140
395
205
32
84
98
163
10
99
806
214
298
3
979
14
2
147
835
15
124
200
280
719
187
37
168
56
251
385
35
116
97
169
97
16
82
372
10
2080
216
1393
447
95
56
284
31
408
175
213
203
28
251
22
1
34
140
125
357
205
572
642
79
498
293
284
98
154
6
22
197
29
416
324
59
214
72
635
73
145
838
51
44
339
10
134
15
46
366
72
442
118
179
446
284
86
6
28
114
19
293
54
142
162
210
219
48
328
282
490
79
49
80
212
32
113
70
4
3
241
198
103
74
240
64
166
130
112
341
125
532
63
237
178
110
352
8
39
284
187
5
32
100
34
336
17
335
274
444
32
51
43
677
48
140
507
42
22
367
349
435
61
26
19
153
254
115
134
42
205
258
74
23
99
9
133
269
93
91
1
404
154
122
46
11
453
258
20
32
385
162
39
17
276
22
5
190
104
688
7
85
17
312
197
184
186
32
78
136
21
340
476
368
17
316
50
39
84
16
219
155
99
222
19
80
387
325
2
376
207
302
562
367
56
129
275
241
703
533
284
165
166
6
207
6
426
220
235
250
32
137
165
88
137
172
27
223
56
2
127
278
211
706
209
23
175
31
80
42
423
623
379
147
303
236
389
54
62
382
10
32
200
300
37
38
39
2
364
52
68
82
65
111
394
935
166
218
68
1
135
116
583
28
195
9
134
90
217
402
299
126
228
10
368
158
85
37
210
11
264
50
17
59
310
171
519
199
14
29
59
24
349
114
1
246
15
450
29
110
208
496
39
741
604
16
151
66
109
24
91
27
69
636
116
16
342
134
253
5
140
50
21
90
102
264
22
66
35
543
454
22
392
739
118
41
43
857
39
70
42
92
757
1055
624
379
444
602
215
11
80
208
42
264
35
137
267
138
144
313
345
25
219
133
349
52
309
56
243
203
747
279
479
444
93
300
33
100
235
424
13
274
14
79
103
169
135
20
367
132
259
147
624
131
11
133
154
119
192
206
279
693
373
215
78
54
206
510
59
40
328
244
60
208
123
50
104
255
401
175
39
7
119
20
114
39
96
404
120
2
170
52
171
5
108
399
198
156
23
53
198
465
515
23
549
109
59
375
107
64
303
55
228
19
186
133
20
113
242
55
138
410
143
38
95
530
9
13
137
159
73
373
178
83
121
195
61
80
109
12
192
104
118
39
284
43
84
2
272
172
305
11
16
183
142
1
82
496
313
308
14
177
886
58
113
90
147
192
403
51
29
9
39
99
313
86
67
125
6
77
35
7
23
181
10
84
385
180
180
73
122
109
575
176
28
66
108
572
682
75
381
165
325
87
50
180
126
165
183
199
54
109
17
77
424
3
275
374
14
34
61
141
158
42
48
13
511
22
296
31
89
288
306
96
11
397
371
131
363
124
146
1
300
212
53
8
5
69
794
120
410
55
109
6
67
35
106
28
300
54
239
26
750
421
242
76
251
330
24
184
1003
155
76
140
219
251
68
451
40
57
5
19
51
276
25
128
194
55
163
135
78
157
89
26
345
104
24
184
389
284
12
187
269
28
271
194
31
201
455
234
245
161
189
68
68
528
94
154
50
43
29
121
106
52
439
136
190
539
952
12
280
198
232
54
183
104
4
124
220
309
232
74
231
257
614
37
121
92
40
1
125
189
20
475
22
369
101
221
312
457
306
22
465
227
685
80
338
99
351
250
489
449
56
267
482
25
264
118
79
997
133
289
122
568
383
84
233
64
603
40
142
174
102
278
4
144
369
333
86
603
79
218
301
5
26
11
463
532
20
112
262
18
49
310
3
128
74
365
223
287
182
214
206
22
50
186
8
16
50
246
429
317
30
42
94
172
378
112
446
48
212
4
249
60
63
32
230
80
333
16
300
430
85
334
313
113
22
401
23
218
728
29
337
129
87
287
8
75
507
28
363
380
137
246
152
130
140
2
254
136
43
76
576
167
38
123
62
94
88
79
187
469
624
72
61
98
154
120
75
77
323
144
105
172
38
179
222
10
277
196
21
298
274
111
82
15
5
141
20
177
299
92
27
303
776
146
13
293
251
484
743
8
508
7
1136
671
248
87
352
194
330
86
147
368
55
398
81
4
347
598
7
169
191
731
126
189
352
39
292
246
99
103
3
60
230
55
250
116
182
62
515
42
119
197
101
44
459
227
151
87
121
435
158
217
184
256
218
14
59
294
214
28
150
290
203
21
122
290
98
60
314
45
21
20
104
1106
391
43
114
145
274
95
291
140
351
10
519
298
652
33
789
435
256
327
166
119
63
7
173
87
166
152
258
196
241
2
97
20
288
3
3
190
4
267
177
16
303
284
59
454
352
50
239
46
223
87
104
131
163
415
89
346
144
47
70
181
75
684
13
203
228
246
63
322
183
107
246
866
7
220
252
117
578
696
13
137
563
51
110
136
91
306
15
22
49
19
395
289
257
82
17
122
459
33
78
141
661
270
438
241
521
134
486
89
49
117
242
199
225
261
124
245
296
60
664
46
96
326
62
95
586
346
12
122
112
14
269
275
326
99
389
303
150
304
487
43
288
5
49
167
272
2
356
561
18
32
57
54
111
366
331
65
49
135
165
211
1062
5
169
30
6
96
76
425
191
611
59
16
525
116
36
89
264
12
76
184
342
204
23
104
137
148
62
444
759
265
33
30
10
113
80
430
295
15
513
279
236
58
578
272
63
286
19
34
590
244
34
238
253
62
234
1
119
5
409
58
467
72
85
25
274
160
1134
309
95
36
78
55
765
290
123
145
166
105
133
44
107
200
16
342
266
467
25
111
398
86
83
750
422
65
197
411
745
130
6
56
107
249
25
66
106
114
269
74
331
29
351
344
413
88
61
36
11
297
131
33
8
90
377
67
3
20
121
310
84
34
85
54
221
23
413
460
208
7
45
204
50
10
163
123
310
57
92
144
12
117
357
287
926
288
10
744
196
151
58
83
36
93
81
86
32
18
31
53
13
41
258
189
54
181
17
199
83
142
145
57
93
335
46
525
121
21
10
124
61
240
105
21
131
282
379
284
14
259
111
133
277
89
216
504
139
167
300
616
110
44
71
83
348
31
177
107
430
277
114
263
234
14
69
260
10
306
52
54
417
121
47
785
149
395
351
395
449
20
962
31
215
47
301
87
126
4
580
17
120
622
62
95
431
115
53
833
86
297
59
30
53
7
560
26
502
380
144
78
140
215
9
1016
98
66
133
119
169
99
48
425
10
313
13
175
10
655
149
256
172
433
46
112
4
172
7
104
41
78
130
302
204
17
48
107
213
1065
109
96
196
153
68
393
67
38
330
27
183
30
117
428
208
27
322
212
80
155
411
111
68
26
560
75
352
150
277
99
57
308
10
138
82
17
9
35
134
405
712
94
39
319
50
142
43
85
58
632
133
255
338
411
496
521
183
175
340
142
426
2
208
504
72
269
199
1015
77
3
246
132
131
70
200
27
14
260
166
54
52
17
4
61
41
149
132
64
191
386
171
417
317
119
15
144
179
205
213
181
496
274
248
125
259
119
10
207
33
294
361
82
398
88
232
210
63
60
23
151
195
831
66
351
211
831
120
149
312
81
296
155
192
306
790
24
174
782
246
51
194
616
318
5
295
244
124
250
81
9
202
491
254
110
83
468
172
817
113
282
55
152
167
352
36
204
257
166
94
206
29
17
177
238
610
148
6
210
154
197
185
551
200
134
129
46
94
904
219
472
97
385
278
164
362
330
63
515
391
320
490
295
11
290
28
139
153
467
40
72
78
473
65
21
96
34
525
736
52
75
861
73
100
74
186
79
186
37
192
83
6
207
127
72
107
41
72
691
134
17
54
92
118
107
149
302
418
217
176
644
608
118
170
355
62
122
160
81
24
554
391
230
181
296
306
286
98
170
25
320
129
323
231
33
285
88
130
77
371
183
109
833
357
73
111
51
149
127
326
225
334
138
190
370
202
237
14
63
90
149
166
299
423
223
130
156
80
66
56
35
254
104
421
126
91
32
146
77
108
93
11
10
97
168
127
328
589
290
937
155
557
708
182
308
328
29
7
7
116
16
446
351
216
89
412
108
60
172
311
10
454
6
120
266
256
48
839
209
10
43
248
427
590
42
32
325
16
129
56
240
181
791
127
595
156
173
307
117
122
157
32
114
211
32
195
192
560
365
232
157
38
3
366
45
113
311
21
456
52
347
124
50
148
173
789
56
632
8
125
268
23
82
128
180
16
66
216
36
93
45
14
280
64
26
125
848
212
271
77
54
146
34
147
406
35
309
106
148
51
155
53
21
173
177
188
265
69
350
27
116
168
98
180
204
5
56
29
81
19
87
203
15
522
68
250
140
221
419
242
236
93
270
411
490
127
66
94
36
28
5
10
23
71
371
237
213
338
646
411
509
119
62
385
283
33
431
325
175
113
123
298
280
32
31
207
35
176
262
160
66
33
629
524
109
161
87
296
85
284
235
38
7
205
132
268
268
184
119
6
34
9
134
145
320
6
17
64
107
608
188
438
171
199
161
262
52
156
8
45
88
229
240
945
152
330
83
6
162
108
81
17
402
78
61
297
3
43
273
616
365
344
513
24
201
162
175
447
674
231
93
75
106
29
19
286
435
73
144
110
363
117
258
30
618
74
110
95
229
163
36
86
45
212
6
488
29
205
217
78
224
201
37
107
85
95
338
94
34
247
7
185
76
60
219
369
58
58
623
25
39
271
47
177
383
30
192
588
384
77
57
98
769
58
177
311
17
103
222
45
937
332
62
48
325
32
8
71
41
195
44
276
678
20
180
64
273
38
265
371
213
264
207
548
22
191
27
226
199
479
70
16
203
195
516
390
50
25
164
17
292
26
331
2
191
224
431
127
109
430
287
45
140
283
1236
65
399
7
201
70
22
78
36
70
549
96
14
27
170
462
324
54
193
211
341
178
300
62
132
256
3
188
113
173
119
727
71
42
222
5
71
342
243
304
190
205
77
150
20
165
639
568
40
66
573
85
175
35
45
93
202
7
59
480
333
145
204
235
95
516
149
79
211
105
259
33
329
86
336
267
273
232
173
104
576
44
156
162
330
88
265
47
115
420
127
166
77
144
77
539
495
45
6
450
170
39
166
1
285
28
9
450
24
849
252
38
44
115
330
370
156
304
75
250
340
45
171
167
251
9
347
117
114
44
92
482
66
48
241
203
80
35
49
23
195
496
284
378
426
507
262
1124
39
2
657
159
165
108
17
29
21
156
175
227
70
172
81
291
83
173
249
16
48
20
32
241
12
465
40
280
306
8
442
5
119
174
337
18
68
104
21
241
512
110
26
346
245
124
70
16
213
71
64
10
646
8
53
49
151
83
158
522
153
209
125
30
116
2
18
108
125
145
77
501
729
14
10
300
258
116
53
225
133
91
31
2
634
174
128
109
141
175
150
28
187
16
50
314
168
293
19
89
104
168
8
217
99
331
18
34
57
173
248
189
109
272
42
28
116
301
122
69
312
693
423
357
78
26
148
206
186
75
51
118
60
381
32
5
207
731
6
71
2
104
439
35
103
92
89
72
130
33
92
6
153
319
121
55
363
9
80
169
218
11
1352
513
5
26
25
73
165
372
301
60
180
496
147
324
248
29
240
30
961
233
795
10
53
82
43
60
36
171
41
222
43
95
1
289
156
186
6
8
74
223
80
332
113
175
611
58
731
500
87
693
277
380
222
1042
253
341
30
151
32
506
56
61
1140
205
520
214
139
990
159
710
101
226
290
119
316
84
28
114
36
162
160
364
88
168
102
255
39
122
110
102
131
279
53
431
49
37
158
2
112
120
546
15
223
11
62
97
318
180
174
137
181
384
195
144
61
54
256
72
29
108
63
568
242
47
135
68
82
56
269
560
239
188
10
146
83
600
22
157
101
49
116
319
512
178
933
130
286
257
318
6
122
380
1
585
43
449
562
119
41
30
129
72
149
169
81
253
537
142
208
174
101
160
111
513
33
142
38
556
955
90
91
108
89
402
7
510
39
442
22
161
557
15
336
212
693
458
358
69
84
336
87
398
117
105
384
225
196
78
294
338
557
613
294
45
100
158
405
20
254
270
19
4
25
57
486
66
550
203
42
17
314
556
304
130
5
14
204
16
7
249
136
279
111
298
572
78
125
548
24
107
266
124
189
128
171
353
5
40
39
68
195
31
390
488
172
52
129
66
66
89
104
81
29
23
27
166
106
611
338
12
123
155
773
152
652
289
147
621
132
15
64
355
672
280
121
271
132
203
732
61
421
843
26
325
177
643
158
152
70
133
7
455
237
388
11
475
9
636
140
261
265
101
221
245
200
108
364
101
81
600
157
239
26
200
470
248
359
23
10
89
75
147
10
106
244
127
101
2
82
85
107
51
74
74
205
353
202
368
192
335
12
28
10
274
71
43
338
190
608
15
356
41
289
428
30
149
125
44
71
256
514
110
134
131
350
232
75
174
173
677
265
469
230
385
43
6
67
307
61
8
25
16
570
201
164
193
503
28
9
174
433
105
133
504
74
142
2
27
208
332
217
572
132
159
78
148
151
203
161
267
1286
130
177
17
63
310
43
937
88
18
188
419
30
449
69
300
318
68
223
536
123
364
227
31
137
178
42
59
124
30
37
184
26
102
259
287
156
45
278
131
280
52
107
14
408
129
44
34
50
292
251
32
102
120
3
35
279
372
175
435
51
161
315
33
13
53
845
142
83
443
505
307
287
87
333
368
274
490
219
114
42
400
31
144
679
475
209
317
171
21
474
715
462
98
228
93
188
95
490
112
16
88
747
347
95
53
57
193
63
118
274
48
216
125
9
140
141
532
34
18
198
21
211
310
109
185
227
128
440
46
33
86
5
159
313
267
541
183
60
152
313
296
17
73
533
109
188
74
44
252
245
64
508
169
103
79
162
206
51
422
94
12
112
347
66
466
352
419
25
36
131
114
140
13
486
277
207
162
26
355
15
517
12
345
331
46
364
70
495
105
89
55
415
54
172
25
323
76
32
345
583
181
203
446
117
634
15
324
307
216
595
241
1
235
168
110
882
216
264
28
674
64
245
107
160
4
146
48
97
32
101
91
318
156
160
45
135
167
742
544
231
138
167
60
245
190
41
710
139
166
610
747
2
17
135
134
468
212
62
333
217
55
350
145
95
190
28
92
93
125
213
365
3
317
153
169
272
286
119
181
259
143
124
244
40
31
151
288
303
87
525
84
26
439
64
143
273
99
99
25
211
238
252
111
317
58
142
108
146
223
139
200
102
14
74
462
132
54
52
283
92
71
248
566
18
414
39
315
72
110
111
457
273
300
92
349
98
153
54
71
65
87
14
206
177
292
207
409
273
190
181
48
45
203
478
128
257
114
161
8
309
52
115
415
474
235
106
98
135
65
166
114
24
66
129
104
245
25
249
203
207
901
52
18
33
138
488
144
11
65
7
28
70
71
246
530
54
440
55
225
35
18
112
290
634
101
205
489
146
174
375
575
242
161
75
160
118
648
47
90
517
174
348
38
58
17
196
220
226
70
368
131
306
153
393
582
182
24
16
98
27
185
130
59
67
626
203
1
208
19
93
7
10
1025
270
136
114
2
217
104
3
69
320
323
21
35
819
87
209
76
434
60
740
180
28
273
182
79
175
13
217
472
16
60
626
201
40
204
639
126
100
41
423
271
68
400
42
131
4
17
173
87
294
40
391
521
107
76
238
59
25
162
270
105
17
139
10
18
31
92
70
348
129
291
276
717
16
24
128
676
65
566
242
9
4
5
477
605
10
178
130
320
333
154
132
163
59
524
161
102
49
217
56
106
222
197
551
301
149
47
252
15
36
127
37
223
148
423
186
810
356
453
226
136
343
64
347
67
156
113
157
21
174
256
611
147
355
639
188
111
180
5
8
48
40
485
743
1941
282
13
292
73
219
71
428
82
462
60
10
137
1035
193
568
39
4
672
511
112
459
229
292
206
359
219
432
296
496
56
690
58
320
19
167
37
156
165
147
314
102
44
305
12
279
347
144
18
447
7
864
92
494
111
62
202
99
119
13
23
14
32
355
26
76
253
141
319
157
41
396
322
60
4
1171
329
10
19
393
289
39
299
80
158
3
157
314
16
1118
470
245
155
103
6
19
293
168
479
117
96
384
96
5
290
2
399
2
162
47
42
115
186
111
64
128
29
108
23
436
21
888
315
74
89
327
5
26
354
107
376
169
16
272
16
641
165
308
22
127
16
215
182
155
128
312
339
68
66
118
477
531
75
69
18
236
353
56
666
30
103
71
551
114
3
173
499
130
151
73
75
98
25
482
150
72
243
4
501
810
21
145
121
32
319
110
734
8
40
298
110
47
12
62
320
497
68
346
66
50
132
438
70
22
98
172
453
248
22
119
75
26
216
29
680
184
21
137
410
393
185
164
226
51
351
604
64
57
673
6
57
228
239
117
16
74
169
88
86
178
552
3
578
182
5
462
102
47
53
49
104
4
64
374
261
569
51
178
109
1035
17
371
196
42
522
128
432
7
78
10
56
187
609
55
855
215
45
144
107
259
224
440
110
255
78
761
71
603
51
1319
145
17
201
3
542
516
98
15
42
215
60
156
215
65
89
58
348
442
41
284
100
277
97
104
997
144
384
100
344
233
62
184
13
281
182
92
110
480
287
552
216
466
670
344
100
641
355
285
14
52
522
147
117
258
301
59
103
68
567
194
122
112
63
105
291
199
486
366
10
2
48
87
44
355
1
674
647
384
146
16
153
559
88
296
95
549
275
145
34
67
198
68
17
71
188
4
169
210
134
121
136
525
88
43
477
379
465
32
184
1
8
21
64
210
89
177
273
145
210
400
720
16
510
24
68
61
30
204
195
22
45
78
34
51
67
535
28
249
33
198
62
71
127
79
159
77
324
28
319
116
75
171
322
180
327
466
99
29
39
13
71
198
451
217
34
69
167
203
107
144
49
294
196
127
94
376
360
59
146
212
145
147
7
141
318
21
51
169
108
166
144
220
42
45
99
296
80
92
51
696
151
234
151
6
15
20
292
85
364
23
72
144
180
111
169
25
84
47
20
24
27
10
103
116
21
31
127
12
52
155
289
40
126
6
136
563
253
179
32
21
129
406
516
33
119
215
36
121
7
407
72
195
766
544
169
611
12
26
430
1264
28
263
32
26
113
212
129
34
99
51
125
758
426
421
27
24
47
168
142
36
235
98
243
69
38
104
47
94
75
32
88
43
6
254
335
51
382
8
335
104
204
21
34
118
108
340
185
4
264
86
304
133
86
103
26
100
185
133
826
126
81
167
171
75
201
25
219
153
94
970
339
146
260
37
24
166
212
248
8
187
178
8
194
58
61
461
84
74
471
12
6
175
319
18
45
29
95
95
17
225
390
227
287
107
205
52
241
768
98
519
15
235
14
144
29
430
462
48
29
139
110
348
551
224
190
269
391
148
104
331
451
406
99
181
446
23
18
486
285
567
197
39
77
42
39
139
446
104
654
2
50
154
48
89
306
66
458
491
32
116
178
163
111
541
64
178
111
249
132
246
179
69
187
148
88
22
207
168
600
112
88
74
73
15
13
12
22
156
1171
83
201
564
145
189
121
65
5
378
154
112
727
551
668
122
299
89
265
155
493
28
342
35
47
129
10
383
128
38
471
41
126
18
377
38
133
327
50
472
95
477
97
160
109
295
27
127
325
113
721
234
34
116
131
101
412
47
19
259
216
315
218
154
19
168
70
95
150
339
120
108
72
207
18
128
101
51
302
601
172
349
164
373
57
180
98
154
487
166
7
198
166
386
78
144
384
159
118
445
97
36
80
1124
681
65
257
225
46
34
23
24
45
748
587
98
316
155
124
168
25
521
119
179
370
30
70
196
792
28
270
32
144
49
141
115
294
92
90
268
393
60
282
289
1
215
166
315
25
13
19
15
133
8
422
267
409
61
123
763
471
280
178
215
22
41
24
24
79
353
6
82
21
18
366
74
149
899
321
200
59
316
28
51
57
724
364
68
271
240
38
64
66
49
91
11
9
24
266
977
125
481
250
52
93
4
581
270
152
114
4
168
681
47
489
313
364
35
325
160
64
281
57
324
723
212
110
7
625
461
116
210
55
47
96
65
380
71
27
210
1538
315
160
89
262
194
53
30
515
91
50
548
910
176
732
120
17
155
14
105
40
69
278
56
502
215
675
115
113
921
466
50
29
51
238
386
271
44
87
51
97
239
143
569
32
42
24
240
475
240
179
16
293
402
224
148
1027
159
92
278
256
5
63
52
86
49
256
1
491
564
1
183
76
190
12
36
252
103
427
194
816
70
56
5
138
11
222
361
38
140
122
90
11
34
228
9
68
187
403
366
429
242
100
103
8
484
47
68
96
495
782
434
12
366
56
85
389
27
228
28
96
136
15
140
126
1067
15
202
320
174
82
139
1471
38
42
95
17
265
71
19
160
60
169
280
19
41
309
48
13
43
23
532
288
356
4
140
266
1044
354
163
650
216
73
47
82
442
151
383
46
167
189
121
87
323
67
17
63
151
6
468
8
49
350
94
231
39
16
306
84
119
354
652
15
252
489
68
228
54
5
282
96
55
106
84
197
286
49
76
1216
107
21
306
116
1
40
40
260
152
857
392
134
136
104
182
203
637
65
32
157
114
277
186
323
516
515
342
561
45
575
138
455
253
19
75
200
43
743
218
236
56
125
83
22
24
88
324
100
586
130
70
33
161
58
145
420
31
87
9
171
4
139
63
330
225
15
10
242
66
138
267
184
1022
43
521
341
28
627
143
68
173
164
83
119
140
157
43
55
278
388
59
150
676
101
388
312
388
15
200
122
181
137
463
235
347
346
109
1
50
592
57
134
22
158
670
21
9
24
536
266
631
172
330
148
202
183
18
26
39
22
335
108
77
41
60
110
23
723
243
261
443
156
29
97
21
110
691
136
291
466
202
114
74
192
30
1025
124
164
94
70
453
27
110
352
127
57
136
127
166
54
292
320
140
106
434
173
140
31
53
258
26
84
309
192
241
10
293
22
257
42
262
7
193
19
100
211
488
373
447
260
60
35
233
260
60
246
334
464
179
202
259
194
101
77
127
313
91
493
81
257
157
406
288
62
68
451
273
168
89
183
83
75
183
66
203
277
44
10
336
101
770
312
150
254
251
42
89
228
425
52
158
119
434
120
222
32
45
112
181
729
89
185
72
162
82
19
422
341
47
143
98
77
200
128
317
65
12
299
258
52
39
643
50
180
167
58
56
10
827
150
35
938
75
108
376
2
168
11
297
188
6
213
194
35
388
142
311
64
55
97
112
179
145
14
61
42
53
12
411
164
195
3
265
122
121
15
202
116
263
180
297
143
53
140
45
188
72
242
393
104
513
294
524
34
143
124
221
825
98
28
153
135
115
221
257
503
405
13
508
369
188
27
111
200
54
157
103
179
647
342
121
18
191
38
64
143
25
6
154
121
93
43
325
409
19
57
193
216
133
90
160
110
80
2
93
327
74
266
20
56
38
183
23
119
219
69
23
131
200
197
11
303
92
114
376
586
179
126
1
222
16
103
668
186
91
176
84
172
160
143
271
508
193
273
122
85
62
70
224
21
240
16
138
413
105
150
112
41
71
4
163
215
59
20
45
8
148
36
37
48
496
288
105
45
78
537
51
86
120
349
319
195
73
36
57
89
90
181
465
62
471
166
12
13
132
326
428
174
680
4
293
238
45
395
269
412
213
327
52
274
22
933
475
148
299
216
292
175
593
56
49
20
121
262
90
5
12
96
54
78
44
101
36
265
9
204
832
607
80
731
99
159
593
92
5
135
310
68
196
185
261
155
494
316
80
24
117
105
28
28
17
164
13
143
122
276
515
102
812
222
102
5
250
132
162
1
282
116
89
273
127
47
22
4
29
244
59
65
85
334
230
363
340
335
272
156
383
424
38
489
37
129
62
138
71
971
81
104
76
138
380
241
12
449
79
235
186
97
74
280
51
154
164
276
122
347
303
205
210
891
598
111
167
8
223
500
83
57
154
167
138
3
671
310
51
429
131
7
209
190
469
11
76
185
113
174
181
159
10
534
55
212
66
205
320
56
246
296
28
27
63
531
241
162
280
190
489
24
142
786
41
98
323
203
635
283
344
148
110
36
291
138
22
38
3
271
17
45
325
145
10
53
128
110
481
472
187
276
34
55
41
622
258
500
22
615
175
124
20
52
257
14
139
103
338
166
380
94
49
53
265
169
169
440
532
113
248
16
61
267
16
203
29
362
94
208
59
106
248
445
123
339
421
404
35
218
12
163
84
212
190
424
193
81
63
29
65
337
65
66
319
18
436
103
348
720
354
51
11
96
637
610
691
435
391
103
928
67
175
189
408
36
62
485
505
36
330
260
841
459
94
681
203
65
477
86
166
41
98
146
195
49
8
61
146
138
53
255
180
50
61
453
222
647
288
73
118
100
571
32
94
132
93
319
160
285
157
2
142
285
537
195
120
52
281
33
378
40
34
20
472
106
8
73
342
167
68
61
84
78
150
176
186
348
50
209
208
585
69
200
212
122
575
375
87
243
1
227
157
532
97
2
48
282
673
119
54
692
192
45
23
49
140
633
229
218
130
193
96
52
272
42
367
137
138
254
139
445
302
193
6
50
61
40
29
26
40
211
228
199
27
282
172
77
482
463
122
44
66
6
160
607
179
91
283
170
60
844
102
4
37
126
173
779
268
148
210
87
503
671
287
131
294
309
535
352
430
291
194
21
94
105
71
119
191
169
536
383
136
190
470
63
85
112
73
194
84
43
14
57
142
34
541
485
25
92
240
513
209
195
250
142
18
146
24
1
232
529
267
679
11
306
48
328
177
116
37
3
45
159
10
178
92
246
134
317
75
314
273
275
148
61
24
7
83
80
344
425
300
68
99
3
97
463
399
282
61
32
707
138
9
38
179
26
4
347
166
124
22
170
67
106
509
43
9
275
213
7
183
74
591
46
587
167
153
178
272
49
349
503
89
443
40
406
9
164
13
112
32
253
359
116
413
999
88
205
170
45
33
8
649
133
88
681
77
214
30
232
17
58
362
370
346
127
147
214
20
174
47
35
12
359
114
85
106
159
109
162
191
104
150
779
295
173
58
171
57
317
112
59
117
444
571
257
238
803
170
299
300
365
57
97
659
161
113
121
31
20
336
181
517
369
19
243
53
255
715
272
79
626
51
167
278
32
433
18
34
209
113
230
126
616
16
38
98
17
575
35
213
189
79
33
22
127
262
65
449
4
655
494
960
176
586
27
61
787
139
38
51
33
309
12
434
145
224
80
226
21
235
13
422
13
364
77
178
242
550
820
209
158
278
57
148
180
187
205
174
83
252
562
287
210
521
310
21
17
26
91
9
281
756
864
19
92
80
513
223
113
313
81
263
84
648
190
9
90
331
11
212
28
163
16
132
289
260
1007
143
38
177
147
147
217
246
804
478
111
396
140
132
4
693
9
257
109
76
187
145
271
280
142
294
53
31
761
558
178
217
2
413
69
83
275
1
476
95
74
70
20
187
77
1006
67
270
12
158
281
193
158
279
11
53
98
167
133
225
288
149
231
320
96
68
452
267
252
50
9
16
118
163
45
344
85
6
151
681
156
127
71
306
122
105
18
199
64
4
249
126
62
132
18
315
423
41
109
53
343
278
20
132
20
85
161
384
66
55
145
23
406
22
680
330
20
794
19
531
743
121
237
491
10
444
66
464
138
87
62
93
37
3
159
421
39
212
493
33
153
31
130
47
205
103
208
307
515
335
316
244
150
152
41
142
94
230
56
715
117
501
325
316
179
64
91
29
345
340
5
58
57
17
25
505
225
218
42
462
30
19
100
26
38
62
464
360
57
198
107
118
30
87
93
54
202
200
736
252
100
147
177
309
62
57
185
130
2
152
108
116
206
358
160
574
95
1
155
171
93
84
234
88
52
125
64
150
168
10
65
228
125
308
65
133
36
229
172
247
440
985
27
296
13
518
101
149
348
120
282
138
40
66
120
81
175
109
312
175
94
74
199
227
351
828
268
36
53
61
32
10
319
95
16
93
270
17
152
336
109
206
39
129
344
275
153
181
66
249
36
111
282
12
416
623
137
352
175
270
131
252
436
141
110
88
921
316
272
386
6
88
66
669
103
125
36
441
59
659
196
43
188
35
30
296
76
88
241
94
99
50
199
188
374
240
226
588
171
242
381
214
108
66
280
32
973
147
318
240
100
374
29
11
74
873
215
306
254
73
443
5
249
243
28
87
154
359
234
144
135
366
167
264
246
79
100
60
133
315
5
2
44
57
159
337
107
47
40
60
81
365
267
144
14
98
32
46
575
249
330
285
95
12
22
39
96
336
772
252
97
148
398
135
97
289
349
91
9
49
67
48
392
170
27
558
550
164
166
62
146
260
183
263
359
67
105
495
93
216
143
66
34
10
14
222
30
177
31
505
68
133
62
139
132
256
36
261
305
185
799
128
40
403
380
348
116
162
28
268
22
95
44
11
56
315
20
493
25
140
444
10
45
184
30
348
378
21
38
216
6
1031
257
192
77
250
167
297
263
1034
210
61
118
15
131
132
12
67
26
113
117
435
234
210
335
54
205
261
16
21
242
377
14
73
349
80
315
117
689
215
51
346
13
624
283
116
2
89
718
30
11
63
247
251
93
819
25
32
51
185
270
254
143
284
60
44
10
17
532
346
139
463
100
87
39
28
387
299
211
338
83
14
139
80
755
160
800
206
16
46
14
226
468
161
173
44
548
110
409
44
149
49
347
64
232
810
150
550
6
677
141
81
126
412
327
86
301
162
319
167
194
87
11
6
18
305
23
75
102
370
134
354
370
175
339
425
148
50
91
94
7
136
421
264
205
122
5
488
23
132
73
8
214
204
318
172
65
41
146
183
490
102
335
952
192
128
172
41
68
215
215
68
19
111
71
40
26
327
521
119
115
228
48
228
11
47
197
18
558
28
117
451
255
28
131
151
10
6
111
728
81
793
21
88
454
115
142
41
25
2
2
52
241
19
118
127
206
70
177
35
1194
175
271
97
5
36
370
30
327
815
445
103
832
710
19
24
193
306
130
183
353
57
132
90
72
56
33
252
55
50
120
59
382
22
135
177
1015
264
709
87
7
227
267
582
153
140
282
526
431
79
99
194
106
313
65
335
25
63
234
17
192
107
238
216
92
364
775
94
304
34
214
162
82
7
532
117
55
158
577
5
316
141
208
313
953
2
9
97
134
451
209
165
148
97
152
146
420
155
257
640
136
372
104
687
311
169
220
13
81
36
50
120
502
94
411
983
221
89
31
254
51
114
349
142
219
273
419
330
42
157
121
458
48
74
118
217
567
102
88
77
2
141
392
27
70
165
471
122
141
102
222
74
189
317
56
187
262
44
95
89
168
308
26
20
876
33
256
158
329
53
196
17
115
350
405
305
112
72
329
280
154
298
112
135
99
132
31
445
92
154
98
364
288
314
437
306
364
13
465
95
406
90
79
158
280
127
662
5
71
108
384
321
290
52
557
114
306
181
731
269
45
213
901
286
761
230
33
165
277
354
92
281
17
235
149
62
13
413
176
66
84
79
157
383
36
183
119
37
130
345
110
408
334
154
788
132
449
38
142
88
228
84
51
26
387
242
141
29
113
167
439
353
131
8
179
146
221
334
492
162
196
120
95
86
288
61
420
46
215
169
311
116
161
171
68
291
20
130
300
98
473
39
278
319
19
35
529
271
43
444
5
72
379
88
622
175
174
1052
494
716
434
302
8
115
60
181
21
340
31
237
12
184
139
108
290
33
4
439
251
337
188
621
37
652
57
3
135
78
282
2
10
224
217
70
145
74
218
168
504
58
363
194
70
243
42
22
57
238
179
5
76
93
294
49
127
540
94
134
151
219
282
215
583
9
156
46
242
89
181
277
258
426
127
26
207
640
503
31
51
19
180
565
79
100
134
709
289
121
62
116
376
11
3
102
1
210
157
43
71
55
387
137
48
94
328
211
135
787
189
152
120
356
66
199
162
44
158
197
188
188
108
27
113
60
515
297
80
507
35
153
51
576
48
57
315
54
17
61
112
256
33
91
100
61
96
216
6
119
239
222
65
79
319
97
135
109
398
112
279
25
87
23
193
333
103
156
186
334
875
182
64
132
99
358
56
165
18
45
912
35
219
234
283
94
369
219
119
1
37
19
343
85
159
92
358
147
29
3
138
71
245
450
14
465
33
48
477
291
12
3
485
232
30
90
290
92
122
1
603
342
32
180
321
162
206
96
118
21
16
100
9
262
412
863
13
700
52
426
3
273
113
120
129
255
296
125
264
294
3
4
400
7
16
388
224
157
2
315
58
489
413
137
152
908
181
72
260
3
95
73
455
49
325
124
176
74
45
390
328
425
89
572
64
30
44
452
33
592
127
386
59
227
31
54
701
322
120
381
285
248
81
10
199
267
57
181
90
351
4
142
386
375
322
178
128
885
257
343
209
58
83
104
239
120
123
195
19
263
133
59
15
15
314
291
962
251
70
781
31
3
309
127
125
214
26
91
836
292
368
356
75
302
97
411
5
197
95
282
80
43
49
254
308
125
109
47
132
101
633
87
136
533
9
434
568
32
166
66
161
2
241
52
1173
241
373
69
469
616
107
355
393
117
193
9
60
178
383
50
78
413
248
7
42
1
69
1
75
938
383
513
28
180
109
102
68
6
115
65
51
147
11
30
166
172
33
194
10
138
237
266
120
17
137
556
51
800
1471
34
75
250
38
136
454
267
19
353
131
194
81
9
20
281
279
12
9
156
263
116
597
173
146
309
148
319
260
175
341
751
189
297
106
227
39
294
57
1
290
21
177
40
41
103
359
114
553
14
192
26
278
18
656
170
402
139
487
208
68
15
103
114
152
96
306
20
865
29
314
73
129
410
85
57
22
283
902
226
1
265
79
590
14
258
75
162
57
20
253
20
149
22
201
31
31
179
81
3
45
164
92
439
48
507
48
49
224
21
79
580
73
260
533
138
2
30
116
608
31
417
278
120
60
680
96
54
307
25
224
82
419
189
5
88
564
22
89
76
614
5
340
10
40
322
474
18
91
227
1
152
1
60
157
409
301
162
263
43
302
288
32
316
158
119
7
203
180
93
224
193
125
245
222
28
521
329
120
414
104
75
438
103
54
267
85
87
364
84
1
363
105
112
325
750
47
347
421
5
15
296
292
10
44
530
72
234
334
235
130
408
399
174
42
5
54
474
28
267
219
105
252
82
506
22
109
75
79
19
65
30
56
119
711
93
186
14
86
166
16
135
194
511
563
202
51
42
87
122
173
246
614
107
194
43
157
414
134
14
366
40
32
596
592
198
81
42
196
16
219
540
496
84
53
258
73
47
151
8
484
36
22
319
402
198
230
62
125
506
50
90
34
200
202
300
1044
206
192
610
210
145
80
78
146
125
96
334
22
203
392
14
46
470
353
94
7
460
18
280
368
145
159
33
31
173
24
64
35
493
74
648
158
157
201
185
4
41
392
168
534
372
42
21
134
210
184
216
163
229
54
43
326
6
26
55
32
268
33
118
41
640
189
87
210
464
20
825
150
490
39
48
417
86
244
74
1005
123
776
249
1
3
275
126
119
489
72
64
779
112
165
202
307
98
120
22
289
536
114
5
29
35
164
340
131
62
347
48
508
134
58
114
108
154
126
332
363
263
41
269
506
164
89
152
206
449
125
9
35
167
188
196
422
149
603
70
283
71
38
223
115
878
106
171
70
130
121
311
2
28
167
744
253
201
307
37
106
67
3
372
174
81
310
5
309
242
4
102
43
278
184
448
224
72
41
258
194
216
810
78
649
373
757
35
178
277
70
515
246
118
40
4
53
86
89
339
368
131
32
259
264
145
39
111
269
405
1
78
358
140
162
221
222
254
216
74
50
182
168
146
26
90
283
500
319
81
508
531
1414
272
116
258
327
17
41
35
243
49
6
205
376
4
426
113
15
227
172
69
293
125
138
3
47
24
61
277
109
179
74
205
42
126
248
228
71
151
27
80
189
707
30
331
10
332
459
162
17
275
103
335
386
51
44
339
139
397
541
163
253
6
164
167
70
257
141
255
166
153
261
146
127
382
505
312
65
17
287
82
167
9
157
112
170
88
1
230
133
434
256
52
298
30
552
222
41
224
17
347
115
92
543
209
60
222
237
101
392
190
365
103
96
298
24
153
133
501
124
246
199
155
72
136
32
2
515
60
235
172
108
327
47
442
465
870
528
81
134
66
175
327
257
268
83
57
591
93
193
173
85
80
91
64
13
534
378
80
50
806
188
304
46
80
205
165
3
32
101
364
11
553
244
200
51
217
51
393
187
4
129
176
208
79
20
203
24
640
96
92
271
360
248
266
398
455
721
112
402
17
157
66
395
250
588
220
91
365
310
22
90
105
5
309
168
356
42
63
67
370
239
1
199
34
263
758
149
397
468
30
65
19
52
378
21
315
142
17
102
67
280
167
46
75
235
197
155
76
795
468
27
233
52
239
55
194
95
31
9
108
186
526
67
332
63
344
224
46
10
200
311
84
332
510
376
83
100
30
46
177
307
93
464
118
407
142
31
61
78
592
802
183
250
199
29
54
125
171
47
343
238
226
50
252
192
595
257
617
139
589
111
329
411
178
182
484
896
19
30
117
47
51
205
68
84
221
75
235
169
172
11
89
12
36
180
118
323
144
758
123
384
67
69
131
135
172
497
256
110
229
53
420
211
422
5
46
13
14
139
381
76
98
62
94
44
203
7
490
638
171
132
1085
290
616
21
118
379
116
67
90
127
28
217
196
53
509
388
509
507
112
192
266
102
220
200
66
214
53
417
381
214
42
343
164
3
95
91
457
30
97
361
34
467
402
414
18
136
121
178
380
115
700
309
242
134
36
210
76
116
228
232
80
112
139
71
774
382
160
362
92
139
244
115
64
681
498
155
1055
645
222
97
57
177
134
90
122
50
254
156
173
5
72
55
287
299
281
568
550
990
16
126
265
13
315
218
258
93
469
156
120
26
393
27
47
352
95
467
11
43
64
56
1803
87
4
152
480
38
68
136
599
197
30
114
48
472
29
338
94
69
9
933
424
110
104
107
226
17
197
46
409
847
384
106
90
363
84
303
418
11
150
107
98
104
151
28
94
20
72
477
494
94
30
48
12
71
305
169
117
261
339
62
215
30
178
110
67
90
94
109
23
356
1087
427
121
121
196
38
26
211
691
226
457
267
181
273
23
30
165
203
30
202
27
74
135
36
238
93
54
64
339
22
102
431
75
322
46
90
101
100
245
170
467
171
247
666
105
88
132
73
105
94
53
27
76
304
313
153
133
16
150
100
646
239
419
164
42
307
152
44
106
370
259
344
661
297
174
24
37
5
1108
27
16
59
9
1182
282
83
80
244
92
12
75
2
237
72
6
37
111
38
40
133
354
315
26
80
22
37
178
240
12
593
320
472
108
129
267
144
103
401
48
19
362
171
177
422
137
49
220
1149
510
4
265
51
104
263
38
1275
91
90
212
253
382
160
96
482
96
608
76
105
327
122
457
16
135
181
43
51
117
746
657
71
223
21
192
429
133
92
141
240
446
235
154
198
519
126
175
95
1
77
201
422
23
113
41
3
3
329
340
272
44
79
112
70
286
466
22
102
2
197
20
63
504
45
375
89
56
162
175
144
107
526
95
184
11
78
49
52
42
192
881
182
5
53
480
39
92
208
73
39
144
211
58
145
298
214
7
73
89
433
481
135
371
379
19
250
658
436
129
2
440
33
17
108
302
416
188
21
288
59
41
19
28
333
199
48
419
157
101
82
111
282
113
121
189
413
32
347
295
21
314
195
18
59
73
72
480
217
14
43
77
97
155
130
170
231
55
24
273
14
14
304
43
227
89
144
28
142
299
2
1028
32
84
70
365
135
260
347
123
48
37
161
135
101
4
34
36
16
110
501
832
32
6
119
1151
96
58
280
476
804
9
334
274
119
206
51
73
30
58
4
14
93
30
57
361
96
24
103
337
1
405
78
72
111
24
189
297
341
1
50
158
55
394
58
264
197
161
171
265
45
195
100
626
43
160
73
1
31
34
671
6
246
188
682
135
62
785
2
10
34
401
547
269
590
844
329
59
152
66
133
127
102
114
517
630
616
77
265
264
46
79
14
450
207
5
131
117
271
34
373
570
304
110
430
65
134
4
114
47
53
93
12
586
37
26
12
133
35
246
140
394
331
205
98
24
136
350
118
31
213
832
330
38
72
186
5
9
660
101
160
16
3
253
91
241
220
636
240
161
145
76
161
77
507
689
18
678
32
19
109
221
148
226
8
9
157
234
64
2
44
106
10
580
96
164
121
87
295
16
54
289
650
20
313
27
50
4
303
81
253
49
538
42
171
64
34
122
159
70
152
57
257
43
66
135
11
128
80
195
16
115
146
77
211
80
21
103
22
83
169
231
157
626
130
721
293
217
56
481
172
97
215
519
326
252
17
765
763
96
695
78
441
379
395
2
613
215
77
88
235
80
3
19
38
106
146
95
300
172
387
137
24
60
134
71
109
319
268
65
76
161
80
89
58
710
12
50
124
12
62
70
340
52
31
46
94
4
133
390
910
180
3
445
389
172
337
251
61
21
5
361
117
183
77
262
473
71
90
549
816
382
260
191
8
26
121
68
30
163
303
631
146
28
47
96
259
79
106
195
273
28
36
248
643
130
349
152
80
38
138
260
159
245
122
331
200
549
489
40
225
34
299
77
43
120
102
354
392
375
3
165
1
53
401
158
231
131
244
592
242
303
218
288
103
198
37
124
177
117
647
79
105
68
330
225
163
217
3
244
189
344
78
36
447
186
71
172
211
59
302
62
547
33
146
326
2
710
164
59
191
59
139
288
818
289
41
387
421
253
610
13
163
64
5
33
798
67
21
203
25
308
367
381
213
33
43
47
11
114
68
628
32
357
470
25
62
273
41
303
32
106
174
164
136
169
275
86
164
33
96
34
160
103
210
40
46
141
70
501
117
12
749
116
82
131
4
189
83
262
10
125
12
95
262
115
112
112
24
221
202
520
251
31
208
303
544
333
210
293
427
132
70
52
52
217
9
83
33
13
139
167
922
4
9
22
245
153
180
459
242
25
549
40
33
49
77
543
100
103
293
86
139
8
597
219
185
226
393
104
17
417
65
117
44
208
54
483
66
68
117
99
13
321
477
79
45
177
235
52
237
241
14
136
34
74
695
120
204
202
19
142
13
13
102
439
336
205
138
720
239
257
204
202
248
474
252
193
381
11
25
90
128
161
282
69
78
197
28
1090
362
301
285
79
326
48
355
309
661
101
107
72
216
124
16
263
30
262
56
34
160
1
36
99
81
446
304
226
565
466
113
13
220
116
188
96
139
149
275
88
266
100
65
281
87
254
387
23
316
211
20
427
50
113
189
241
370
281
320
114
113
212
18
278
170
11
22
8
326
301
157
34
42
48
22
7
109
72
73
152
24
32
176
176
58
494
127
7
160
61
40
40
220
778
150
143
631
29
108
141
363
87
357
21
84
149
198
228
766
189
673
29
129
307
285
445
138
202
647
124
666
200
5
98
1
176
106
28
46
74
121
359
44
51
119
115
44
20
74
18
190
207
185
92
58
53
95
66
69
89
150
108
166
40
31
90
61
283
188
273
215
66
354
514
549
607
117
287
251
305
75
131
95
936
44
10
297
56
483
15
112
119
353
217
319
74
15
60
258
98
47
359
201
390
430
144
180
243
18
4
354
156
152
565
313
360
577
76
82
224
164
108
37
393
275
74
17
147
11
16
33
606
149
50
107
556
222
41
36
52
399
132
117
108
174
98
378
609
63
223
48
126
55
81
56
32
95
335
321
104
13
213
291
150
17
14
59
144
651
92
24
411
135
308
109
159
307
176
2
251
327
596
201
215
174
217
397
119
8
710
74
213
306
229
62
303
195
432
94
221
59
80
95
174
432
457
184
38
43
30
45
19
106
81
331
97
550
22
236
142
63
527
530
10
198
231
331
720
26
150
655
175
282
43
92
432
44
29
319
191
169
137
339
197
35
85
490
406
96
41
411
212
341
37
624
123
256
8
7
642
282
43
40
152
102
473
608
496
313
33
305
71
103
631
261
133
85
391
19
114
240
70
2
335
218
148
209
388
473
622
6
43
538
108
34
423
358
66
130
101
57
589
72
268
445
216
63
106
131
18
120
136
103
214
41
141
1070
36
54
73
275
139
94
246
64
19
821
19
111
633
277
205
93
414
14
157
668
176
55
270
71
171
16
161
253
82
558
369
52
189
486
622
149
171
22
32
191
116
262
249
61
113
11
164
40
192
287
108
61
163
497
106
272
54
3
49
179
57
69
152
810
256
379
13
55
519
258
268
5
7
112
102
33
7
29
214
481
48
8
34
30
57
8
573
906
73
68
39
232
31
254
413
25
243
41
689
190
32
48
74
292
314
18
442
190
547
48
6
5
6
145
210
227
38
338
125
110
95
419
50
99
196
40
287
236
22
3
24
17
224
2
64
87
711
217
5
447
37
699
93
44
319
304
431
227
230
518
232
210
96
272
54
322
29
19
232
1184
338
108
4
325
305
7
205
135
40
23
260
607
179
168
646
78
172
100
546
212
816
145
497
137
178
331
44
270
649
84
260
154
16
114
77
212
183
215
5
25
88
81
5
128
492
196
230
146
297
423
734
364
26
46
13
1
195
691
38
277
54
69
165
7
124
16
259
51
19
269
190
96
320
46
7
378
235
54
2
24
31
264
63
42
753
15
189
114
117
18
79
19
521
291
122
112
458
77
12
359
13
181
47
216
30
174
641
46
77
659
1758
216
300
108
39
95
69
224
214
63
89
825
494
263
390
14
65
427
213
25
49
143
38
3
43
156
88
63
25
93
7
360
78
529
26
91
33
315
202
7
432
48
4
128
70
94
234
585
129
299
83
95
46
2
496
58
157
362
292
12
444
478
503
87
52
482
591
770
268
159
113
206
169
39
108
75
474
115
523
209
23
247
478
1066
25
313
204
7
367
170
10
239
308
19
475
130
165
333
100
198
173
127
555
123
175
73
440
56
69
10
505
410
340
137
216
344
29
11
148
160
58
986
45
480
96
468
291
210
292
12
516
209
105
23
63
479
99
600
26
704
17
12
396
308
368
39
54
226
156
238
183
128
151
168
172
98
88
14
24
300
423
70
88
87
11
260
93
448
10
234
29
38
1251
9
311
7
3
1248
196
88
249
86
268
516
8
784
422
305
134
2
104
53
150
98
372
2
113
76
8
301
47
76
71
133
406
69
175
251
279
117
33
193
25
89
215
143
259
29
32
261
203
419
570
382
530
108
447
407
166
169
487
101
25
363
79
150
185
331
675
107
18
44
137
43
77
304
502
71
29
32
287
345
294
156
416
613
473
231
86
32
163
506
129
11
192
135
64
415
48
79
142
39
194
38
222
301
692
104
517
352
101
91
122
197
559
177
43
76
402
250
101
4
192
141
10
146
30
258
157
17
313
68
194
144
168
139
8
9
345
260
513
22
56
85
71
225
70
77
260
42
335
55
170
205
8
41
328
7
246
47
417
217
155
393
164
106
259
151
73
191
254
694
2
183
1
400
245
128
15
288
34
67
85
51
278
29
47
154
286
74
589
349
90
23
274
515
110
77
135
348
145
23
182
15
23
61
178
508
116
135
190
217
1
317
210
367
34
173
191
392
292
149
15
232
113
404
315
18
34
34
376
38
14
19
135
230
2
141
146
262
183
37
85
129
199
94
146
133
86
9
360
38
151
79
442
25
388
93
34
216
157
77
96
174
235
22
146
42
81
47
439
260
201
481
316
98
58
31
78
296
55
158
156
46
179
353
326
213
286
3
104
236
49
214
62
63
128
214
468
225
156
254
104
166
82
22
171
69
479
239
8
153
16
18
137
107
84
193
330
14
186
33
46
560
211
140
63
227
353
53
629
652
597
395
89
24
363
18
101
334
142
20
54
344
123
195
165
715
2
276
136
82
44
26
75
421
36
210
282
128
152
66
18
173
248
510
200
124
192
39
13
66
309
408
14
472
79
20
234
295
224
270
9
214
230
50
172
244
495
91
230
152
236
48
309
299
344
214
248
510
138
215
129
282
80
4
68
65
618
101
519
110
59
177
53
121
165
249
588
82
492
95
184
610
289
107
214
148
27
69
220
5
207
307
197
3
164
2
58
204
767
103
107
58
144
274
114
89
220
366
124
103
2
443
212
11
158
56
96
142
73
147
37
144
168
301
182
155
279
301
443
513
91
592
97
73
12
32
189
53
41
330
58
59
443
173
173
92
40
5
270
30
438
141
129
87
26
350
170
160
5
261
275
64
113
371
36
88
83
42
79
32
200
312
156
697
21
171
247
213
33
9
189
155
59
419
118
261
138
19
345
755
79
268
581
11
354
399
40
428
211
262
257
102
434
529
212
82
3
136
700
429
69
165
648
163
190
268
149
10
56
238
250
127
126
32
48
367
168
281
565
20
30
24
163
138
34
83
1
387
387
104
424
57
297
334
382
279
6
214
283
510
55
271
246
99
20
288
389
118
854
52
13
474
295
31
36
39
1268
21
20
288
239
395
161
35
25
926
117
105
103
223
303
45
251
69
89
356
235
411
317
426
301
674
56
684
98
17
128
98
76
60
151
1
120
413
238
56
39
62
745
150
133
68
346
570
56
96
76
182
182
50
151
100
723
195
66
202
208
228
4
69
85
363
1
54
405
517
187
88
36
293
324
349
403
132
248
110
268
2
78
47
893
6
34
114
601
336
14
866
15
31
489
67
229
344
74
379
161
685
41
163
196
188
89
272
805
239
391
30
124
32
47
487
436
730
91
228
113
28
176
346
3
33
422
666
59
37
79
583
572
110
485
30
120
387
37
115
24
375
66
329
3
271
478
222
34
50
118
6
129
29
484
214
223
379
50
36
83
320
6
85
80
40
415
183
422
161
402
306
95
75
174
90
85
238
118
35
141
99
64
182
137
83
50
258
21
388
369
514
160
188
134
178
369
182
274
219
135
248
36
94
274
577
639
615
271
441
539
304
134
171
77
249
55
59
298
797
38
59
55
141
385
123
408
535
122
139
319
66
46
73
420
150
6
13
47
634
369
37
176
212
138
81
211
525
328
81
545
21
202
184
138
100
164
41
113
88
851
41
440
185
70
69
483
63
418
121
249
664
196
86
244
189
301
239
533
3
200
3
34
127
12
487
73
67
75
173
148
160
21
108
131
3
92
173
62
88
312
93
121
304
105
49
234
48
106
37
106
651
140
235
757
45
394
231
552
20
23
107
177
552
70
112
194
24
95
12
7
59
24
159
2
115
395
145
7
262
78
247
546
745
157
271
10
27
74
414
62
685
67
111
37
208
521
510
620
249
197
172
103
33
5
38
154
40
982
749
78
35
67
285
594
133
51
140
21
307
141
483
279
60
147
77
448
152
42
15
255
382
282
663
210
617
162
476
331
128
34
68
53
46
490
51
134
29
89
66
613
120
104
236
123
154
372
295
136
36
24
141
277
309
277
3
35
69
174
437
39
1328
10
22
154
73
221
129
39
307
23
86
156
23
320
176
7
185
196
111
308
355
175
85
126
886
560
130
99
141
340
249
176
220
246
12
23
186
379
88
55
148
691
618
409
123
80
109
260
125
171
440
231
157
79
35
446
33
1236
19
477
216
348
119
175
181
148
272
461
725
186
40
136
209
313
75
12
515
130
141
95
88
276
276
45
6
468
1064
204
41
575
160
93
155
2
203
73
27
50
258
715
1176
515
256
85
229
288
186
71
210
168
189
107
258
159
160
112
261
265
93
491
49
30
149
150
203
189
67
131
335
407
155
128
800
205
54
327
90
108
789
442
136
294
751
406
56
252
336
169
336
15
62
146
181
67
208
50
40
261
394
113
117
441
232
203
603
113
114
125
209
198
165
52
7
21
76
90
314
84
6
479
37
2
28
371
444
112
147
98
22
71
76
17
1
8
204
331
209
342
143
146
250
194
115
316
167
106
325
23
133
384
205
356
98
138
438
424
440
692
256
12
14
20
13
541
254
110
362
107
153
37
24
274
627
617
217
37
24
105
19
478
206
6
18
334
318
78
528
47
180
204
312
89
117
268
753
21
4
133
234
735
313
232
92
152
924
156
61
3
103
201
68
39
332
875
280
110
115
24
24
2
52
146
54
143
79
242
108
65
163
4
171
24
76
112
405
374
209
199
54
23
447
130
797
459
276
43
1
78
13
83
284
9
53
6
155
342
151
70
44
285
46
34
362
151
261
68
225
59
772
341
158
71
283
37
52
223
117
118
38
64
34
79
221
227
64
561
32
238
177
221
184
113
11
94
315
8
91
1
77
500
60
9
26
158
430
309
159
225
19
460
160
28
483
54
23
409
50
90
131
204
276
346
101
296
107
139
260
153
66
36
318
179
682
179
401
449
432
58
540
233
22
11
107
350
56
14
326
38
41
279
499
55
813
182
320
392
332
239
444
2
57
44
172
193
343
18
209
133
19
78
368
17
28
265
1182
106
305
224
667
257
128
471
341
43
780
228
141
89
959
129
142
159
286
92
182
569
271
137
74
161
157
188
46
335
5
29
142
3
432
277
60
62
196
675
140
63
32
182
229
151
517
232
291
81
7
316
61
21
418
30
213
110
3
166
107
119
386
293
25
390
194
355
347
28
101
109
62
86
186
257
625
53
315
151
349
201
946
115
117
49
178
224
124
146
859
130
83
30
508
144
695
63
302
71
63
56
283
21
91
102
46
65
113
481
1258
156
335
341
69
20
133
3
124
21
128
87
219
136
76
199
265
173
40
214
407
94
223
26
468
38
6
133
141
75
224
188
36
190
349
86
69
108
44
336
71
287
103
155
712
178
32
61
5
148
347
151
26
28
173
423
57
35
123
285
313
267
256
676
28
675
525
301
18
448
397
147
25
87
543
300
159
180
22
659
272
56
617
135
128
128
1
51
106
502
341
129
13
72
18
48
622
39
34
282
130
390
52
205
33
458
254
400
281
39
522
62
12
841
179
53
181
36
111
122
58
217
57
701
8
180
265
37
503
35
142
5
919
133
143
64
408
306
95
236
222
378
351
69
89
82
253
158
410
318
325
127
350
534
370
233
34
10
25
58
146
39
643
107
405
322
102
22
571
258
137
56
19
699
132
277
57
52
69
75
104
342
161
280
113
195
231
34
169
587
32
129
126
347
120
395
15
219
10
109
62
309
200
182
153
270
9
611
160
546
55
142
3
146
166
98
167
696
333
1275
36
107
45
118
240
12
437
98
67
313
16
22
617
95
76
512
54
46
25
324
75
16
119
46
54
4
44
10
610
162
54
551
148
106
29
89
92
35
33
23
456
260
174
194
84
58
8
134
32
58
319
315
318
191
309
165
82
72
65
1
154
71
538
304
682
278
61
3
377
295
18
53
8
413
26
9
740
137
61
211
579
189
201
4
132
388
18
369
68
41
22
26
130
127
385
116
150
19
94
309
261
406
141
14
154
126
262
6
199
164
109
400
4
395
210
34
15
121
30
101
309
79
113
381
34
229
494
477
608
502
259
220
340
297
44
2
610
180
470
356
70
50
498
226
129
110
82
132
131
101
252
218
58
53
140
58
37
432
1
67
250
177
10
51
31
33
483
161
164
40
190
71
38
185
26
258
32
163
209
413
376
5
164
42
330
58
4
632
81
96
697
279
1133
65
149
198
616
3
93
67
85
1089
69
409
236
41
93
274
175
93
5
314
151
4
93
186
76
174
32
49
231
334
204
181
249
4
350
204
251
248
62
418
6
215
367
175
140
297
704
167
10
340
86
71
22
104
347
202
85
59
150
383
131
36
326
41
132
228
18
190
24
563
59
24
8
197
204
14
125
151
45
23
148
234
1116
8
89
161
167
21
40
34
63
71
42
288
51
1025
212
810
450
138
9
273
652
376
147
45
151
155
215
625
73
98
252
197
323
62
74
38
46
490
362
1
588
167
142
68
197
175
68
134
81
363
200
142
900
11
84
151
345
342
99
454
137
144
11
24
14
336
42
78
79
18
8
92
189
64
85
281
249
187
37
181
526
291
51
629
460
300
20
183
71
77
40
156
617
231
220
126
165
26
117
103
128
250
53
219
295
197
357
148
32
339
319
162
237
4
93
37
52
38
17
57
45
8
288
110
361
46
110
400
151
47
271
34
37
1040
173
32
107
111
76
71
167
12
99
123
22
487
391
159
129
129
79
33
59
171
21
108
60
123
461
77
227
242
744
222
454
50
684
489
859
13
90
28
171
60
438
55
22
93
227
401
24
6
170
353
206
27
92
274
74
539
101
232
42
337
58
95
25
291
1239
476
108
151
286
106
273
124
587
228
22
465
10
50
175
59
66
209
5
126
632
716
9
46
517
220
247
88
435
11
58
25
965
497
18
104
144
412
192
307
573
103
787
191
103
12
70
227
200
340
144
791
134
1
137
586
51
329
87
258
113
337
237
359
901
170
390
402
369
184
244
119
705
406
20
46
100
38
195
502
150
99
247
206
313
21
211
513
274
137
243
502
209
27
329
177
276
85
12
229
43
3
133
289
371
101
60
661
442
238
491
233
174
60
224
4
496
366
131
1011
218
643
338
151
145
316
506
29
274
163
132
49
51
432
105
31
20
29
289
304
883
23
134
309
29
37
548
61
30
39
485
24
407
66
48
267
53
678
82
78
39
93
100
111
338
78
435
16
691
17
91
30
1036
52
195
25
54
238
136
29
554
98
377
78
712
95
435
78
51
31
77
22
639
309
150
388
14
300
75
35
117
17
68
22
116
51
171
219
220
65
337
744
6
22
35
292
72
3
70
211
26
33
23
141
258
215
18
215
70
11
7
18
45
334
51
87
14
187
166
147
497
39
362
265
83
68
230
228
467
313
91
235
302
40
476
223
349
226
264
168
7
69
94
199
211
334
84
30
367
52
305
398
45
143
654
564
2
61
52
99
158
37
138
1
66
280
449
346
81
96
192
497
8
744
198
221
505
120
63
78
594
67
98
674
117
55
14
258
105
227
169
76
251
114
163
264
481
270
48
66
8
33
84
199
68
559
12
38
381
571
23
86
316
76
141
44
70
37
136
331
24
157
121
722
189
262
417
200
42
87
690
123
118
47
820
52
663
88
430
45
2
87
110
62
1204
47
54
3
28
553
11
143
528
45
179
729
35
8
61
8
366
32
58
398
307
197
19
344
133
267
76
487
223
173
59
245
103
43
205
691
6
9
5
267
417
82
220
4
1
41
802
427
342
5
22
21
1
75
225
26
131
593
143
162
371
93
24
461
13
361
283
252
316
333
34
983
43
860
81
475
138
361
305
237
70
51
157
388
290
5
51
110
318
44
188
128
56
79
694
224
60
12
176
1062
629
111
220
95
82
151
46
150
258
143
407
181
210
84
166
525
121
90
229
195
139
6
251
22
75
407
63
117
134
24
21
206
284
474
56
173
831
230
412
396
132
165
512
71
137
72
25
44
38
288
130
47
421
81
462
733
45
68
519
50
126
188
54
177
35
25
8
431
7
143
455
930
67
43
19
24
211
97
28
201
268
148
136
62
115
86
47
252
310
243
77
188
28
136
472
379
367
293
228
38
180
110
324
18
92
117
852
562
37
46
135
76
238
290
20
125
450
213
209
9
221
17
72
333
196
11
865
160
45
106
60
487
1271
38
18
106
233
47
239
65
72
258
14
103
72
127
21
16
45
40
44
293
34
52
43
192
81
518
79
458
89
117
81
39
325
377
46
79
490
49
298
48
155
59
230
33
152
119
334
670
142
41
329
322
67
326
299
107
359
19
268
45
33
21
541
192
298
453
180
68
116
10
56
112
171
118
32
489
18
92
950
177
45
67
100
29
319
73
75
41
580
398
1
380
28
128
165
136
465
21
214
358
94
25
179
46
81
67
50
30
93
265
414
970
422
112
366
406
38
15
149
137
236
496
428
85
170
131
41
211
101
172
288
189
158
232
303
106
574
25
206
89
152
449
35
350
89
510
1
42
179
68
188
148
78
60
19
62
128
462
55
152
228
328
58
88
141
406
55
143
294
192
26
48
106
9
4
79
222
104
243
94
675
823
52
5
72
55
77
70
155
86
197
38
102
184
112
437
145
190
395
166
97
337
80
110
176
48
20
78
16
396
266
321
505
7
143
88
75
164
52
46
46
65
258
44
109
25
168
29
165
248
4
50
174
17
474
332
84
69
134
56
10
196
390
543
320
34
13
125
60
60
117
393
193
1027
94
352
348
388
497
24
86
326
156
262
93
26
128
69
236
1128
304
23
64
91
323
84
218
468
579
449
61
253
166
51
208
207
435
434
486
219
234
522
72
94
264
528
831
1055
183
403
89
462
4
148
218
22
61
226
71
233
242
305
218
222
33
88
419
50
9
301
46
264
15
305
163
274
92
58
416
23
371
207
314
107
253
243
88
44
477
234
46
280
83
391
5
42
272
100
191
159
19
143
117
179
46
741
753
19
233
259
248
44
256
340
34
315
387
119
235
87
94
51
182
43
80
119
25
229
367
176
433
75
274
226
174
26
49
454
31
109
102
702
95
86
254
225
80
30
439
32
55
193
62
49
109
558
194
126
578
494
492
62
113
7
44
127
320
153
43
7
86
180
230
45
785
1
70
182
508
98
267
315
308
98
34
239
79
297
195
111
254
952
105
396
248
15
21
225
134
103
43
614
190
74
42
52
376
518
404
14
58
81
310
669
82
101
175
315
237
77
49
113
418
89
258
464
477
206
172
223
62
200
55
83
221
24
5
120
147
56
362
206
88
184
462
367
24
255
13
256
192
9
282
41
15
324
57
1363
508
316
50
113
662
129
81
602
711
100
303
402
287
106
165
1352
979
222
104
42
163
311
15
316
472
58
12
707
37
124
77
401
92
110
20
146
201
148
112
