183
385
380
332
477
259
72
423
166
298
68
962
188
231
333
127
188
241
383
274
187
21
323
127
272
291
198
82
170
166
214
38
266
251
62
44
9
556
92
541
165
155
6
317
345
39
3
252
258
145
245
442
53
153
25
7
125
185
110
31
59
40
395
59
338
51
66
25
155
31
52
70
173
107
513
210
69
214
565
217
26
85
583
179
8
419
86
456
21
55
42
562
60
689
29
98
2
202
455
79
463
169
556
154
209
10
308
439
290
204
356
84
121
838
541
146
290
214
221
74
220
92
178
131
15
53
77
295
117
69
362
107
23
10
302
171
299
40
30
236
124
49
31
28
82
79
274
41
196
1017
126
380
35
301
3
91
202
392
134
629
53
197
153
333
184
844
57
220
534
210
50
17
14
17
161
277
89
87
41
586
70
185
85
122
149
87
163
7
96
85
517
363
117
38
33
322
70
103
12
109
12
98
1024
495
267
146
620
61
17
30
284
2
500
313
29
103
237
14
10
301
43
290
29
209
25
163
164
141
168
460
32
299
12
106
31
484
20
104
125
17
5
396
247
106
25
124
408
73
163
961
4
258
113
321
366
689
63
137
88
441
65
227
217
6
332
365
14
192
53
49
107
586
234
306
899
9
723
23
344
28
759
69
264
380
505
252
807
257
416
325
377
291
264
151
773
334
37
434
423
113
247
4
88
670
155
62
63
204
9
347
126
40
308
51
37
715
631
95
258
40
432
97
16
310
261
369
234
22
555
383
109
178
164
126
12
170
1
283
576
296
84
69
142
23
304
30
3
280
74
55
119
579
49
55
309
121
147
180
185
52
483
30
56
40
66
340
142
160
131
330
26
401
92
305
394
470
264
132
237
239
46
88
273
769
277
123
119
22
358
89
272
376
362
55
196
28
363
503
502
6
85
12
198
40
17
39
219
485
95
315
82
34
85
92
115
173
84
53
58
508
394
73
90
729
115
263
162
46
222
48
251
128
550
55
4
347
463
530
65
331
108
243
317
77
473
144
164
98
343
369
22
560
62
44
508
645
103
72
275
6
229
264
156
242
164
41
160
275
265
23
63
194
152
560
205
51
149
197
92
98
701
217
197
6
40
98
23
140
99
256
200
11
57
23
60
408
135
330
48
274
570
89
115
253
91
78
36
282
74
28
81
485
163
35
37
476
46
344
347
207
6
390
88
174
46
164
623
132
735
29
249
122
90
522
314
332
148
290
93
202
359
10
32
201
73
455
314
29
105
10
43
290
494
223
313
289
410
471
533
96
52
61
126
91
70
214
168
623
179
65
958
113
33
858
257
170
496
152
66
25
79
45
160
183
191
49
148
177
5
162
244
284
112
103
195
313
145
755
48
162
25
613
128
162
290
35
43
18
12
336
28
20
683
2
123
48
217
205
384
436
489
143
3
32
260
375
7
478
61
501
101
87
195
1106
729
61
221
90
455
418
90
176
165
37
330
322
240
5
164
42
333
83
59
93
345
109
58
902
67
263
56
21
1
114
179
236
97
211
74
912
106
1290
114
305
145
62
314
135
61
317
298
42
30
126
54
80
72
322
17
75
222
25
206
267
31
53
130
110
73
221
187
7
145
370
376
116
209
38
80
177
93
197
280
17
69
201
144
36
373
384
65
101
47
287
22
203
30
146
248
219
11
21
606
15
49
31
32
226
82
142
73
45
121
665
461
96
123
10
46
61
15
133
398
477
200
49
273
45
152
108
229
903
223
170
46
66
269
805
361
253
223
269
15
6
36
184
182
245
153
287
480
178
335
594
366
192
101
398
32
112
19
99
278
13
507
166
233
113
149
305
102
410
127
39
116
91
95
223
42
295
30
224
232
251
26
365
37
96
223
561
92
472
313
55
58
200
65
100
45
433
53
75
67
158
61
718
242
20
40
212
834
95
185
147
14
321
61
20
299
33
88
147
520
340
362
26
132
164
536
50
2
183
271
227
475
55
71
28
192
238
431
92
65
111
924
439
9
181
260
1525
169
748
11
148
337
564
207
149
249
308
327
10
364
27
34
83
212
157
159
132
105
56
4
801
76
465
15
46
19
119
52
40
109
1133
19
249
136
208
383
68
39
87
151
263
456
186
307
20
418
33
242
256
292
106
79
1
78
458
83
270
31
72
230
187
35
119
147
238
441
457
76
181
18
98
122
648
387
302
37
18
460
362
36
94
396
120
300
69
133
180
1
189
185
235
57
180
184
212
23
516
103
59
24
692
186
26
214
64
381
755
13
316
4
131
13
337
78
51
161
7
661
60
1319
297
86
272
65
320
147
8
83
236
451
408
152
66
435
406
503
11
136
27
116
12
133
10
54
60
57
40
12
300
436
60
710
7
253
40
89
51
215
25
107
30
244
134
19
269
8
11
282
144
390
274
134
9
153
184
60
289
46
89
483
104
87
13
69
7
150
78
70
48
263
137
60
56
201
119
144
469
32
38
99
265
135
588
196
63
91
71
103
55
53
101
625
32
110
48
9
61
11
16
21
123
110
429
145
360
615
231
282
225
58
354
295
195
105
116
129
185
31
98
222
112
369
149
59
169
29
91
7
13
9
569
4
908
97
16
156
175
105
258
859
70
95
258
165
544
19
147
439
56
1
48
308
512
1
168
16
181
133
61
304
183
252
5
142
42
52
619
108
1271
46
233
179
87
143
206
32
63
135
19
540
267
10
48
41
36
36
571
521
131
120
266
154
465
286
2
56
292
162
145
558
117
4
69
39
301
187
126
198
15
6
197
449
798
87
486
5
110
54
217
146
351
700
253
61
361
80
41
25
319
486
353
196
24
1
365
169
376
179
39
349
196
182
50
65
48
629
574
39
348
184
80
305
176
611
53
199
23
10
112
58
230
356
15
246
11
296
55
332
40
88
361
66
13
160
156
325
2
416
5
55
83
23
32
418
9
65
100
10
62
2
47
689
40
327
140
31
34
106
781
36
267
287
190
58
89
253
399
108
68
18
646
150
298
16
460
38
364
310
106
198
251
292
183
352
95
71
133
186
33
127
35
23
349
206
289
250
80
100
10
65
80
152
219
15
307
70
807
59
583
72
180
47
233
90
59
182
255
271
128
132
190
723
121
85
21
319
205
91
204
84
161
289
263
29
29
194
403
4
94
559
234
184
83
85
64
68
113
62
906
155
2
431
656
107
31
318
156
959
233
193
315
319
111
130
123
302
125
208
91
742
207
58
266
116
30
76
101
143
726
9
75
12
269
206
125
275
21
181
139
674
118
189
30
124
75
53
327
77
364
83
124
89
661
116
20
154
170
23
350
127
79
86
34
202
100
73
52
104
309
21
213
111
157
43
410
140
119
14
107
172
156
182
42
353
20
677
24
177
79
114
40
14
147
360
83
175
321
29
44
67
61
430
6
9
248
547
6
167
222
54
64
85
576
12
107
147
99
147
137
56
38
259
502
228
42
91
4
39
424
25
38
278
40
271
949
124
290
28
133
279
103
47
247
97
147
12
391
7
322
1342
66
31
758
29
84
33
160
4
236
214
211
639
311
203
304
233
59
70
195
302
712
206
217
229
101
110
350
215
17
114
405
151
378
407
242
148
182
308
110
21
48
55
50
18
152
58
481
597
420
27
69
192
12
67
13
166
88
35
148
209
134
61
262
120
543
1157
102
132
224
93
49
28
285
23
315
197
258
89
1268
776
60
137
404
18
32
42
334
828
569
61
89
149
78
149
25
77
187
12
50
76
104
33
543
368
415
107
218
121
155
47
16
118
30
538
161
87
139
82
247
70
401
91
38
142
229
239
86
496
66
162
103
10
127
373
39
45
113
65
51
31
852
140
283
54
188
501
199
71
49
41
33
12
38
15
478
154
137
256
86
55
254
627
68
110
98
205
27
95
210
305
621
878
518
110
61
122
22
482
134
151
55
211
27
13
59
606
181
63
158
3
196
139
5
246
71
460
149
43
172
296
20
916
116
2
12
193
102
113
99
81
182
90
88
28
47
75
381
162
88
16
122
121
67
30
203
48
647
217
19
194
465
1069
224
522
85
564
513
46
168
244
179
173
152
366
44
128
174
6
8
98
106
12
235
100
5
322
88
382
448
187
29
147
17
427
203
177
116
54
495
287
289
8
38
3
611
254
53
2
3
215
56
524
15
5
165
209
30
90
75
708
329
87
162
616
221
132
175
540
174
14
62
86
173
108
548
638
194
130
307
153
400
392
52
197
272
141
51
142
143
493
809
434
140
54
20
120
359
14
120
458
255
80
10
133
44
7
7
257
97
75
3
76
20
144
23
454
523
283
222
263
197
292
43
424
429
75
80
2
80
27
147
98
478
196
41
36
100
76
643
170
42
30
528
17
58
250
83
28
49
274
275
156
163
119
23
46
550
88
238
21
138
90
109
61
67
69
115
367
154
443
161
272
16
176
95
8
132
305
250
223
71
35
30
200
689
241
54
18
278
391
123
210
67
246
26
91
17
92
107
119
181
196
930
117
39
2
10
380
148
59
96
381
605
105
94
37
27
136
112
246
140
7
268
16
51
73
552
142
195
198
166
96
27
176
324
367
249
131
133
218
244
428
346
641
12
190
350
300
425
2
434
53
127
334
134
56
118
147
150
124
83
161
41
142
66
15
385
18
2
311
13
18
621
206
409
60
171
195
248
166
231
212
33
309
3
368
145
138
220
545
440
704
269
86
106
35
328
179
90
68
131
117
2
42
315
258
240
711
170
1097
19
20
173
10
21
127
184
135
124
210
47
87
94
279
115
548
52
31
9
421
416
150
200
222
100
148
81
156
345
72
46
4
398
106
45
6
684
84
304
372
342
786
792
310
219
134
28
628
124
260
504
428
72
385
14
108
27
22
65
255
22
108
256
235
306
3
304
215
79
117
46
248
512
55
133
133
322
349
193
296
301
214
691
296
427
68
130
85
625
104
522
24
276
119
126
263
116
430
31
49
19
292
190
189
595
205
344
459
34
99
315
124
237
30
74
545
46
337
213
369
136
99
40
305
73
139
422
173
63
124
243
44
145
70
368
313
502
415
226
247
119
288
203
341
168
385
213
746
45
99
131
2
39
129
148
4
218
210
133
99
159
217
129
77
47
654
343
48
239
20
84
331
272
143
52
90
182
588
76
256
31
556
532
219
69
158
8
78
13
550
491
8
103
400
13
144
26
227
170
161
1006
509
233
75
121
33
266
80
351
8
43
49
212
88
16
87
686
673
102
109
17
93
428
27
316
510
218
541
153
78
49
48
90
121
43
161
78
41
112
223
32
46
303
254
237
138
17
80
41
164
420
59
205
533
46
616
155
33
15
609
19
267
631
75
43
57
510
17
121
15
219
13
69
1
38
251
170
45
45
169
282
196
82
794
3
167
303
166
68
84
226
36
288
270
23
230
263
82
153
220
67
57
454
444
356
124
10
462
545
62
311
298
85
508
52
844
328
43
192
244
154
278
122
92
419
25
12
433
13
48
67
72
179
24
223
64
43
14
230
44
302
121
69
88
122
232
188
399
734
239
325
370
200
22
792
184
21
192
73
43
23
382
4
42
142
7
199
6
199
297
610
271
116
142
56
119
117
195
26
114
342
540
150
38
283
178
111
23
114
661
114
181
205
233
40
286
140
86
141
250
60
4
78
440
184
29
66
464
136
452
1538
261
780
257
15
179
559
415
157
88
55
376
27
328
66
195
322
215
99
93
27
179
6
236
372
49
68
1
27
69
208
33
17
2
118
392
333
264
11
20
239
5
47
520
32
60
131
7
143
275
79
94
106
207
261
36
39
145
402
285
186
466
306
135
311
269
157
22
48
555
337
369
357
4
98
352
92
20
158
287
152
24
337
184
96
174
1
63
166
321
11
4
197
275
198
137
31
193
584
40
365
64
307
43
135
123
34
33
281
43
196
26
229
10
242
63
31
343
81
75
368
71
457
88
45
161
275
48
280
163
225
314
85
145
91
228
334
235
57
122
88
28
242
431
92
17
39
162
450
141
9
13
119
125
331
79
112
286
162
33
354
230
19
186
133
38
329
76
148
64
258
66
77
48
191
74
183
587
291
191
561
137
72
285
105
668
149
118
140
156
73
71
38
85
443
59
21
122
45
168
594
747
3
27
442
128
9
23
674
187
88
167
219
93
26
25
84
233
30
45
251
298
21
23
39
23
29
84
26
74
131
98
2
327
403
125
103
207
139
125
218
54
35
138
163
112
91
75
126
268
15
9
119
14
420
136
352
288
46
118
176
98
111
40
48
713
100
267
68
44
89
8
130
52
275
127
43
231
263
924
178
117
24
105
39
264
113
379
247
75
373
22
193
14
216
360
219
485
7
87
14
72
346
614
306
45
5
140
56
413
288
63
24
85
91
227
127
340
97
7
1116
730
29
350
116
116
209
240
14
65
175
230
87
401
590
324
163
781
55
182
127
120
379
266
6
46
73
51
1000
16
49
94
123
45
134
20
88
78
243
178
248
565
39
18
399
140
199
206
90
196
902
251
269
177
51
116
532
2
263
92
141
912
56
217
123
206
230
88
299
57
751
319
131
972
68
398
103
161
187
2
89
103
49
308
1428
39
640
464
1
588
320
108
387
279
199
37
614
41
349
5
45
125
127
17
392
271
272
74
398
15
125
453
72
320
45
250
71
346
766
26
4
119
1121
202
908
65
95
192
137
524
93
135
51
564
4
214
504
253
246
223
56
348
198
298
155
150
170
92
301
396
9
158
87
32
37
61
585
45
83
50
51
41
26
23
151
92
75
52
81
219
234
39
195
76
93
173
2
143
71
177
222
83
287
24
682
455
134
139
391
412
46
205
426
136
49
43
462
33
425
612
87
160
157
2
41
277
329
251
57
448
236
39
73
5
176
49
110
300
133
150
607
91
144
5
320
187
30
9
48
107
20
126
366
163
125
79
46
13
453
12
98
9
108
494
21
100
328
259
404
16
6
133
159
127
208
703
460
139
257
501
114
1
38
401
56
20
1035
61
9
453
116
580
31
156
126
159
171
213
166
707
11
75
80
133
12
236
348
167
245
91
31
10
197
133
37
255
185
296
4
485
36
196
18
43
364
42
44
309
82
266
369
284
75
48
584
189
946
61
26
86
80
190
484
199
581
30
1037
15
164
116
290
83
26
81
78
17
96
1
67
76
18
64
126
89
175
259
301
480
596
26
117
83
130
409
447
353
205
645
101
109
83
34
328
172
167
349
131
88
63
53
296
305
196
197
22
145
100
5
15
103
197
560
159
4
119
905
70
305
12
226
653
274
293
44
12
198
54
198
272
54
188
78
7
332
367
418
63
114
390
137
104
15
335
21
7
82
30
8
215
181
200
257
28
135
62
13
298
126
695
788
28
105
18
625
311
860
253
343
78
318
239
271
255
414
99
241
86
249
8
70
427
83
448
60
40
169
365
124
168
7
238
377
140
6
855
6
22
407
82
730
124
276
50
180
68
267
81
167
297
9
51
64
45
12
127
33
53
90
20
82
95
52
115
480
172
252
42
213
97
831
394
171
263
473
79
19
260
161
249
54
117
226
94
236
43
281
16
2
59
254
54
357
139
564
74
166
454
168
37
37
96
351
166
170
5
88
142
136
1
41
237
676
80
119
283
137
304
108
151
28
12
643
10
80
167
3
150
531
399
32
844
24
43
392
325
206
13
209
393
68
108
124
153
268
58
210
54
368
54
912
262
163
70
412
512
106
162
59
99
371
253
129
73
62
59
145
6
39
114
329
14
38
196
40
176
56
405
10
64
24
37
100
229
8
125
250
366
439
312
123
72
393
156
13
95
192
88
44
314
66
160
78
102
14
191
25
68
464
234
410
478
470
151
141
130
8
473
47
93
315
544
93
275
59
61
399
11
93
191
63
261
311
226
35
265
23
261
1
42
371
14
351
316
8
194
42
72
278
330
160
233
92
1664
252
77
4
210
79
296
608
143
16
172
57
512
266
153
209
209
156
486
507
41
18
37
158
18
60
116
17
45
103
159
17
83
41
235
400
78
86
168
3
380
512
35
505
55
629
387
62
101
107
42
245
18
66
388
230
468
144
61
214
593
455
74
192
210
114
204
51
266
74
15
106
318
18
103
317
108
42
87
281
83
60
366
134
210
149
69
517
107
246
55
342
300
201
496
417
705
20
7
56
44
10
140
53
378
332
77
171
21
61
64
28
44
236
300
65
184
101
134
651
67
172
546
201
56
230
498
799
233
282
352
315
371
412
228
297
384
74
4
229
287
132
120
191
4
69
2
319
142
548
12
245
152
335
1
426
278
174
118
65
151
910
17
123
224
169
3
165
1400
289
245
60
267
194
79
219
47
187
201
138
306
217
48
67
147
19
44
13
159
82
53
76
168
80
566
158
147
97
140
81
343
80
225
36
43
506
502
599
144
34
380
156
228
163
279
10
615
7
87
102
259
109
185
421
50
65
210
17
12
7
276
9
43
26
77
731
30
19
386
88
3
112
584
334
72
15
14
166
425
59
107
349
50
303
128
662
55
72
156
324
329
246
570
411
81
52
25
973
115
74
86
869
31
422
73
485
176
28
32
192
236
80
106
1
333
353
88
309
266
371
10
39
29
12
406
48
334
249
212
53
310
50
47
38
227
533
103
36
78
25
172
48
27
312
126
72
26
119
87
303
34
76
233
95
58
47
471
229
153
181
181
113
265
576
356
120
269
765
326
186
31
444
150
171
61
34
321
344
190
849
36
182
67
20
18
74
47
279
6
23
277
411
248
8
218
14
50
177
309
97
40
1080
147
305
294
31
148
458
257
94
184
62
19
24
61
147
572
179
455
279
317
158
12
142
389
52
333
202
638
166
198
130
68
335
296
176
221
173
224
128
206
134
55
169
1
107
167
496
15
162
14
266
94
62
101
115
869
448
58
39
54
173
106
164
725
59
13
166
40
289
354
69
12
109
148
215
101
331
4
166
91
61
69
243
145
280
10
163
33
207
466
229
348
11
201
455
42
52
101
120
382
318
118
271
166
29
70
282
82
354
304
251
342
131
1
26
168
255
202
268
132
331
152
187
21
193
28
261
665
95
193
119
356
943
76
39
372
78
56
163
137
50
92
179
146
245
130
524
128
19
30
343
50
114
271
433
4
30
18
60
116
10
112
51
387
435
177
507
231
99
445
51
29
595
199
97
204
33
344
150
287
3
394
189
236
68
847
484
32
231
4
218
365
75
90
514
60
54
271
62
623
124
192
98
22
45
291
57
123
273
1178
313
168
373
126
431
77
384
164
161
201
160
323
18
132
642
318
33
638
3
190
127
198
97
202
33
384
93
76
76
83
30
331
14
189
39
633
99
192
82
183
31
51
57
210
202
304
139
630
843
132
106
93
288
290
255
1
17
113
19
36
229
275
238
462
35
47
326
227
359
43
215
19
132
61
143
25
101
57
36
492
704
569
363
154
85
147
278
200
48
128
44
155
106
54
142
289
87
62
278
77
471
279
124
382
376
224
68
22
108
131
436
173
26
9
517
698
96
32
130
62
12
45
274
3
155
119
95
263
100
70
59
475
59
19
22
165
767
934
272
385
250
38
85
245
509
18
148
415
2
792
194
135
178
120
5
138
14
28
353
779
139
98
297
350
137
21
220
260
18
82
64
624
65
25
492
450
78
652
237
322
79
126
191
277
59
199
145
61
663
26
23
152
90
54
809
315
51
284
582
248
373
109
129
84
13
43
242
178
273
36
260
203
107
29
194
77
638
282
584
457
39
84
38
59
28
27
303
413
1008
33
123
247
105
160
40
67
867
96
150
16
17
295
28
196
75
188
144
77
19
114
57
90
187
344
243
379
113
535
65
129
81
118
117
292
97
201
112
103
615
274
526
133
229
124
193
84
6
186
433
256
138
391
170
558
30
226
22
419
88
29
330
86
264
479
374
300
398
36
133
215
345
121
37
313
96
139
31
247
156
554
11
81
139
350
70
62
189
25
133
261
125
312
514
179
216
461
85
126
102
52
354
90
109
289
49
334
127
281
386
1103
324
144
10
330
433
256
1444
78
375
118
234
209
310
167
101
204
159
411
81
107
2
144
36
36
160
5
299
48
251
227
31
338
260
81
191
208
480
150
139
111
197
13
63
251
350
250
48
66
316
93
489
8
42
70
103
11
772
230
60
135
87
79
184
26
45
132
53
42
71
337
350
57
242
123
140
391
158
17
173
202
295
8
509
186
456
117
232
92
118
66
322
1
16
82
10
47
17
35
17
191
57
280
50
314
318
51
95
381
97
23
514
40
339
186
465
49
165
110
93
314
212
117
58
567
14
591
146
257
40
204
15
655
107
22
33
108
183
6
188
74
57
351
448
258
55
465
27
354
17
70
7
87
65
459
41
84
616
1153
62
211
72
71
353
22
545
50
73
337
292
213
197
230
140
412
87
112
75
380
168
54
340
246
124
107
646
128
431
18
383
475
289
78
46
184
240
273
106
11
172
6
537
675
172
67
1323
125
96
317
67
126
565
15
188
478
224
235
77
16
91
447
83
239
247
105
188
25
273
122
474
32
21
118
233
511
81
60
10
109
66
221
91
387
219
346
284
268
454
55
521
249
87
83
122
776
2
522
51
137
274
205
664
201
45
312
184
174
130
178
111
32
170
55
268
51
427
335
8
198
176
124
83
134
70
354
253
655
313
55
246
135
46
157
178
57
120
30
46
18
76
25
96
208
1102
8
163
406
120
48
234
187
103
21
15
181
87
196
24
118
105
12
242
574
84
60
59
74
195
456
1375
228
414
145
201
148
143
558
555
40
600
8
109
71
55
55
189
79
105
342
18
346
111
108
329
315
20
252
477
269
251
362
124
242
450
74
93
648
68
37
717
203
228
31
106
476
46
75
107
12
15
90
164
18
197
253
182
15
25
242
642
10
568
12
6
173
365
388
57
278
261
68
253
347
212
51
74
58
192
21
474
64
213
7
523
330
4
237
191
453
309
359
70
83
269
1453
23
360
437
94
97
63
117
47
45
106
188
360
52
262
5
250
131
154
46
127
9
38
351
112
93
137
45
175
60
76
285
124
16
18
560
477
94
133
62
39
106
35
1151
89
279
83
42
193
138
145
129
31
54
587
135
84
84
39
38
59
222
62
413
172
67
9
190
89
66
690
57
310
77
542
977
6
557
219
19
195
68
667
585
92
72
136
222
46
771
84
52
1
346
17
38
343
10
144
56
126
201
423
215
853
379
231
134
512
74
454
519
415
34
268
336
75
141
293
57
26
239
139
195
357
127
54
680
4
207
99
438
334
113
698
868
11
485
123
19
633
380
330
26
406
90
303
950
772
172
79
77
162
427
55
79
173
362
328
306
80
81
221
78
347
30
178
572
190
93
101
28
457
6
294
74
117
33
28
25
50
254
73
46
71
438
56
5
524
192
124
93
64
81
114
7
298
238
225
121
203
14
262
211
87
290
275
85
300
255
498
152
256
186
118
114
137
8
72
28
106
730
125
235
237
358
398
55
301
142
291
215
117
329
312
112
292
125
71
74
102
59
93
77
6
93
17
293
200
196
67
284
101
156
219
533
315
1017
54
400
315
118
893
522
229
92
1155
555
117
835
172
135
39
436
334
61
145
198
29
40
155
476
35
288
23
108
146
136
24
572
481
166
195
382
14
367
90
136
404
99
145
220
79
103
77
267
211
408
106
120
27
391
99
25
870
244
182
37
13
1583
152
300
88
242
484
156
76
45
348
452
2
243
665
75
434
299
98
427
102
94
301
98
38
49
241
119
529
399
299
362
544
69
68
164
25
92
33
312
207
6
286
61
27
148
193
43
43
165
66
94
213
250
153
120
726
430
81
15
53
56
98
524
92
112
566
79
382
91
225
86
164
164
46
54
3
46
33
11
293
528
55
52
25
164
114
26
361
246
136
26
55
165
5
108
41
231
108
17
71
49
216
115
34
59
151
118
165
353
14
20
269
62
388
114
168
69
16
89
211
282
261
239
99
59
27
275
320
165
697
310
69
37
28
266
27
311
123
129
283
44
260
1
339
39
13
580
451
3
458
171
475
76
532
422
48
132
651
356
52
297
46
101
285
40
580
104
277
13
12
427
225
340
82
509
74
132
27
234
16
159
44
217
232
437
82
245
81
26
218
11
15
59
15
332
261
534
341
14
488
40
261
43
134
536
544
127
26
54
224
163
39
113
20
784
219
45
150
42
126
289
43
61
153
34
384
479
76
347
72
332
18
131
52
467
125
136
107
262
274
236
219
106
90
518
170
88
24
43
110
73
113
257
91
297
105
381
43
155
260
731
310
45
81
145
211
130
627
38
139
59
64
83
105
18
441
1
117
18
436
5
70
1
28
7
352
96
16
536
13
145
64
50
147
63
76
11
115
85
110
90
300
15
98
405
160
93
24
92
93
530
120
16
278
46
166
117
18
83
146
46
309
194
86
25
175
144
68
18
92
475
106
38
216
218
92
46
18
9
129
112
393
27
385
599
275
308
348
109
128
93
75
242
7
188
118
546
460
457
20
338
168
154
162
112
107
1080
17
133
88
366
145
77
61
93
269
123
175
188
22
35
40
223
195
219
329
45
33
223
57
397
40
225
143
169
180
229
31
137
926
13
8
125
403
443
293
369
85
205
460
136
223
164
53
473
48
166
126
19
31
8
54
75
172
73
2
77
88
45
324
13
35
145
35
179
59
254
108
39
140
277
231
53
493
58
142
46
115
17
243
524
43
125
79
192
492
170
51
11
285
663
41
12
55
202
18
398
139
19
19
130
204
60
62
176
71
172
254
37
56
26
166
86
38
21
342
195
108
164
213
4
345
229
523
76
129
114
153
448
146
3
141
79
296
393
77
67
96
184
112
397
39
324
112
584
8
328
398
204
455
167
32
113
211
296
145
31
243
32
164
61
75
50
54
293
146
125
391
5
344
23
8
354
94
127
5
68
378
40
119
119
292
24
437
129
121
96
64
75
90
50
165
148
846
33
237
77
16
46
57
126
93
180
317
16
166
226
112
468
277
147
105
71
7
562
107
71
148
90
92
14
129
78
67
41
266
702
29
633
59
110
43
60
405
66
316
16
14
47
11
72
802
384
108
468
67
1
183
4
57
72
337
23
218
84
335
272
377
167
214
31
118
234
268
1131
59
23
691
292
330
12
215
586
430
512
1513
121
255
133
219
262
25
135
129
194
32
98
175
211
246
154
46
308
201
313
66
60
165
259
21
171
70
116
86
67
428
42
147
185
26
296
39
134
243
591
9
58
258
302
92
81
311
47
166
67
104
263
160
174
483
147
328
93
200
312
169
256
140
359
42
130
407
133
9
76
230
106
14
25
328
13
68
41
218
190
91
135
543
265
201
130
148
172
163
143
146
287
24
202
89
281
11
218
543
120
144
48
341
81
546
319
97
1
322
165
1017
145
17
267
899
56
598
111
248
251
218
332
57
52
24
94
37
169
3
52
428
260
40
30
697
425
423
87
11
173
253
323
155
100
7
337
542
494
63
415
418
125
65
164
246
65
10
58
258
192
333
241
416
174
902
6
19
608
742
71
846
910
42
45
33
115
97
931
258
201
241
56
149
16
102
145
95
49
269
161
544
604
6
16
219
139
50
304
51
34
32
198
691
214
244
6
294
167
29
1163
487
137
241
484
57
145
403
459
80
174
88
150
310
85
19
349
183
44
139
63
146
343
32
326
93
49
23
147
116
106
29
8
205
341
14
55
260
130
92
106
53
24
102
103
93
70
62
431
193
180
322
80
44
969
180
280
34
147
170
429
69
80
18
302
210
30
562
158
279
91
114
47
86
297
263
90
393
2
227
215
61
360
114
292
182
116
535
410
422
210
199
69
160
98
143
91
63
47
331
27
43
73
114
521
152
281
158
168
152
109
66
4
211
68
12
91
29
208
123
6
239
453
32
441
155
94
323
102
111
1
140
54
4
31
175
218
54
123
97
32
279
39
420
75
144
153
225
393
80
338
75
161
88
296
83
311
221
322
40
653
202
249
43
23
70
115
582
923
137
140
27
45
784
207
25
85
36
94
200
706
307
411
128
58
42
2
283
15
119
449
248
183
3
278
103
563
38
129
111
574
601
262
2
306
297
485
132
102
144
356
192
96
47
122
292
101
30
162
73
304
130
184
74
78
64
275
823
458
466
60
291
7
359
45
181
559
301
308
75
51
13
31
218
266
101
522
404
262
258
175
51
573
121
176
261
193
243
159
33
26
355
139
167
51
682
43
330
220
266
310
307
9
487
288
32
215
54
91
67
124
15
129
23
156
36
53
169
115
46
51
118
245
100
206
59
719
293
45
468
554
132
36
502
151
279
94
310
269
251
167
95
62
446
366
424
153
136
203
65
44
62
12
286
264
26
372
24
42
58
567
134
236
591
411
174
375
403
404
211
153
479
10
85
70
138
140
343
368
108
199
29
313
676
160
82
55
203
762
61
57
3
87
140
366
34
181
131
193
29
89
32
168
935
10
53
36
308
142
159
89
1
275
65
172
810
114
277
54
218
205
223
1
62
174
56
60
51
264
37
548
7
40
5
83
52
144
527
611
60
25
5
600
107
57
222
95
176
207
515
245
2
31
33
302
312
1
84
314
89
103
8
90
192
431
94
73
714
26
37
50
1108
334
161
118
487
22
31
137
202
85
28
180
175
146
88
89
767
46
301
60
408
115
82
509
163
55
208
466
230
61
147
876
235
69
310
206
376
4
86
234
178
496
718
338
96
146
300
1227
333
1
412
116
34
101
31
26
22
55
191
153
473
10
106
273
192
129
256
75
218
104
320
43
139
616
107
60
139
188
288
111
392
109
70
20
241
162
97
506
22
18
106
167
66
74
22
120
206
138
236
42
460
101
364
249
2
65
274
301
27
799
138
356
70
242
10
538
21
464
360
287
1004
46
141
83
156
176
241
154
54
255
97
750
42
369
218
107
89
506
191
44
156
157
2
426
412
77
135
212
5
33
23
159
339
57
247
35
145
32
34
455
121
251
337
88
60
76
75
558
94
30
1
72
25
501
38
245
616
604
77
489
58
266
216
211
44
16
40
73
27
815
62
459
593
65
89
679
519
23
215
101
134
105
57
389
79
121
240
474
134
141
169
84
210
323
319
494
89
291
111
4
98
316
218
95
675
107
261
110
23
52
114
89
250
108
4
180
261
47
34
161
3
21
200
152
39
49
218
212
25
199
67
145
105
1
363
202
85
90
766
72
330
101
46
419
221
16
80
47
789
681
558
40
220
16
54
11
441
168
58
206
425
41
597
733
99
277
24
118
147
169
143
34
29
14
95
125
163
146
157
91
357
53
73
316
40
1102
118
113
548
35
100
29
213
36
610
161
201
454
211
10
147
246
14
140
64
103
49
22
40
19
91
243
28
50
83
413
423
202
230
39
163
4
288
370
8
151
38
91
150
5
129
34
643
216
268
352
147
67
336
56
534
89
375
349
324
404
750
90
228
934
245
285
19
436
435
631
50
123
349
140
162
110
115
558
13
154
607
178
59
76
25
328
322
23
95
73
437
362
1
222
20
66
192
193
629
52
28
29
825
85
131
5
69
25
56
11
197
215
133
48
611
342
483
41
92
86
236
230
143
139
7
229
51
541
400
36
235
49
238
135
249
326
9
589
107
361
113
189
13
169
123
19
42
357
351
54
333
71
415
127
434
608
155
274
298
187
55
296
469
282
206
196
94
220
286
65
232
8
100
45
89
8
81
172
194
25
83
66
453
102
85
32
80
2
352
229
7
38
416
313
74
125
397
182
154
858
54
727
666
444
90
406
24
8
485
3
2
32
291
27
899
76
411
35
57
44
12
301
438
255
58
153
247
226
21
551
90
7
104
694
46
69
106
31
140
295
86
239
47
26
63
5
10
517
168
515
29
296
50
313
344
164
42
68
1
120
539
206
183
70
160
36
121
375
124
3
74
215
30
447
34
591
386
251
192
79
430
353
177
243
36
580
467
49
381
71
40
164
315
41
183
130
72
113
376
433
65
557
456
82
25
368
454
63
93
102
372
363
195
52
70
225
167
549
327
117
279
317
80
136
602
136
73
144
196
185
197
122
125
376
55
217
126
274
165
114
144
276
127
985
511
116
8
21
653
518
308
45
272
668
198
126
148
762
57
156
363
136
24
79
129
30
435
246
248
305
95
144
336
462
345
159
64
287
233
21
257
158
242
223
5
678
87
106
124
144
162
525
181
413
263
748
185
225
1052
294
255
20
217
70
214
125
353
130
140
120
49
145
14
451
1
61
27
526
400
716
172
116
601
60
465
136
1163
191
872
315
75
89
245
314
356
69
62
146
2
699
308
268
231
496
11
158
262
181
578
582
199
148
143
168
280
80
22
13
147
36
189
71
38
47
52
633
100
260
248
186
129
116
203
345
58
176
174
153
147
143
243
18
45
31
282
40
410
37
433
61
1803
61
71
123
143
62
40
205
587
159
462
270
539
145
509
403
35
146
103
91
186
14
735
96
51
206
206
5
330
1
67
275
54
64
252
4
390
242
332
393
42
110
180
105
231
9
368
2
283
115
24
4
327
156
225
356
118
158
87
76
217
72
225
30
26
64
97
41
81
462
245
184
479
260
98
164
196
20
583
88
132
302
30
536
157
113
13
107
239
20
465
271
26
268
301
4
200
13
214
203
208
128
321
345
878
170
257
191
55
599
28
731
399
243
292
5
349
121
271
14
479
58
35
124
129
46
215
593
382
33
264
149
24
55
91
118
103
296
444
125
189
26
195
484
150
18
25
224
61
155
216
238
23
238
360
20
182
342
258
122
608
305
216
125
199
58
4
91
51
410
5
125
108
78
2
39
43
145
34
263
10
374
23
41
104
349
130
263
668
484
260
7
44
470
79
153
237
285
260
117
191
27
19
118
516
140
48
274
222
75
237
146
747
272
252
93
3
287
133
557
205
7
286
32
585
43
124
70
102
59
318
142
356
145
479
241
1178
346
139
170
403
140
97
341
115
344
126
17
55
83
21
273
68
627
62
52
212
8
207
288
110
113
415
91
52
264
32
972
20
216
132
168
305
367
259
444
105
441
230
19
131
24
101
208
35
222
6
224
397
160
70
114
9
47
624
300
57
44
73
164
61
190
25
194
143
317
13
124
124
752
6
33
52
89
75
190
21
96
37
391
49
164
223
62
29
261
96
133
113
7
264
21
32
139
237
176
54
162
170
257
292
80
144
911
14
14
192
17
159
144
35
26
119
188
436
231
35
85
350
43
105
22
197
304
831
88
401
67
56
6
69
83
19
107
135
70
226
610
509
607
158
252
342
290
98
700
441
180
39
200
77
170
474
727
5
58
189
114
190
142
469
361
19
117
299
489
213
259
356
118
233
186
255
383
72
15
606
197
129
87
362
96
53
64
275
548
320
188
120
47
63
4
234
79
231
199
305
263
11
480
102
235
49
422
69
1
23
66
35
66
66
320
98
188
64
461
370
1114
228
115
147
94
140
157
36
165
202
715
209
899
13
117
83
165
214
18
16
129
18
188
26
88
313
54
220
158
138
9
45
431
54
304
114
368
81
305
733
79
85
2
144
6
108
439
243
205
1086
2
133
304
111
55
8
999
80
114
23
204
75
55
515
10
422
34
103
267
27
103
423
25
14
273
22
105
42
307
206
54
15
441
147
219
213
78
46
12
14
204
270
165
121
4
47
206
397
155
50
106
172
8
255
34
434
213
273
470
309
199
103
93
161
121
304
18
214
721
3
25
3
162
41
44
3
398
82
165
68
99
67
113
271
70
114
95
270
232
88
146
747
458
75
309
679
425
123
48
208
68
598
131
7
91
211
211
110
52
239
104
21
195
175
174
3
271
10
118
106
57
118
124
393
7
326
589
228
355
82
119
43
77
178
34
344
249
615
59
121
156
289
136
16
199
238
403
27
516
236
261
145
51
26
37
432
114
103
7
454
111
316
104
45
20
186
430
514
252
136
157
53
43
23
397
392
63
324
144
34
87
175
79
149
659
18
70
367
133
256
569
224
59
326
486
507
187
287
25
262
636
61
68
48
157
100
65
496
408
221
641
150
141
7
10
276
68
194
248
396
153
129
70
469
98
535
6
607
347
501
6
128
137
382
124
46
527
95
48
168
51
216
407
3
356
119
113
84
131
195
142
112
444
125
110
80
85
83
3
53
225
6
140
51
376
119
63
90
207
483
395
742
183
263
26
255
274
79
255
71
72
168
982
90
373
178
97
153
28
298
91
9
13
30
35
478
2
348
28
39
648
558
31
32
259
114
335
22
202
62
437
124
724
152
239
347
208
369
619
572
47
179
311
3
385
98
79
68
113
88
226
131
25
139
233
518
329
486
61
665
384
586
195
147
44
40
92
80
145
74
197
354
148
260
48
24
443
3
9
682
11
1538
294
124
75
261
380
2
144
469
1
117
257
34
80
1144
27
300
669
262
207
37
189
74
127
255
298
212
781
83
18
103
61
78
132
205
258
378
241
543
809
271
317
5
155
291
30
63
101
39
227
50
43
236
362
83
521
238
376
71
454
309
533
424
532
128
24
445
139
41
6
17
350
86
187
156
163
275
437
162
23
348
481
85
67
58
620
254
54
95
2
9
98
417
310
158
100
44
36
111
275
31
84
224
26
57
200
36
2
35
32
480
357
292
66
872
4
72
82
22
48
18
13
54
36
48
173
96
120
355
94
317
159
54
407
302
105
159
67
107
20
35
43
55
186
206
200
94
124
102
13
717
28
255
6
167
475
139
572
47
95
75
236
467
607
13
163
75
243
642
41
32
718
1157
6
70
538
226
5
17
208
43
550
220
268
315
32
14
64
154
56
239
484
37
68
1028
762
78
14
6
136
305
43
170
310
4
93
218
313
239
262
4
170
111
135
90
60
102
410
25
418
48
162
91
62
147
158
213
190
321
309
147
260
478
92
54
205
213
218
304
195
26
58
119
49
536
653
17
94
53
427
113
74
142
227
167
25
17
15
341
334
96
338
55
352
352
1406
7
186
117
13
527
84
614
73
714
145
205
76
230
56
170
16
17
28
141
28
140
190
34
238
283
139
8
741
126
230
195
179
44
256
1
115
52
81
331
343
156
95
172
53
429
134
72
164
125
391
94
31
50
93
210
122
19
169
370
329
83
210
675
402
73
1
12
98
208
117
427
612
118
230
388
23
53
44
441
222
85
1058
95
222
186
128
13
192
306
431
643
168
348
163
28
291
68
111
108
51
970
870
671
16
76
65
234
12
27
552
105
654
331
1
424
99
99
129
130
216
31
64
209
54
273
241
742
121
105
556
851
810
509
286
119
301
29
730
96
521
321
266
143
46
72
76
81
232
33
101
174
68
333
155
59
141
286
369
649
74
66
123
292
106
536
4
73
407
50
164
80
62
85
20
121
96
184
80
65
225
74
262
210
107
313
118
52
316
95
49
30
518
384
410
383
777
91
132
25
95
55
308
6
86
231
729
18
245
362
108
90
41
27
115
162
39
108
264
23
53
585
150
32
27
113
7
112
418
104
86
9
160
46
94
12
37
179
340
370
184
131
494
76
284
244
565
286
549
93
23
148
225
215
571
52
569
212
287
302
2
17
66
384
381
125
3
22
116
228
150
291
252
84
30
672
219
1
32
79
62
225
55
46
236
161
22
48
200
142
383
65
1860
62
105
459
681
254
91
539
178
106
130
132
485
175
87
54
443
340
106
463
620
243
301
671
171
141
25
150
220
79
14
98
45
225
82
28
321
2
12
109
291
18
144
48
64
243
330
31
30
303
172
265
5
36
81
259
80
57
165
43
269
297
29
227
219
412
27
19
128
254
227
146
368
371
560
299
21
160
254
317
356
94
567
218
238
25
131
135
230
83
131
339
286
418
275
325
40
61
78
482
78
172
326
68
102
231
156
173
480
75
62
100
24
529
66
27
111
638
300
91
18
45
99
189
394
949
173
143
58
18
526
80
481
212
659
412
274
116
167
197
119
147
185
54
361
189
362
31
424
115
268
154
238
17
64
94
98
349
61
208
19
117
110
217
4
91
216
146
473
306
263
145
220
11
374
248
176
115
76
82
590
203
379
72
103
17
173
139
475
111
102
32
202
61
272
357
202
128
91
163
195
55
51
116
274
28
18
73
215
60
454
511
266
909
169
8
326
32
53
759
47
41
168
9
160
79
74
87
812
17
146
110
88
38
240
40
17
77
96
182
15
304
52
248
167
64
78
50
51
13
194
99
69
366
73
123
46
59
1275
78
137
198
151
201
68
314
66
25
67
148
279
59
162
159
112
22
823
184
138
111
243
123
185
479
97
127
27
191
239
146
36
118
346
494
298
331
76
33
163
51
42
1013
45
10
168
592
16
20
279
117
124
76
1255
334
141
74
517
137
141
343
364
111
195
3
366
16
184
216
12
30
180
14
371
81
232
356
67
48
52
63
382
183
157
205
177
116
27
582
173
234
446
132
35
28
218
478
202
174
79
927
383
141
505
325
149
128
31
165
178
109
105
342
132
51
9
61
219
139
255
305
50
35
245
22
493
199
9
193
147
60
53
240
281
352
154
42
252
240
128
67
21
134
186
146
14
330
53
26
32
1
7
92
606
90
80
64
15
292
825
48
4
64
169
300
155
154
473
170
28
203
157
30
30
40
66
267
53
43
83
58
220
320
60
374
19
20
26
230
77
52
41
89
427
29
166
75
238
463
694
446
233
61
43
89
280
22
89
116
372
162
172
314
173
172
15
616
37
139
101
24
13
155
328
77
16
235
103
130
116
8
28
231
155
427
53
64
251
245
56
41
731
110
25
684
595
413
189
6
579
13
121
113
111
16
131
597
301
32
56
162
240
471
61
17
10
35
114
72
142
68
315
27
498
218
23
21
170
16
132
833
99
192
160
189
60
10
73
240
102
9
49
470
27
73
244
318
313
20
158
660
82
828
86
2
41
136
212
182
615
102
289
87
240
81
495
253
26
149
382
188
164
59
109
941
18
432
64
34
172
6
66
401
25
302
248
37
142
125
365
715
78
496
1
55
66
258
277
469
71
105
35
77
20
4
493
92
217
29
57
13
110
215
77
249
137
138
33
156
362
130
251
348
197
156
48
87
287
215
49
109
307
117
264
11
15
475
268
230
219
97
94
4
168
3
75
71
360
331
107
214
83
302
71
379
149
6
413
1018
1064
83
122
189
73
50
159
205
287
357
442
227
193
339
412
28
127
126
425
144
47
52
244
201
104
617
171
362
104
711
567
12
10
75
168
483
70
40
10
138
219
12
85
42
290
120
112
17
327
274
191
84
109
23
243
42
204
550
140
220
93
344
361
7
46
128
196
383
491
182
32
202
138
39
9
32
14
33
44
35
127
480
15
401
763
213
164
196
401
1393
2
77
55
395
118
1167
684
12
223
13
8
181
51
216
43
32
433
169
45
196
322
56
172
92
297
58
27
480
433
377
28
288
746
390
161
51
28
199
14
205
254
59
60
31
29
294
466
60
285
174
169
112
81
327
124
412
50
292
332
288
293
88
236
42
65
121
169
422
250
45
114
33
272
57
438
10
43
283
1
30
142
98
69
617
88
483
222
147
412
296
246
584
286
53
8
175
270
89
62
210
137
169
55
386
237
560
656
669
41
2
16
295
585
70
45
118
455
50
759
274
36
254
47
8
433
37
392
182
36
528
83
44
54
44
392
90
134
82
53
100
94
141
565
130
391
241
383
831
123
869
93
82
137
33
111
120
201
114
18
51
76
187
46
5
38
28
446
199
3
151
36
224
132
345
194
512
1151
21
149
139
2
13
13
108
54
251
40
121
659
463
369
325
539
534
957
130
1
3
34
617
25
246
581
914
244
27
90
25
18
15
46
285
742
420
127
123
258
30
6
34
73
8
137
3
257
153
163
285
459
18
231
773
198
33
134
94
242
38
200
107
330
71
189
97
64
130
57
65
63
59
54
139
162
465
191
425
89
32
128
460
140
40
265
235
83
53
107
238
187
79
24
141
353
163
37
348
64
133
58
6
32
789
303
69
17
32
1071
298
133
174
5
305
505
255
301
108
1
109
14
224
5
152
247
116
299
248
6
99
337
27
168
48
183
82
93
35
248
2
211
105
249
282
50
28
261
260
142
358
89
66
145
403
3
81
157
183
56
255
12
51
48
49
139
225
369
112
113
179
282
83
334
360
195
227
313
143
722
336
360
625
21
125
154
228
25
395
621
247
317
206
371
77
57
36
168
188
12
122
22
482
845
168
523
123
289
119
41
83
37
41
439
32
445
259
200
90
85
384
141
370
691
196
236
140
36
708
142
158
102
257
55
68
205
254
220
5
214
61
163
399
71
207
4
24
93
475
5
1
37
200
689
109
62
472
198
123
229
55
66
90
796
192
112
268
114
107
497
189
310
106
323
43
338
175
311
452
31
581
206
154
153
24
85
43
34
349
100
246
867
35
12
65
455
194
642
25
154
409
307
215
189
64
145
62
203
906
876
450
303
410
34
273
382
330
377
63
17
333
119
189
267
144
56
386
46
75
387
26
185
450
181
560
161
79
4
400
34
119
194
370
347
332
532
58
2
347
489
21
120
98
731
96
11
228
117
1
516
91
378
73
274
439
443
171
1
30
88
198
53
28
477
344
307
770
14
146
85
390
43
126
204
37
411
14
150
201
135
771
12
156
100
10
160
378
115
5
81
96
66
6
41
332
70
59
31
236
94
390
235
46
165
143
1103
405
284
168
50
564
117
93
166
243
218
177
15
91
48
20
395
324
64
95
337
375
116
468
84
88
99
111
80
276
23
245
362
69
689
195
220
286
166
27
95
325
159
1105
351
194
107
543
450
60
151
370
98
45
51
436
327
125
89
50
4
701
30
422
117
80
164
338
395
373
86
145
101
434
214
44
335
99
126
9
241
237
654
113
201
108
274
214
489
193
59
17
754
578
41
43
15
808
73
170
64
157
139
39
137
20
78
599
134
10
2
58
145
32
47
886
282
207
78
3
5
140
286
236
476
83
899
35
548
81
241
37
363
319
582
15
143
217
177
401
300
163
434
275
157
279
191
47
111
194
134
20
123
453
69
176
695
108
149
197
54
165
611
249
641
31
358
148
57
490
50
100
17
130
41
11
654
264
60
200
305
225
1414
99
142
226
656
29
317
6
697
319
26
554
1083
37
145
242
149
41
133
65
246
349
62
629
43
7
489
106
520
201
114
266
353
260
113
332
198
160
132
197
262
47
260
357
130
82
370
46
185
12
686
61
59
73
217
274
110
479
143
45
27
117
121
78
37
67
125
90
373
454
186
59
112
275
32
244
291
395
283
656
406
133
105
130
300
332
17
41
187
53
356
187
19
26
100
157
113
170
319
132
459
17
44
157
462
205
118
24
592
55
154
438
85
36
135
199
511
37
307
45
239
462
525
54
281
178
62
24
56
123
184
112
312
372
289
263
48
124
214
237
354
317
533
133
63
26
398
145
11
11
148
79
393
36
340
298
315
181
159
78
121
31
3
155
54
306
68
203
202
27
307
45
541
250
35
377
21
264
33
5
54
690
139
226
132
185
134
4
177
271
45
16
28
39
28
58
226
81
46
227
223
436
321
126
140
3
463
222
142
256
542
30
67
66
102
725
38
34
450
380
54
128
204
381
165
120
7
21
63
293
113
407
7
89
205
109
139
164
77
55
101
34
300
547
242
42
90
148
280
20
655
56
166
16
280
268
57
46
286
244
434
49
86
336
214
131
50
18
187
13
7
112
415
114
46
179
262
263
2
51
63
7
176
63
24
225
468
106
494
3
78
309
27
207
328
248
237
157
107
172
50
14
30
248
66
76
247
92
78
325
110
172
823
572
195
20
29
58
493
30
141
323
240
35
72
390
27
87
146
42
14
23
123
776
43
34
35
443
282
196
33
29
34
220
95
27
475
686
188
195
18
301
40
364
364
260
116
145
20
27
254
98
1048
756
35
8
52
110
67
185
301
337
185
72
53
40
33
54
55
58
54
119
39
316
76
265
214
135
71
24
668
2
22
124
820
179
417
77
273
288
206
54
39
133
317
259
32
100
50
60
98
96
111
53
109
54
144
117
8
156
84
878
126
174
244
17
307
115
432
283
246
6
118
481
77
65
161
220
377
39
257
155
18
462
75
80
148
272
179
62
367
15
288
81
316
2
290
59
26
22
40
26
162
212
25
22
159
511
110
54
299
1048
4
282
9
117
278
524
211
164
174
369
430
87
125
38
187
10
279
82
227
62
126
6
42
226
73
195
37
58
225
95
344
475
229
546
527
264
75
14
119
144
270
35
644
293
16
97
8
12
86
4
26
241
41
539
846
261
404
200
121
41
69
448
87
167
140
118
100
179
67
197
4
6
157
159
356
307
548
226
235
828
124
85
15
64
129
31
310
6
448
199
212
267
746
109
46
48
138
1298
10
534
224
81
566
28
229
228
52
658
24
192
199
95
47
243
29
577
47
319
472
101
229
124
769
4
34
115
227
237
450
212
125
286
48
278
61
112
13
171
368
642
98
186
101
91
536
339
397
293
729
446
26
54
280
77
190
53
658
64
159
116
32
328
46
40
84
70
137
27
344
179
85
149
61
445
970
230
43
284
322
451
16
61
227
163
376
265
246
223
62
21
12
129
503
46
301
98
53
49
195
6
72
114
93
140
600
168
456
213
288
582
119
167
154
173
72
614
506
175
96
263
205
505
475
110
22
541
226
220
286
195
21
151
16
34
150
352
101
168
12
44
208
30
64
25
21
92
38
193
33
18
257
447
98
185
67
138
323
111
88
104
153
120
364
192
512
31
97
153
59
222
420
341
12
115
255
713
52
958
576
82
535
326
313
267
145
372
360
142
84
122
54
16
414
134
55
409
383
29
132
273
467
139
57
198
111
69
44
217
21
217
274
132
421
211
189
536
291
43
223
385
62
32
250
58
340
91
33
127
19
48
81
227
114
148
144
79
104
135
17
322
191
112
37
7
347
418
39
56
180
6
97
153
82
604
33
179
27
163
476
40
15
318
108
209
216
10
136
45
413
38
253
21
100
43
63
163
341
16
121
153
37
179
4
30
154
231
422
391
63
97
72
91
122
213
40
12
25
52
130
31
497
330
110
89
294
231
176
47
29
42
93
280
95
613
22
376
13
137
44
463
121
1
183
785
29
464
9
106
11
14
51
197
373
52
132
132
323
137
23
270
60
136
359
594
365
8
198
116
83
415
93
220
178
111
151
174
44
893
98
71
114
102
609
263
42
178
32
124
61
11
74
141
456
195
248
61
420
185
11
68
1056
218
205
43
74
138
71
74
637
252
168
104
606
486
91
27
234
106
202
95
205
196
27
117
805
158
365
515
156
61
72
87
449
8
48
188
661
486
171
461
653
51
475
146
3
30
192
14
76
154
31
107
34
80
643
18
213
171
6
62
182
123
299
44
23
152
60
32
198
47
138
234
635
1
240
142
276
119
84
105
59
38
349
370
261
26
233
167
66
93
11
246
152
137
84
678
536
2
510
26
19
287
227
184
509
418
46
84
1012
12
207
187
466
382
334
7
4
330
210
185
117
534
213
290
157
141
81
107
418
226
77
593
392
324
42
34
9
5
209
19
77
5
19
240
437
125
45
116
98
7
216
144
563
186
161
10
165
128
162
415
224
21
149
30
36
101
173
125
266
635
53
452
1860
60
251
79
10
54
11
195
508
67
1069
47
318
17
112
60
51
50
65
67
65
39
180
68
576
121
395
53
197
157
27
4
9
140
6
249
117
268
103
52
113
459
105
43
57
99
531
43
438
111
55
37
374
32
155
21
410
264
147
290
167
822
122
322
36
87
2
232
87
437
59
1136
114
12
24
163
279
479
228
271
203
179
212
209
300
184
87
86
79
356
140
611
193
351
81
225
326
56
20
218
63
577
174
292
39
294
316
1
885
90
62
441
63
18
45
116
223
128
885
535
106
43
54
68
16
677
355
40
26
119
44
214
483
143
77
126
195
484
190
327
380
331
57
251
71
21
5
376
89
7
93
340
593
22
187
372
114
203
869
533
807
21
243
63
48
153
96
26
120
42
42
379
121
216
32
98
635
230
268
301
419
469
100
17
130
238
720
73
110
109
338
212
950
33
125
243
80
73
206
369
12
33
190
187
27
220
124
39
47
257
114
258
136
10
500
420
59
570
36
551
797
55
70
34
123
111
315
276
197
123
598
373
165
45
120
31
111
517
212
114
250
616
215
302
232
293
299
128
61
217
127
185
64
89
93
86
108
169
132
315
242
725
26
114
325
168
263
25
25
412
34
194
409
599
116
195
34
254
291
49
42
146
215
284
226
100
658
52
191
18
310
340
89
38
546
1
82
85
602
302
43
70
93
65
311
28
61
152
345
444
214
160
122
3
660
122
311
70
621
434
148
74
114
100
199
252
33
11
113
123
17
812
391
76
220
10
71
286
20
96
345
196
42
4
43
138
18
83
112
91
46
145
80
113
191
235
286
193
132
35
18
226
161
37
157
104
97
219
565
579
88
199
143
183
13
57
59
36
44
208
200
56
150
99
562
131
1035
127
49
53
196
1
2
192
64
92
442
96
351
630
895
202
581
83
125
366
597
686
48
11
551
47
211
494
256
443
812
79
244
19
227
59
55
92
201
265
194
48
289
102
65
374
111
198
54
36
130
252
140
1261
87
9
106
121
660
251
158
133
324
231
84
135
12
260
581
23
23
82
113
511
57
645
706
85
617
165
11
85
165
564
80
59
232
383
45
101
60
76
262
263
123
26
784
51
126
7
86
42
71
166
4
76
206
486
28
168
1268
490
245
258
579
169
2
269
563
12
85
213
118
261
708
69
268
8
34
110
58
456
2
221
312
107
36
323
127
117
538
250
240
4
679
267
17
1
20
164
165
15
91
113
215
77
550
477
30
227
413
338
691
102
123
234
446
249
25
97
126
18
152
17
495
7
16
105
204
865
22
472
251
30
55
151
56
316
61
113
422
31
189
262
102
591
46
138
198
31
178
215
179
251
10
12
52
818
269
88
141
187
146
15
67
93
110
84
289
45
160
316
458
88
75
17
155
74
253
111
270
50
297
341
5
162
166
27
541
256
30
322
307
70
320
114
402
243
358
391
3
519
94
7
387
22
98
97
185
173
115
469
235
76
78
209
33
37
31
408
10
588
513
158
326
346
93
128
311
520
397
216
913
249
66
61
27
2
254
267
6
47
294
123
215
203
89
150
181
123
333
634
74
47
46
1114
23
76
196
282
19
222
92
506
506
203
295
248
321
152
215
372
124
909
21
243
157
54
130
111
41
232
165
34
36
440
170
32
121
53
512
600
150
105
226
106
57
27
81
232
237
929
6
1239
301
12
289
86
666
1
268
484
729
116
89
79
314
52
16
178
351
95
183
334
173
123
176
137
198
576
105
182
84
154
23
18
15
430
18
45
60
234
222
31
53
217
29
107
18
69
54
140
112
471
594
43
116
821
88
28
582
46
109
559
904
37
217
176
208
71
85
34
130
408
64
419
119
202
308
128
207
2
11
221
224
74
56
8
5
908
255
394
71
89
275
74
189
256
483
169
7
124
319
47
102
739
4
123
79
822
42
203
330
30
711
121
46
110
254
96
687
79
433
363
1664
47
276
100
444
439
160
247
776
432
216
118
145
65
358
352
320
229
40
32
194
68
539
349
407
113
174
90
195
230
147
319
179
447
274
714
55
44
273
62
120
110
28
8
8
439
28
148
2
9
169
79
377
476
80
84
278
393
1
46
12
184
286
15
345
464
6
508
304
4
27
20
198
63
88
63
455
294
304
221
77
254
28
183
747
70
6
34
30
172
29
52
14
123
50
175
221
13
397
47
89
168
309
204
499
699
129
140
271
257
28
920
75
254
186
131
47
177
90
2
159
315
16
372
34
132
698
386
78
160
128
455
155
476
73
592
563
104
172
44
565
101
807
325
313
98
248
173
126
289
30
57
246
14
502
167
159
268
165
1282
44
426
12
31
183
568
252
214
154
327
264
473
174
65
196
4
300
105
28
181
101
213
195
318
168
71
246
915
44
30
1
256
493
498
307
43
158
109
150
1065
292
270
712
67
125
239
325
30
141
343
143
80
86
524
166
42
72
261
124
336
286
116
306
78
81
396
311
101
20
526
248
310
477
28
72
14
26
364
266
60
116
1204
129
222
106
21
36
158
68
594
37
350
198
55
382
240
143
62
39
41
229
475
249
120
123
52
232
19
309
255
23
15
58
217
190
184
95
146
23
174
30
440
306
477
456
785
199
82
270
4
4
20
126
201
118
1066
28
204
15
67
112
47
16
399
360
418
131
46
291
100
155
184
228
349
53
8
101
609
1
76
148
89
87
271
80
53
69
6
394
76
92
226
259
2
61
144
74
11
185
207
333
290
16
143
604
94
104
67
213
68
83
76
175
401
44
383
388
219
22
277
325
157
119
96
17
227
284
136
1
539
130
43
125
149
322
324
50
139
37
332
557
606
121
185
396
124
150
55
92
275
43
593
80
628
35
187
184
189
28
403
127
194
166
46
103
104
63
168
646
143
85
415
51
295
209
9
148
108
70
325
441
28
88
3
6
154
78
216
29
10
103
71
131
162
71
29
3
767
139
135
422
12
273
353
46
104
232
19
566
82
105
159
39
75
370
521
245
186
250
559
52
14
16
8
5
145
17
151
105
220
880
377
445
27
28
26
71
90
324
315
254
40
286
167
240
202
97
60
102
348
19
547
36
185
26
532
72
200
66
6
107
265
236
143
30
13
55
66
201
815
238
323
223
57
46
9
206
68
38
40
86
47
38
54
529
111
698
110
276
93
53
92
175
68
8
565
695
156
302
593
15
127
155
87
363
40
165
61
489
69
400
119
4
23
209
146
55
32
151
159
2
161
58
94
39
65
524
45
670
180
110
379
38
387
705
64
126
639
195
182
31
148
184
110
21
49
40
162
147
53
38
547
564
80
189
681
41
136
257
559
499
177
335
325
53
5
21
954
8
505
33
146
219
241
752
11
135
175
101
48
516
719
272
328
200
46
161
37
73
175
61
104
366
53
166
256
60
236
140
151
55
265
414
176
162
97
14
414
76
176
439
122
77
149
161
743
97
5
70
16
681
5
371
114
652
177
59
191
788
114
51
138
809
109
135
121
177
726
102
7
481
618
52
83
69
414
95
387
251
751
3
469
74
30
56
125
265
11
114
175
369
217
302
22
102
82
220
416
61
256
858
58
365
288
569
1
32
387
128
120
91
182
404
576
42
22
242
146
350
93
196
345
2
199
33
32
360
43
8
237
327
253
73
390
420
111
155
240
474
32
159
87
69
285
713
177
42
526
528
50
27
199
74
193
91
115
315
5
391
6
48
373
33
456
71
294
5
242
134
283
77
63
318
285
223
232
108
77
186
127
22
304
266
61
573
89
142
6
196
252
60
57
281
90
613
9
95
138
136
237
52
188
366
176
407
121
461
562
60
249
121
113
407
3
818
8
616
145
289
41
7
336
7
173
48
91
180
293
110
32
254
382
38
299
212
73
446
332
179
113
149
118
127
88
85
77
107
18
265
216
38
157
424
134
105
22
21
17
36
159
311
108
88
661
235
418
215
132
123
329
172
105
47
65
23
200
26
234
310
392
208
122
135
172
135
143
353
56
431
332
129
235
70
183
65
36
30
194
128
3
197
2
480
126
64
16
156
136
55
253
18
38
4
217
44
184
217
56
613
294
5
689
13
86
50
175
167
542
348
336
113
203
522
170
392
160
213
304
216
3
52
177
143
37
34
28
133
305
213
204
218
314
541
11
39
148
81
372
155
20
8
87
178
554
90
59
492
554
58
120
16
24
17
16
130
84
77
322
64
26
47
59
12
289
1119
213
309
11
381
124
257
328
5
53
258
84
100
103
307
60
539
51
24
161
58
159
197
153
276
252
42
128
146
53
118
133
169
125
173
194
128
21
397
176
3
152
80
26
649
613
100
131
155
80
346
575
223
744
334
515
211
3
179
148
60
74
94
21
716
61
653
286
88
4
518
67
42
115
188
100
128
119
439
496
416
21
716
267
270
494
24
8
46
476
160
337
168
338
178
19
139
504
13
370
30
17
20
20
249
50
140
24
317
3
201
52
255
597
10
52
78
147
336
274
157
261
381
258
12
228
15
68
106
106
256
18
487
258
298
166
248
56
212
18
65
92
48
109
340
104
57
159
276
152
115
60
310
435
2
131
317
109
2
400
546
314
142
158
59
2080
176
170
67
722
113
607
259
359
110
352
425
14
138
233
351
70
246
29
3
440
56
33
82
33
331
84
63
51
239
29
45
157
92
86
135
652
515
47
111
77
68
33
180
205
116
127
352
267
174
63
65
83
141
205
235
171
23
173
176
610
70
178
59
175
41
126
92
390
548
42
26
78
9
107
185
515
114
165
136
99
50
484
177
527
123
249
84
1114
279
301
3
79
4
143
101
568
74
369
509
103
928
14
6
586
34
1310
153
329
164
131
7
94
3
208
546
119
134
661
57
74
330
135
213
300
73
80
14
9
55
264
26
113
81
398
367
427
69
197
723
64
189
175
27
103
170
105
66
304
238
363
340
1
165
188
179
365
76
79
39
437
235
272
465
415
508
119
246
107
86
89
130
102
23
14
491
305
253
126
156
468
460
194
590
33
146
92
390
30
506
194
24
19
184
343
40
282
116
149
59
108
118
184
171
89
68
767
4
109
136
118
191
432
206
117
1113
116
102
86
127
98
254
41
257
376
26
59
353
43
67
209
171
92
478
24
282
108
20
47
149
329
35
73
91
438
41
66
312
29
32
128
103
104
5
348
79
603
194
228
239
99
172
49
52
81
70
775
134
536
48
133
833
8
46
87
192
38
137
595
195
21
516
2
185
20
395
44
247
311
236
16
182
215
33
125
56
691
93
209
46
89
6
99
109
310
77
55
39
19
66
24
61
305
24
169
975
121
893
319
28
83
32
287
76
101
164
132
27
152
28
460
72
55
208
82
78
84
112
626
326
17
592
65
548
57
73
23
122
173
413
687
76
39
2
105
186
20
17
43
357
405
298
394
34
49
468
178
210
168
221
372
56
234
202
311
87
28
77
505
371
214
243
451
122
127
150
4
41
81
247
92
330
109
265
1
21
6
85
60
357
533
101
175
45
158
43
371
225
221
44
212
797
688
98
187
49
764
37
608
275
321
33
195
617
50
212
29
116
138
54
70
291
134
41
44
85
95
43
130
160
241
42
69
217
438
158
751
262
13
190
466
597
61
369
109
208
459
101
109
123
159
166
135
343
446
349
12
79
1
512
170
18
208
291
36
206
432
150
255
181
217
292
485
110
179
525
12
259
228
10
89
102
43
7
133
349
99
82
412
277
83
100
378
379
150
196
569
214
147
101
102
422
80
281
91
283
274
65
227
141
95
468
320
128
158
12
286
19
344
581
244
45
98
81
422
454
621
224
209
102
120
538
108
27
43
485
852
148
302
130
66
287
103
135
515
395
327
312
207
95
192
22
594
52
59
41
16
269
30
9
205
154
112
203
5
81
892
322
382
59
368
360
237
275
282
157
64
254
63
18
73
552
328
131
87
86
29
24
233
89
418
18
196
244
69
261
72
802
8
44
95
119
38
93
181
39
8
5
252
36
80
148
280
130
2
644
1
11
76
1
344
47
166
89
209
143
773
32
44
4
61
22
78
175
24
355
142
55
116
22
131
67
126
102
380
38
116
211
80
312
40
124
108
47
42
213
23
148
149
160
133
378
37
258
308
21
18
225
317
177
274
40
27
30
62
264
71
224
477
424
23
924
46
323
61
276
81
754
262
68
11
75
309
90
393
141
50
101
191
18
220
85
82
402
166
278
99
60
202
20
338
42
122
10
637
14
833
232
38
160
185
75
302
149
169
463
9
20
107
394
78
631
39
23
40
1182
9
26
188
111
59
5
35
83
364
77
23
3
13
86
129
338
33
16
4
1
32
69
1
90
139
363
491
489
49
541
370
196
35
46
303
107
99
142
148
75
13
31
105
27
336
153
185
114
29
6
39
67
221
340
200
104
637
204
44
68
151
87
135
4
379
568
392
24
24
16
21
74
65
330
248
179
102
140
146
67
220
177
277
190
29
54
105
149
190
161
15
30
240
91
407
218
103
53
443
27
84
252
214
275
717
179
651
80
345
879
290
126
47
29
82
642
98
297
104
59
197
353
148
54
33
116
81
64
117
560
4
311
376
436
169
62
967
261
45
708
547
44
135
70
161
6
194
3
23
27
69
83
143
234
205
16
35
143
342
293
556
478
126
32
53
147
327
255
145
110
163
410
113
314
114
74
368
178
97
41
355
120
79
272
25
79
186
401
366
787
400
72
46
581
171
694
586
2
499
41
14
381
60
22
373
502
520
61
166
23
140
179
517
96
92
212
206
449
233
156
32
261
182
52
464
350
285
268
68
50
13
616
145
34
198
119
164
41
444
27
159
376
575
18
188
5
397
128
199
149
60
277
434
20
268
30
6
70
154
214
100
136
797
156
16
120
16
110
319
219
380
20
676
8
294
51
567
551
386
344
651
75
296
390
243
438
186
356
540
14
144
210
56
196
4
225
72
333
24
58
198
474
493
173
83
411
30
69
352
37
792
156
404
79
311
613
19
100
23
79
72
344
101
89
218
443
22
74
20
70
81
418
648
513
316
46
149
148
71
69
4
49
128
235
501
180
619
369
93
88
276
396
38
48
766
31
80
7
291
187
237
483
116
696
162
45
308
351
262
26
178
564
21
14
33
159
7
26
3
10
267
978
197
455
486
389
34
17
275
60
28
641
237
212
50
483
2
230
308
142
140
297
121
227
141
33
114
189
125
422
318
335
45
979
114
23
58
86
465
682
65
57
458
722
5
129
161
325
287
321
66
154
266
161
109
216
147
100
81
181
344
331
54
21
199
143
120
100
58
55
73
79
26
32
100
128
627
73
108
126
23
115
88
107
218
139
25
287
62
37
122
114
11
342
88
178
264
37
165
391
76
12
153
97
78
170
141
139
25
6
428
117
37
601
229
403
404
197
59
174
247
79
1319
66
116
309
64
226
13
13
54
372
45
71
381
21
295
188
269
77
123
144
25
866
520
38
151
361
64
485
212
111
215
43
283
141
197
164
44
133
3
273
155
458
1600
111
193
32
44
332
40
106
70
178
92
17
44
100
290
132
31
72
49
81
293
158
25
241
177
601
112
379
352
59
29
315
34
411
69
486
40
44
144
130
64
12
1036
108
204
96
370
41
19
252
568
10
154
210
11
225
207
274
94
79
178
19
63
146
119
8
105
143
29
61
3
114
99
228
117
106
286
91
335
156
15
8
519
10
74
52
32
123
125
239
147
41
51
48
318
65
1
69
192
291
79
665
162
108
763
45
57
44
485
11
78
93
96
26
88
144
61
129
166
71
12
150
121
110
140
14
34
138
69
728
209
53
396
264
182
309
257
78
9
198
68
187
185
248
218
314
142
88
113
11
13
213
298
510
383
278
9
160
96
353
28
100
81
38
237
125
46
25
210
255
161
64
499
225
136
334
476
365
288
45
233
20
1567
49
76
158
136
183
72
9
22
29
225
344
177
168
192
149
5
45
27
8
184
111
234
90
108
33
117
5
177
99
276
43
79
436
252
5
55
25
173
96
157
135
112
142
113
28
63
276
73
11
398
435
21
19
79
56
99
107
553
16
156
859
38
112
175
309
92
601
12
38
5
419
146
46
54
218
712
64
28
116
433
453
505
376
12
991
100
91
6
147
107
237
67
300
91
81
476
59
961
450
956
87
199
76
115
316
67
128
107
32
151
92
45
43
238
128
170
176
73
56
156
180
53
157
165
60
171
482
6
384
220
99
45
636
51
571
72
1
23
18
11
186
202
302
64
184
543
64
371
6
76
395
257
832
20
60
50
211
445
206
64
89
325
546
501
5
134
130
250
303
177
192
66
52
123
96
260
3
257
273
35
47
149
222
716
61
12
119
44
449
58
127
162
293
36
2
133
66
567
22
394
75
550
36
172
76
395
86
300
154
136
83
456
257
416
178
65
47
139
228
149
207
114
327
98
71
380
9
81
44
598
129
151
851
258
303
149
430
156
82
53
136
5
130
156
455
34
2
49
351
38
139
78
65
13
151
418
97
75
119
743
599
256
254
21
110
389
136
315
219
10
120
136
112
111
164
213
294
1046
311
696
86
31
108
336
430
183
1108
254
224
82
187
8
117
75
112
155
119
177
70
32
25
284
67
162
23
37
577
473
21
406
59
73
47
367
474
74
67
89
5
48
9
12
397
53
69
189
217
109
26
142
33
119
105
493
436
2
140
11
656
11
91
20
45
174
14
7
110
49
1
137
451
54
175
635
152
88
357
91
596
453
243
165
973
208
114
179
305
8
347
54
491
563
283
358
446
285
332
355
96
7
71
1
94
65
184
390
452
74
26
34
69
259
234
7
257
312
322
245
642
108
133
46
14
147
44
19
14
99
152
233
36
86
29
260
227
103
196
508
47
18
533
104
34
59
310
155
47
4
365
5
425
147
27
324
216
353
76
253
496
192
160
104
27
392
44
87
143
67
104
216
237
295
282
100
130
111
510
13
70
168
182
33
128
75
181
47
453
1275
124
105
26
39
102
26
180
84
463
105
5
41
464
519
155
157
330
53
217
295
55
474
302
288
366
155
29
86
756
579
604
60
249
237
338
103
363
79
386
221
92
61
392
636
73
494
466
227
4
416
175
110
22
267
118
6
11
131
261
305
166
432
695
510
385
649
189
50
361
372
38
335
117
30
24
11
3
38
491
156
7
29
174
21
21
161
8
419
117
25
180
90
397
55
13
106
101
113
174
32
177
386
300
358
233
20
87
144
210
172
222
180
50
208
128
25
4
241
62
505
521
112
151
110
188
167
74
52
167
39
64
71
139
412
397
435
98
6
191
716
12
90
54
98
221
475
152
98
449
403
335
392
33
55
333
460
279
288
287
724
74
22
241
95
47
285
183
51
154
240
106
218
69
20
206
171
41
58
143
108
636
19
81
136
128
51
40
78
124
16
115
85
69
673
86
234
163
255
26
42
396
234
251
106
200
237
449
447
69
380
197
71
223
268
118
246
710
447
368
331
26
19
78
29
447
93
37
27
190
72
152
48
320
116
696
198
172
109
664
40
52
263
167
258
246
155
266
136
119
185
130
16
84
269
94
50
50
282
172
39
219
102
469
361
140
51
19
81
365
414
313
92
656
282
132
784
660
161
288
506
107
163
54
112
575
71
145
172
20
106
127
508
49
57
67
226
381
37
121
27
88
1
67
130
38
202
1
581
161
43
12
37
22
320
263
295
733
97
206
65
11
125
45
8
917
111
225
122
116
55
486
46
66
21
78
196
59
502
49
20
331
45
23
137
130
49
10
183
238
646
190
133
87
442
182
314
527
388
13
854
172
57
310
91
776
319
276
5
81
2
230
133
67
230
95
62
46
156
271
1
177
82
61
123
731
143
626
11
43
331
99
38
71
375
401
1011
11
16
96
702
54
29
115
307
273
16
73
531
223
86
356
219
87
35
98
159
190
798
9
63
36
450
172
3
88
153
103
15
71
58
1
412
149
99
732
57
41
34
68
8
1080
13
332
398
466
109
282
44
231
336
19
137
114
14
143
187
49
211
27
38
279
1131
91
50
129
240
62
250
329
12
237
51
1
569
203
126
97
124
23
591
78
88
316
95
352
197
8
30
15
97
52
123
215
77
43
181
16
356
272
200
9
56
400
52
56
21
270
572
32
667
32
113
94
318
81
34
95
48
926
427
346
285
92
239
133
169
39
227
8
104
76
7
153
154
23
412
748
130
4
86
292
608
158
94
108
39
84
211
83
335
34
50
21
212
231
56
488
120
680
57
314
415
88
159
32
19
239
18
44
416
361
82
9
317
605
180
267
95
540
72
42
283
70
195
57
303
298
9
376
1053
45
35
136
158
242
102
647
105
423
418
183
539
6
32
774
46
733
2
85
26
228
25
188
254
30
208
79
242
246
206
106
180
128
98
1
167
222
102
66
81
405
89
189
28
455
198
336
54
44
194
671
724
198
253
147
252
96
592
26
343
5
39
564
718
84
747
478
508
8
650
198
12
372
264
94
318
49
47
984
69
37
154
10
87
70
74
10
24
234
66
28
98
255
94
1298
46
87
17
147
119
12
19
267
23
644
71
274
21
52
495
42
25
103
593
281
143
215
231
156
185
243
133
170
134
67
164
91
244
1182
548
387
347
118
96
169
92
82
116
74
10
206
93
67
316
99
32
698
158
39
57
168
57
5
139
99
13
212
211
6
53
281
428
218
168
97
5
71
12
12
208
89
140
201
313
98
285
177
144
71
103
289
776
488
114
52
88
54
440
56
36
49
442
13
86
103
10
152
326
78
265
42
136
478
37
383
794
347
308
108
148
12
406
337
126
175
452
379
39
134
179
538
44
87
28
79
391
58
127
3
22
59
76
275
213
240
176
107
85
30
981
64
276
67
171
41
429
319
253
105
41
56
201
16
120
20
264
528
6
25
439
109
443
523
10
264
451
40
31
466
420
19
371
147
381
274
960
46
1167
1
77
95
231
74
79
133
50
76
369
49
167
186
45
331
266
100
148
23
16
150
16
94
37
218
31
134
179
488
117
217
38
387
127
46
19
50
349
122
100
22
539
138
66
13
31
252
317
500
232
329
31
199
121
85
103
12
9
128
339
833
18
353
92
55
66
75
451
52
28
270
118
293
351
14
14
155
72
30
347
1085
342
261
32
21
45
334
88
233
8
273
129
416
526
115
28
58
46
17
239
72
16
168
120
365
235
37
504
335
22
156
37
81
159
273
53
61
17
53
102
44
644
157
186
49
342
230
187
47
9
396
41
28
87
197
18
13
7
5
511
94
341
400
296
387
372
235
196
37
241
153
137
116
1167
15
83
91
120
56
153
207
553
845
29
26
134
18
182
103
247
352
59
115
166
143
37
247
4
95
216
175
143
25
46
134
223
140
462
97
90
60
56
77
94
270
109
100
389
169
383
10
489
268
43
522
71
88
133
60
265
173
282
939
325
371
228
203
385
824
191
15
537
81
216
45
40
98
3
321
224
41
71
100
42
425
21
138
345
269
119
18
893
9
112
183
255
11
220
103
281
197
443
536
98
156
74
132
152
34
770
460
1328
138
718
15
108
88
115
146
306
129
92
876
28
129
68
79
56
157
140
143
535
142
55
43
312
114
70
172
576
56
127
751
268
158
146
484
353
50
284
15
223
367
35
961
372
168
7
337
44
178
27
489
67
229
61
323
12
5
79
24
66
337
265
7
203
364
35
788
1053
146
251
652
344
177
78
82
37
680
125
111
58
537
12
304
12
36
210
110
579
315
247
561
275
2
26
304
68
86
256
162
357
57
10
253
105
532
632
129
129
70
128
55
506
305
109
139
362
571
44
115
11
237
81
27
439
523
12
220
27
147
197
29
184
95
178
174
122
164
282
18
134
30
8
10
165
339
525
225
162
721
304
596
340
33
233
595
184
207
18
371
113
63
425
111
462
379
64
144
349
196
1502
14
63
11
56
94
94
41
445
29
134
40
96
304
152
10
384
512
25
46
347
42
79
703
20
93
230
172
26
43
53
281
169
150
52
168
60
119
104
138
48
495
59
122
14
128
79
273
142
292
4
189
966
70
300
131
124
26
54
113
57
4
50
8
556
325
25
39
86
52
156
375
98
68
336
219
1
66
38
15
502
111
52
379
104
130
181
25
299
10
43
61
405
24
43
9
38
118
6
84
409
97
145
304
141
262
130
203
118
40
445
76
599
12
3
402
662
290
113
220
111
271
154
433
67
74
98
310
524
51
104
139
66
73
463
78
57
564
443
38
275
410
32
58
12
9
878
173
223
485
309
98
100
3
176
18
447
36
431
303
124
28
5
11
27
23
27
671
442
366
11
7
87
292
114
23
70
794
22
406
195
98
1
1
57
435
1
189
42
589
192
849
195
92
5
90
8
190
116
220
74
167
71
670
319
1
25
176
72
233
215
181
1
95
61
248
35
190
327
42
283
215
87
367
376
91
392
294
289
94
650
387
672
128
73
222
253
113
94
385
77
45
71
173
19
310
181
37
434
214
84
139
65
2
247
58
39
291
88
177
27
214
203
113
502
29
23
346
367
193
59
163
39
296
1
189
62
58
415
144
311
242
74
49
146
109
31
177
53
116
221
19
9
118
62
281
344
86
13
14
818
392
199
323
72
419
24
121
935
22
341
83
336
210
277
618
87
11
631
237
56
124
71
146
152
117
130
219
497
27
447
3
13
35
53
36
249
47
68
359
359
107
847
255
140
197
10
77
269
291
71
428
5
30
20
19
243
15
288
125
10
239
211
57
18
57
196
232
5
224
163
121
119
640
304
43
1061
685
525
404
264
33
35
540
754
907
55
796
285
129
117
515
208
144
268
75
32
169
50
437
116
104
65
728
176
57
121
289
4
54
126
31
131
145
91
20
25
280
63
87
1171
143
234
68
268
56
454
261
120
69
64
278
287
279
33
8
18
135
19
477
456
47
17
203
51
418
185
18
7
98
13
77
329
286
145
61
581
294
49
830
67
70
432
259
98
66
52
55
435
200
199
169
160
427
149
353
72
803
99
19
514
14
361
678
224
147
300
6
132
46
27
154
5
40
1251
265
71
298
465
35
5
79
380
36
134
128
470
35
30
70
19
286
168
42
34
89
38
328
39
52
35
409
103
328
33
64
103
36
17
55
480
83
192
597
95
168
339
107
221
7
61
903
486
52
86
92
538
145
751
88
60
835
95
75
36
42
54
189
255
418
485
465
80
68
433
182
224
29
54
89
186
351
68
701
483
17
53
115
107
115
383
192
105
423
28
69
409
10
569
603
114
44
163
45
176
132
32
17
11
229
7
40
380
446
517
384
793
95
314
118
45
17
215
292
397
672
2
311
82
249
6
297
392
501
96
321
118
94
319
546
218
139
21
671
426
156
773
745
398
211
41
218
51
98
85
240
238
290
44
1
242
131
83
64
35
74
84
171
4
96
85
105
142
84
493
6
148
13
86
100
31
467
35
175
295
58
660
4
350
64
128
89
126
195
350
91
82
22
846
197
286
427
96
127
112
115
162
450
546
240
6
423
56
182
15
476
127
156
211
12
4
564
46
134
127
95
150
228
55
137
124
63
127
55
179
331
23
130
230
75
201
228
21
523
115
223
391
168
69
22
206
395
425
243
88
57
437
580
170
171
167
36
141
10
69
292
283
358
16
196
166
57
126
43
268
276
367
152
12
246
158
268
62
45
396
627
135
250
58
141
43
25
377
56
119
243
246
290
281
220
245
144
11
423
202
102
52
64
107
10
312
235
448
51
567
161
60
167
282
40
110
45
243
21
128
85
50
50
160
135
160
34
49
55
180
192
227
110
519
33
617
167
308
21
83
74
42
28
47
403
460
34
193
31
147
6
214
158
81
306
988
38
47
394
217
95
54
17
132
91
71
277
24
453
89
266
50
242
189
376
234
217
61
95
101
105
33
28
129
99
469
331
161
2
433
14
602
643
190
24
64
67
459
34
96
77
109
194
54
19
490
87
153
51
298
314
213
11
44
88
359
440
205
514
19
37
353
296
355
138
621
289
194
50
95
39
18
175
127
923
106
25
452
1
106
70
670
168
203
20
87
90
136
152
370
755
333
307
97
240
445
662
19
78
118
38
127
81
105
468
188
73
27
105
118
419
353
17
620
20
536
145
104
156
11
63
104
8
61
652
854
67
170
325
112
66
1
24
4
405
93
704
150
56
21
160
158
297
33
61
123
739
127
64
55
888
587
146
335
98
83
297
37
230
32
527
823
88
466
825
591
274
364
553
143
238
102
22
65
47
170
884
307
8
150
70
359
151
128
37
33
153
64
61
162
297
270
256
91
130
18
236
67
208
146
112
114
303
112
180
332
108
31
413
359
79
255
128
59
242
283
175
20
45
210
115
396
33
77
7
294
327
372
25
31
687
659
153
299
350
566
143
106
87
275
1
22
21
3
221
221
289
298
176
484
80
99
65
471
27
238
40
899
246
336
22
267
353
169
340
182
98
7
78
114
231
26
524
229
365
252
249
80
238
84
127
126
17
284
263
178
261
148
604
106
298
709
126
92
14
173
74
165
54
32
124
83
333
360
224
59
57
129
104
180
42
27
1
49
355
92
252
488
252
70
186
3
340
205
962
115
54
15
141
502
88
12
79
221
364
76
261
21
56
67
144
460
217
196
109
47
41
39
25
706
161
89
400
94
398
133
113
113
187
760
95
147
624
456
69
14
181
341
12
17
663
131
298
315
57
43
109
19
611
131
311
599
113
449
520
215
35
146
141
564
40
15
89
326
126
30
233
61
199
123
17
220
289
274
452
464
319
5
38
21
39
503
162
29
58
546
120
198
38
19
470
207
217
631
88
329
151
177
354
18
47
40
240
499
50
23
160
615
427
33
76
14
24
132
46
442
208
87
169
203
174
447
69
76
133
23
269
35
3
106
931
122
77
306
66
133
27
536
97
294
314
121
660
108
51
139
139
237
626
397
433
203
70
753
68
339
319
335
88
16
979
22
108
101
215
469
215
191
135
539
1
61
154
217
234
38
48
207
38
23
57
6
126
37
114
257
135
25
126
52
145
97
300
145
77
2
213
5
30
32
159
37
1122
117
368
84
155
564
799
541
491
304
71
57
376
92
82
390
127
61
17
82
1122
132
426
358
428
137
119
128
134
143
277
7
477
104
34
468
6
546
221
260
102
128
189
297
8
684
167
122
281
103
579
751
11
97
10
179
60
35
459
107
604
267
287
65
60
86
203
186
30
611
192
263
60
4
105
239
145
69
451
530
381
307
18
349
100
228
53
220
166
98
177
398
55
119
128
845
152
166
39
157
78
99
101
1033
20
89
195
605
50
59
79
9
53
270
55
103
47
167
191
65
438
216
329
228
150
384
886
179
42
113
94
218
138
53
311
479
133
148
491
77
167
92
15
449
81
241
409
16
35
346
176
931
69
164
172
166
124
290
201
400
209
112
160
277
13
13
325
48
688
204
216
109
114
270
167
543
165
42
36
10
89
357
286
250
319
284
200
13
36
176
612
531
74
27
274
115
397
12
217
768
12
511
602
254
39
15
124
607
72
341
3
95
105
167
726
239
103
4
112
162
48
74
247
57
150
40
253
44
54
799
327
204
53
233
185
151
189
209
201
18
453
73
8
627
91
178
65
154
14
45
29
67
220
149
426
196
203
89
576
85
701
46
452
620
544
83
32
2
5
90
38
327
217
120
172
151
284
13
553
38
260
60
205
77
9
109
222
47
563
142
194
10
82
227
335
9
178
95
361
32
39
234
96
562
426
33
230
225
178
268
119
432
67
55
166
175
83
290
137
138
243
171
218
74
13
626
212
87
172
101
202
309
69
247
315
212
330
104
29
349
79
671
144
73
185
66
52
364
2
548
1037
80
35
181
244
744
87
41
267
231
58
17
54
193
13
18
34
122
217
69
108
58
459
231
13
102
150
193
227
236
779
452
5
420
148
244
21
274
418
20
183
41
555
49
10
38
209
17
113
45
202
964
275
13
255
114
54
132
397
174
233
181
213
46
214
226
639
28
484
34
298
5
950
81
526
224
42
334
232
160
328
18
434
304
12
50
217
82
103
49
98
177
267
370
453
2
42
179
192
42
554
173
213
443
443
640
132
110
142
287
65
571
230
207
156
5
899
152
14
25
32
182
367
34
7
170
9
13
28
359
187
70
231
57
181
51
134
56
353
149
169
17
873
72
231
294
240
41
500
203
269
19
61
726
564
448
136
292
440
240
48
651
2
623
96
52
30
28
44
240
37
30
212
222
388
61
210
233
110
335
525
6
682
38
299
8
93
141
288
59
252
384
98
416
417
299
685
112
72
78
204
42
217
142
288
66
99
12
204
702
275
164
347
9
138
389
518
336
301
308
46
240
61
11
345
341
51
119
25
188
167
20
222
485
120
814
191
140
165
141
531
152
225
37
28
383
159
58
37
232
307
197
439
193
266
109
472
95
8
286
46
92
433
84
88
110
202
1282
209
295
342
6
4
202
39
127
19
132
325
8
40
94
773
3
194
92
339
220
56
133
65
182
83
32
228
162
775
190
69
18
5
92
15
205
196
422
44
101
220
317
109
143
388
554
503
4
492
33
210
22
216
108
396
539
83
53
362
336
10
254
123
406
187
106
244
565
226
48
203
702
154
139
5
156
75
312
28
343
1
2
386
200
45
311
235
365
272
283
252
318
68
77
33
14
1
406
167
29
81
527
96
75
22
33
240
185
422
228
23
228
375
358
145
275
27
168
195
131
334
237
32
293
201
82
84
135
147
161
725
2
634
215
64
198
132
31
3
289
24
243
76
633
24
88
40
155
492
12
135
24
148
397
109
182
58
8
834
10
43
25
253
592
33
97
27
51
143
251
1462
231
297
72
41
23
42
32
423
234
64
474
19
18
168
513
72
266
147
8
1007
268
292
12
12
563
252
110
260
139
271
609
33
192
391
59
25
224
43
202
21
131
25
24
43
374
92
97
6
54
8
68
59
213
253
254
247
163
229
117
352
578
121
306
116
105
171
233
132
71
599
17
321
299
174
3
153
544
11
178
71
271
195
19
195
819
53
67
415
655
71
121
33
32
203
752
71
139
86
16
194
252
2
176
105
9
5
68
346
796
129
267
66
136
74
17
502
2
48
304
49
509
6
329
97
306
1
33
199
530
346
53
362
280
201
23
349
85
5
633
262
251
46
396
194
77
87
58
551
22
69
18
395
311
161
46
42
199
823
286
335
78
398
75
105
81
335
114
107
80
91
102
462
610
154
373
110
208
51
525
115
263
331
487
107
144
304
228
43
161
261
24
233
464
161
342
174
126
57
48
3
55
15
78
586
189
128
106
61
136
192
311
32
125
353
346
572
202
357
196
888
143
22
85
168
133
43
183
167
63
90
499
500
506
92
304
119
238
273
28
42
129
118
376
290
595
29
50
835
70
10
287
32
164
238
123
53
131
72
367
159
566
71
424
479
325
243
40
625
74
319
105
249
319
360
126
642
568
51
87
159
50
840
37
44
375
334
66
519
443
195
16
226
301
483
63
51
491
277
60
873
207
317
141
342
61
30
87
91
67
78
75
22
265
111
59
206
191
129
135
93
77
24
41
15
38
308
20
170
417
100
23
7
972
195
147
648
60
493
160
177
484
90
7
184
284
90
306
626
45
112
188
279
588
562
97
347
186
49
49
29
462
269
34
155
266
423
101
12
303
636
121
44
389
1
69
120
322
3
390
173
7
29
1
258
168
143
55
888
214
50
81
161
321
25
40
560
86
441
500
139
105
64
320
266
57
192
252
153
682
332
516
500
201
295
417
107
163
114
214
180
1153
153
966
593
716
13
71
196
104
236
255
32
76
16
219
251
70
73
294
45
632
106
297
87
195
55
68
105
437
156
442
200
100
188
175
470
108
84
725
623
166
10
64
77
64
336
130
191
76
413
290
64
14
229
156
52
245
35
27
295
27
436
154
14
244
194
81
129
255
563
3
62
177
111
456
340
206
32
1
428
251
392
385
7
39
252
243
390
235
397
30
7
113
270
152
357
427
122
78
40
14
11
168
381
78
7
281
472
97
620
87
545
1026
144
8
56
291
347
18
151
130
105
467
44
162
179
35
354
724
262
127
3
54
22
28
810
253
297
379
77
9
82
785
35
274
322
33
27
496
152
376
136
11
169
382
255
378
32
10
526
26
292
155
113
182
254
153
454
332
69
7
59
292
188
232
467
214
107
435
94
69
178
141
703
142
367
59
159
59
81
37
674
161
193
29
91
24
290
683
321
264
530
1054
98
70
74
189
138
142
283
294
34
33
627
475
34
4
113
51
17
72
70
357
278
185
11
247
47
85
76
608
399
249
290
65
381
628
41
55
53
39
628
39
20
87
346
59
45
391
64
257
44
26
101
240
13
235
158
164
359
117
217
89
54
15
177
59
61
227
50
104
90
197
392
76
71
85
179
18
54
101
3
160
53
115
50
293
202
81
74
343
169
33
77
102
5
49
464
34
234
776
182
66
27
510
6
59
81
38
422
67
90
19
5
88
1
166
168
99
43
30
61
130
51
335
3
197
75
215
556
10
231
720
265
96
249
50
269
452
54
125
152
17
203
138
98
196
308
106
124
58
108
327
10
87
14
90
240
580
33
1
206
368
60
91
60
169
70
295
1860
858
144
123
186
10
22
62
477
237
81
133
30
96
611
29
5
26
363
77
157
183
161
564
227
70
452
123
4
11
1
497
150
26
31
748
96
20
281
29
25
270
395
426
12
35
111
4
64
68
276
335
543
38
143
61
113
1
159
31
16
93
588
20
286
260
168
115
87
134
168
561
58
308
12
69
451
74
110
115
180
50
130
162
130
183
761
378
1264
107
203
482
259
111
44
363
387
20
240
378
54
355
132
191
64
237
15
1369
158
441
138
127
137
24
38
382
1268
34
423
227
47
332
10
369
127
120
318
292
233
82
504
342
679
14
105
40
398
39
153
432
27
76
41
69
50
2
118
187
156
122
23
342
181
79
32
190
6
5
279
186
383
110
17
159
240
134
50
277
110
304
153
109
646
80
695
35
252
323
97
77
92
127
150
115
109
537
279
136
85
15
10
35
218
37
139
348
323
261
289
155
15
475
200
223
189
7
78
116
216
50
157
15
631
137
679
310
215
120
36
84
174
385
198
84
33
50
681
8
404
292
392
381
203
317
394
71
368
402
223
176
117
370
574
161
3
42
52
51
2
156
32
194
25
938
106
32
14
17
267
37
244
522
68
18
231
150
253
162
206
188
110
30
38
19
16
8
121
157
16
42
428
247
533
96
159
114
66
223
426
18
153
312
84
411
323
262
133
7
37
68
51
99
560
271
227
50
462
102
107
449
57
51
108
73
50
61
238
132
20
22
304
112
163
15
6
190
26
94
6
17
212
556
2
226
167
28
143
84
374
22
58
517
120
634
124
147
42
140
180
299
223
253
224
29
124
293
51
140
564
238
7
68
16
157
207
68
187
29
540
106
331
45
155
216
90
26
179
101
127
553
137
72
330
451
41
16
98
56
192
54
494
126
502
23
328
260
1035
95
83
219
536
49
34
86
16
126
194
152
19
327
39
931
419
100
61
22
216
691
520
116
24
390
225
164
372
381
235
253
31
119
2
277
48
102
255
315
404
13
366
23
703
131
422
230
112
254
