190
138
257
65
353
73
210
62
15
97
242
37
117
80
384
59
1
319
25
16
453
145
92
71
226
204
36
241
49
115
165
6
1
277
186
564
45
49
153
274
64
252
79
39
175
3
202
425
274
12
315
477
21
480
383
358
35
305
99
325
96
30
14
43
12
78
180
17
282
252
42
76
8
370
15
72
521
116
39
75
379
504
186
141
138
56
520
90
93
188
583
287
104
707
4
119
130
404
134
10
44
127
92
113
282
94
382
157
50
21
262
149
27
246
82
63
209
185
19
30
73
458
55
27
102
89
496
16
39
95
12
68
554
769
76
31
4
63
164
1037
553
83
5
21
182
18
269
230
348
492
74
2
36
304
203
150
44
164
253
579
70
42
8
83
24
182
261
20
206
344
10
373
61
83
58
44
144
13
154
83
4
594
4
106
94
260
130
246
83
229
378
148
43
815
29
358
168
145
301
147
219
225
28
94
22
29
16
173
84
1020
108
493
577
78
28
98
176
159
15
136
21
228
47
400
115
310
5
138
426
293
22
61
84
339
189
629
19
182
197
186
290
172
8
41
7
135
3
164
215
104
234
324
122
85
36
196
349
695
85
33
83
55
336
266
32
172
56
13
164
116
142
51
232
378
6
3
112
285
141
34
227
319
174
213
25
77
160
10
93
56
253
247
610
213
133
674
293
197
285
58
173
51
307
729
52
44
851
91
1
64
524
844
578
170
634
35
141
17
220
729
73
217
252
39
119
173
36
166
26
819
387
40
534
88
1129
1079
262
86
130
69
83
5
11
125
765
497
1
144
284
623
69
362
17
198
446
215
63
111
91
268
82
3
45
184
25
18
33
4
279
95
7
554
276
368
29
181
147
92
404
4
270
25
215
217
89
431
290
86
175
119
14
68
281
107
112
88
87
137
257
91
15
240
34
161
58
105
436
717
148
318
222
14
6
172
132
15
6
147
343
153
64
276
260
185
595
55
31
95
173
150
214
613
232
15
77
126
179
55
138
312
37
112
139
30
506
43
561
66
46
668
144
182
565
63
62
228
245
423
492
243
121
642
91
71
334
181
641
24
53
246
195
357
378
347
108
334
114
216
228
21
45
1060
63
4
477
318
15
20
6
15
69
122
87
108
260
138
425
257
135
3
86
4
97
130
40
447
118
285
72
152
338
507
168
262
132
91
49
648
1121
6
30
448
303
384
91
90
21
60
159
56
69
305
371
50
94
239
1001
437
172
275
757
43
545
278
14
200
145
71
193
55
95
55
131
295
393
47
74
23
69
404
231
69
241
29
82
48
212
13
84
103
302
201
203
412
19
39
226
141
238
173
181
578
1
22
250
128
777
521
253
328
182
49
97
84
8
408
36
266
281
257
136
95
811
93
37
211
323
95
183
140
79
12
85
56
31
168
254
22
163
142
364
123
298
303
593
50
178
443
95
94
226
117
560
20
19
2
41
119
13
30
59
25
224
229
302
30
149
42
181
27
732
158
206
463
10
202
487
19
186
42
279
161
431
166
98
40
704
229
3
5
81
342
65
41
732
134
153
132
88
23
214
81
178
260
340
347
23
120
5
125
74
374
306
158
76
6
287
187
125
198
239
872
154
100
149
442
115
186
635
671
72
14
117
405
257
359
294
281
26
133
55
44
431
10
230
125
94
93
47
232
94
39
3
312
16
108
15
283
53
62
27
27
141
99
245
50
220
270
198
14
253
182
279
130
138
13
96
64
552
256
20
17
131
274
115
259
340
9
48
212
142
310
350
84
171
2
110
49
230
108
53
714
1134
53
654
383
64
59
148
292
85
325
1251
307
149
383
39
538
20
3
124
314
93
175
168
368
175
117
301
6
1758
505
33
154
151
115
136
47
74
20
131
183
105
530
258
33
51
23
33
100
245
221
157
262
474
36
172
235
17
324
43
40
338
106
216
218
88
371
40
291
221
27
83
60
104
3
69
397
61
48
2
543
528
583
108
92
36
27
321
323
17
318
68
150
71
30
289
21
735
231
19
23
98
1
471
15
19
162
562
627
67
645
22
51
141
93
56
593
34
37
463
529
14
257
489
65
173
118
41
114
92
307
136
30
126
126
242
51
224
212
27
331
487
57
145
300
205
13
107
13
418
16
62
225
826
130
31
723
290
294
87
23
774
164
447
27
422
87
717
266
375
1319
150
31
268
12
10
597
4
267
152
201
66
264
1064
131
61
160
59
145
532
206
113
100
255
5
1
220
166
178
227
127
289
422
8
3
76
123
46
573
302
242
111
581
68
25
483
199
310
4
281
29
25
232
70
108
707
301
281
251
113
46
139
29
10
38
299
363
38
202
54
325
157
391
30
190
316
71
161
60
499
166
93
107
81
195
155
32
176
5
73
163
89
74
364
67
316
85
14
91
326
375
18
108
101
244
533
183
217
117
39
83
131
120
9
64
163
61
128
99
420
162
5
350
42
24
330
75
164
128
127
233
223
121
111
145
442
80
67
48
257
323
288
235
294
156
521
819
268
143
29
323
205
283
139
141
271
522
57
124
95
47
276
58
48
475
211
227
10
108
462
21
300
262
2
717
161
71
105
34
317
92
63
424
28
188
159
486
321
32
249
337
272
328
452
354
343
282
413
78
89
55
239
60
179
224
79
236
12
289
18
269
190
531
85
678
14
233
43
251
25
61
130
72
198
25
26
163
409
203
503
248
307
225
334
4
461
38
375
45
956
179
297
8
9
96
164
57
209
35
226
511
106
392
152
233
126
173
371
464
242
69
83
603
279
41
184
15
107
383
112
231
149
3
143
238
485
1
333
277
154
304
128
438
94
193
180
180
36
52
252
227
193
155
100
1073
35
348
203
116
327
119
203
42
70
393
158
237
2
38
260
86
401
492
61
74
219
76
19
130
20
238
183
9
456
73
15
204
93
58
253
133
253
297
290
177
105
165
89
91
21
87
213
283
53
142
592
51
488
335
36
203
21
45
172
139
308
186
16
146
51
246
383
530
288
274
345
188
117
30
204
96
462
24
214
155
247
21
212
5
250
16
237
51
135
164
594
446
137
159
354
25
5
7
64
348
148
93
152
343
119
44
71
285
27
22
144
21
356
354
252
112
200
33
61
51
10
40
55
106
47
82
129
283
152
217
113
170
158
279
85
201
538
580
125
397
112
16
257
227
187
112
240
145
45
44
38
130
4
16
40
178
16
62
409
191
1
195
1025
488
86
18
110
73
430
42
133
101
121
411
143
94
143
49
95
239
514
119
120
212
27
354
268
72
50
262
182
240
30
153
379
557
110
211
210
531
279
77
538
104
321
114
334
27
133
25
275
266
64
56
364
65
160
206
18
293
260
48
596
403
26
189
22
17
50
368
198
122
123
79
178
67
9
312
67
241
583
203
6
264
233
2
321
251
594
71
190
163
213
67
583
345
180
218
17
23
37
28
227
222
100
308
123
294
258
14
72
263
297
429
211
30
172
64
144
39
118
38
561
170
7
197
78
23
224
19
79
32
213
18
369
45
107
424
289
568
88
130
644
229
77
162
63
268
77
210
420
246
200
55
458
14
375
1342
151
24
591
444
184
214
10
93
418
148
373
95
601
51
106
83
16
393
102
574
284
222
60
378
144
48
169
14
156
204
15
61
272
14
127
212
434
118
226
275
60
612
133
202
227
96
85
12
38
110
73
552
46
107
250
226
281
110
313
335
29
51
199
93
383
10
285
165
97
215
367
14
41
214
182
192
348
150
169
27
142
92
310
3
499
309
672
6
215
532
69
53
38
23
112
92
127
754
330
99
142
317
329
62
170
203
493
408
135
25
128
32
11
153
17
58
112
632
63
463
1126
35
156
220
89
487
83
102
509
192
16
144
463
236
337
99
11
272
205
155
937
576
105
327
134
188
407
76
131
115
371
95
62
96
128
14
194
190
43
235
60
170
136
448
108
151
14
171
719
222
118
90
399
35
240
422
51
26
79
125
9
16
425
202
224
247
137
640
22
148
325
172
56
71
122
19
29
356
270
8
107
611
126
223
397
55
202
57
99
118
15
164
70
15
155
602
34
22
131
130
38
71
578
130
90
18
351
59
83
127
766
23
35
722
75
100
645
5
131
410
352
315
49
9
207
679
585
234
87
92
295
85
106
572
90
475
343
15
579
29
160
213
445
43
252
619
13
10
87
227
124
343
21
52
78
658
249
207
45
75
205
32
40
411
193
323
293
130
155
56
190
14
137
574
166
326
77
676
61
270
117
257
300
57
135
214
113
614
83
81
90
94
22
532
806
726
338
166
377
437
35
111
22
846
28
54
8
156
471
502
508
42
404
5
181
104
1070
345
10
57
174
185
127
148
158
11
539
33
56
60
58
551
10
68
33
109
190
301
84
21
32
169
150
230
128
298
10
200
83
77
32
218
254
94
149
138
136
236
57
141
88
63
181
145
63
83
736
134
84
34
121
62
110
145
7
27
79
152
56
92
636
173
39
196
58
464
138
30
42
406
188
256
356
75
128
186
202
569
58
472
497
71
82
515
363
45
386
1
249
42
59
32
3
434
9
30
439
314
80
94
179
119
39
19
168
121
115
68
213
70
26
797
37
132
475
11
48
488
432
100
30
756
25
177
93
89
29
337
169
922
528
51
97
30
170
133
225
21
4
263
167
118
46
193
28
80
14
254
18
305
132
740
78
131
378
107
201
683
71
376
119
311
39
332
666
136
438
97
134
1664
245
46
78
65
178
74
16
322
223
19
252
306
128
4
48
193
111
114
24
147
382
7
443
343
482
83
121
475
232
378
163
59
698
13
180
149
348
32
130
45
162
108
17
265
33
97
684
217
319
163
362
222
177
282
136
14
614
26
230
194
1163
156
213
72
55
287
296
289
544
335
9
40
146
12
421
70
66
151
678
50
420
303
165
498
283
1100
13
368
19
158
48
254
77
251
292
512
494
374
707
108
106
176
232
266
79
122
148
724
21
141
330
58
162
45
280
185
19
80
197
342
14
24
76
28
193
49
22
57
92
633
4
272
47
81
158
45
252
32
31
26
72
616
75
10
229
1525
185
480
299
510
113
2
188
103
792
194
82
134
20
269
554
356
123
381
287
148
748
61
101
293
182
513
14
25
142
59
17
125
3
407
131
154
581
283
105
20
520
331
92
166
94
50
529
70
165
236
667
48
163
555
8
9
121
111
6
349
213
390
158
676
191
88
82
150
381
291
26
683
173
34
21
15
341
372
194
62
74
13
41
12
16
185
69
314
1
140
70
140
52
42
362
733
277
17
567
370
11
16
94
431
19
634
90
54
140
25
59
288
105
182
59
70
160
680
285
528
58
426
118
38
488
509
229
11
131
188
92
6
222
15
291
328
78
92
128
410
264
416
10
452
66
304
132
293
47
19
6
124
527
28
149
116
198
15
301
385
179
84
33
49
9
131
397
310
404
93
48
99
6
77
40
403
14
561
201
495
140
91
209
135
131
216
10
146
138
1
317
28
174
151
70
31
266
94
44
745
6
326
349
314
27
709
323
712
196
56
614
286
21
157
29
48
15
260
1058
47
412
107
92
258
221
61
66
27
148
38
63
191
358
84
7
226
785
252
7
185
154
242
33
514
436
246
730
493
177
113
346
459
77
89
21
171
315
129
10
18
103
197
162
8
5
142
5
54
299
295
684
56
22
39
104
194
711
69
197
792
196
249
119
176
196
52
164
248
190
587
3
151
177
373
135
227
12
220
118
59
468
242
215
126
81
91
90
215
227
15
144
436
143
90
61
369
314
283
71
60
139
72
11
170
144
65
134
12
24
6
112
23
768
107
28
605
670
336
30
116
161
36
6
46
66
2
27
379
10
6
339
114
162
2
148
469
359
246
513
310
21
204
165
298
358
35
96
124
122
485
77
640
87
7
152
179
238
27
89
95
350
124
184
160
176
92
55
346
110
65
31
177
197
103
476
338
147
154
94
382
716
442
627
331
13
132
89
334
53
7
286
307
318
352
21
4
27
158
135
48
92
123
125
59
7
12
1110
100
73
132
9
17
106
350
171
38
427
219
328
251
19
438
182
7
360
54
255
80
111
152
7
161
764
17
37
235
94
40
350
60
230
66
66
42
96
203
36
346
53
16
31
57
39
243
184
220
9
31
391
18
122
38
20
505
307
72
142
436
112
47
401
287
89
163
678
78
46
19
40
29
272
159
186
117
27
78
713
361
262
85
400
675
470
33
91
786
152
201
246
530
229
105
11
371
60
67
549
249
560
310
163
15
65
62
102
115
71
117
97
65
116
818
13
284
40
1013
2
1087
41
535
613
1169
86
452
307
8
151
295
1096
232
85
41
234
43
479
283
241
123
284
183
711
77
512
159
271
82
103
17
215
345
531
100
105
91
90
198
570
129
152
228
513
220
484
171
118
209
533
433
211
349
71
38
86
445
34
403
36
217
110
193
107
473
37
162
44
101
92
106
404
415
383
3
124
38
364
20
34
41
386
403
91
601
111
98
177
144
80
24
165
327
321
226
372
70
149
73
108
162
267
435
93
162
69
25
80
327
10
259
197
31
107
60
505
84
92
75
54
70
379
326
28
501
339
34
873
192
362
412
29
100
161
159
263
111
406
225
45
64
42
71
28
121
163
620
92
185
15
386
74
568
88
324
7
59
129
323
87
24
36
351
96
165
195
260
240
927
347
258
262
93
188
131
105
208
120
47
259
112
45
300
68
285
232
75
105
33
137
47
474
181
309
18
35
323
127
185
135
85
190
205
156
949
102
306
221
368
134
182
805
185
30
224
27
204
492
422
90
11
76
331
22
136
45
470
117
583
83
44
313
41
492
32
50
25
86
167
178
280
63
13
20
3
912
932
56
15
79
102
660
132
19
433
378
331
26
444
38
523
42
93
284
313
196
73
78
348
756
6
77
235
194
408
776
201
171
3
150
29
110
23
60
15
237
164
151
34
130
944
59
292
242
363
3
9
384
147
94
68
147
49
129
162
178
208
155
154
112
414
83
140
533
175
60
154
259
317
974
257
113
137
168
176
65
32
212
107
551
159
412
293
537
4
30
368
114
86
200
427
338
158
142
120
313
278
547
234
138
105
164
75
87
8
635
177
7
238
54
678
111
133
66
199
430
36
402
205
204
68
19
532
248
372
78
366
36
420
56
115
8
10
3
74
351
182
56
18
326
258
310
91
19
291
7
79
291
53
227
203
461
24
246
7
332
115
161
27
112
171
21
298
22
48
193
232
221
137
46
126
32
77
337
397
501
40
149
101
236
206
14
23
31
336
61
201
151
347
112
89
41
316
98
324
35
56
20
5
467
102
181
53
83
103
66
73
26
374
28
134
134
214
921
501
137
263
132
64
1600
89
213
41
58
365
632
243
101
80
202
135
302
76
30
662
91
274
194
29
26
55
42
81
242
97
422
156
77
159
17
174
16
53
102
365
216
86
204
285
252
137
475
372
286
183
147
84
580
686
272
98
166
39
1
283
184
295
198
6
43
68
258
68
80
131
73
34
220
75
51
86
278
192
8
117
152
593
103
31
141
150
4
233
76
329
387
231
38
192
186
8
464
77
14
47
10
839
129
164
275
11
126
537
369
106
201
53
1138
103
106
52
44
257
69
61
123
205
854
28
24
164
207
329
125
88
246
60
55
128
135
15
179
58
21
17
11
114
282
284
65
85
32
164
434
244
414
516
70
147
189
46
380
17
11
41
24
120
54
119
202
142
101
72
24
508
346
117
37
20
589
34
251
142
38
43
35
124
157
18
85
202
483
23
150
140
180
182
69
2
45
420
226
141
245
122
115
111
72
295
230
203
49
34
401
642
4
65
79
348
160
277
85
146
8
30
1
1
144
16
222
294
26
270
152
254
103
84
488
127
37
484
346
34
7
17
143
25
43
12
104
129
190
145
59
9
24
230
381
176
148
56
31
349
131
79
18
57
554
85
24
21
7
320
148
175
84
381
208
270
36
390
30
537
491
169
58
115
50
53
95
25
322
73
329
186
265
4
539
8
53
123
338
245
125
125
116
241
164
744
133
536
93
26
1029
165
24
241
259
60
111
89
179
68
926
17
985
428
75
69
103
410
227
62
7
7
2
7
592
28
166
165
126
30
52
90
33
170
81
68
71
108
273
267
53
211
48
665
56
302
184
253
151
97
28
547
778
33
37
257
32
82
247
74
55
33
23
45
140
3
36
71
319
37
40
28
280
180
10
621
78
282
685
634
16
10
495
56
23
134
113
377
373
201
334
140
227
23
88
85
224
310
219
73
65
21
235
102
79
85
161
206
46
193
271
297
146
39
357
160
15
334
55
335
172
38
35
8
411
131
69
185
1099
199
93
124
2
34
48
138
368
829
57
47
21
147
51
3
10
555
31
333
277
53
3
25
180
611
144
101
28
20
44
411
151
27
67
150
129
192
208
127
483
113
27
114
109
608
227
195
177
82
174
173
56
47
29
88
394
338
19
206
806
25
79
31
9
243
395
375
99
24
393
122
397
118
205
231
323
280
86
204
289
50
86
1191
411
151
645
48
15
118
179
120
39
12
453
140
7
200
10
90
226
190
237
235
274
202
260
524
22
22
114
45
540
67
25
327
37
86
337
128
199
94
39
17
222
287
22
28
249
6
56
187
132
113
610
141
79
121
304
256
103
152
24
149
36
14
5
81
437
31
859
2
217
694
130
98
214
115
22
71
2
376
79
248
38
51
108
77
18
43
221
49
907
463
149
558
58
562
226
141
1
276
268
308
3
120
182
345
154
193
5
94
169
454
201
101
79
1100
350
206
52
1048
257
36
95
112
310
385
238
30
34
372
246
82
71
412
57
424
22
111
527
43
635
342
293
344
802
764
273
20
457
20
230
366
276
450
71
222
765
301
262
257
2
124
106
110
401
110
206
35
6
358
226
98
760
42
233
23
210
92
120
45
76
92
18
161
4
86
242
148
32
75
71
188
55
13
273
409
186
232
46
8
434
65
366
298
25
27
29
20
97
15
231
87
258
62
320
326
63
11
283
54
75
34
14
161
84
599
162
431
212
1
210
22
210
174
238
63
92
94
200
630
103
40
461
519
277
227
456
23
253
27
378
99
124
19
108
33
61
4
478
3
25
340
108
317
287
36
269
29
250
299
111
252
100
99
300
206
763
177
41
343
8
66
177
513
160
1157
121
379
110
279
20
32
13
213
218
99
30
7
234
672
19
59
128
55
143
796
47
167
685
15
38
31
95
350
316
23
140
395
1044
540
251
54
191
149
155
31
62
3
35
317
130
253
104
357
122
52
95
365
75
23
56
72
21
26
87
221
145
165
48
276
175
153
136
32
43
258
161
1016
339
199
222
212
60
226
154
199
299
56
19
113
108
2
72
157
496
204
10
72
3
58
157
345
129
196
177
278
296
222
18
6
199
10
1189
101
104
131
81
389
159
227
45
349
15
95
186
35
71
115
3
336
290
129
78
83
210
5
69
485
144
199
17
32
269
522
521
106
140
23
187
340
189
295
276
229
12
207
177
182
201
17
66
440
129
444
87
212
324
101
93
19
317
49
123
88
447
285
250
227
92
415
32
478
146
188
52
58
86
181
208
104
8
1328
81
327
13
136
102
47
86
56
12
80
49
95
22
269
166
441
18
296
5
121
240
196
158
25
189
98
36
89
34
51
81
120
28
113
217
190
45
157
109
491
11
66
181
109
412
135
544
140
52
394
253
378
884
159
232
14
80
149
523
103
121
313
15
158
22
54
199
548
125
69
404
187
152
39
675
784
177
441
496
198
339
244
496
108
245
90
210
15
68
241
67
156
370
531
145
53
33
64
157
134
394
39
62
88
28
381
176
10
8
75
29
30
736
216
73
387
142
362
406
179
395
157
20
538
186
166
212
73
201
44
44
201
8
4
469
8
609
263
512
610
817
51
539
273
73
224
307
46
6
367
135
535
449
65
118
17
801
246
42
103
100
58
181
19
187
266
313
96
175
361
225
92
35
42
94
3
421
69
130
373
382
82
98
54
238
253
203
351
42
128
158
2
258
65
769
488
32
81
211
617
14
299
277
74
59
397
56
87
53
209
259
143
162
93
30
136
10
64
43
91
105
12
396
119
105
245
316
139
47
481
544
37
480
286
66
30
578
1092
8
1414
92
129
19
63
220
22
12
155
44
594
371
51
311
286
1722
441
228
169
247
183
74
219
325
66
22
178
188
165
394
113
737
11
289
20
84
156
234
289
35
11
393
84
162
67
121
726
155
86
58
134
190
70
542
430
31
97
21
214
74
196
187
23
1275
118
92
110
132
17
21
240
43
160
52
206
139
289
135
40
297
230
72
222
188
4
157
602
160
113
335
595
35
257
284
11
288
631
177
733
260
984
79
81
194
102
596
202
16
52
610
637
257
180
130
531
5
157
164
84
88
45
203
11
39
179
387
100
207
48
74
386
144
260
312
41
194
332
34
242
450
175
411
778
26
194
444
221
103
1013
95
198
178
79
113
30
169
74
105
86
267
224
421
287
134
15
397
424
20
359
113
334
312
18
56
2
111
34
29
422
141
354
88
128
4
67
147
729
312
72
453
52
384
212
25
874
150
36
445
27
214
92
369
152
336
78
5
472
323
113
59
34
76
388
350
199
24
99
240
527
137
81
292
117
150
74
75
109
254
129
43
257
208
33
499
5
54
54
33
195
32
149
300
225
7
52
19
626
15
328
53
623
168
146
116
134
2
199
51
155
94
361
11
172
25
289
214
8
157
25
150
47
14
87
235
50
16
113
108
101
332
155
388
187
22
74
71
631
61
126
15
108
5
105
252
223
372
204
150
510
119
174
4
320
447
227
123
36
16
74
9
815
651
115
294
5
109
141
238
156
833
138
160
256
105
241
107
21
78
10
125
194
412
186
125
199
224
24
2
124
456
9
37
387
422
44
207
594
11
57
621
4
173
60
351
253
138
168
80
8
285
22
412
219
669
140
224
7
39
22
263
227
190
34
722
55
200
86
193
248
283
6
93
61
38
25
151
60
129
46
195
281
19
285
198
42
19
533
110
111
423
579
139
669
145
146
184
119
3
65
72
54
141
220
45
56
185
69
287
312
272
34
110
196
632
350
15
475
348
443
121
79
997
301
209
14
25
84
36
468
150
46
295
9
136
85
225
6
117
366
19
89
516
73
351
22
266
589
3
31
741
262
132
83
116
175
759
79
33
40
268
24
103
46
169
57
28
173
970
287
676
222
161
184
392
419
460
277
142
190
267
323
166
29
43
38
390
42
287
223
167
565
95
221
177
41
252
160
8
52
77
243
40
150
213
274
187
119
225
47
18
34
880
99
347
31
53
193
188
60
270
201
151
396
22
65
271
454
234
60
16
137
312
43
323
1
94
193
118
528
34
50
781
282
839
1
49
26
51
170
295
75
27
81
112
153
447
253
59
588
118
61
74
540
143
220
63
154
34
201
411
176
75
197
118
113
108
81
109
323
280
3
31
244
180
132
411
433
248
422
52
300
103
11
4
114
161
216
267
103
478
328
184
3
18
87
117
10
113
218
79
56
96
5
56
203
69
99
231
43
130
266
130
222
119
245
247
52
627
315
18
257
4
270
169
37
96
109
208
76
216
416
10
381
198
297
72
34
360
647
475
16
19
89
159
287
567
469
24
465
267
308
472
127
81
201
522
82
18
589
123
307
43
116
511
97
1071
150
64
31
75
234
327
138
104
477
238
5
249
491
35
95
407
120
144
119
37
66
10
33
7
32
1278
384
178
110
139
531
576
207
360
82
64
218
391
288
60
208
460
64
12
183
4
503
73
238
554
76
77
14
148
178
10
78
22
287
422
133
159
540
473
172
94
75
268
169
292
148
118
508
386
38
264
108
14
31
625
146
535
167
8
721
35
758
488
412
79
180
166
425
12
39
67
413
1
134
46
229
120
293
266
40
739
52
771
107
465
1165
250
2
661
157
11
170
817
784
96
68
562
64
189
122
55
305
118
38
159
27
197
412
10
369
405
644
101
312
138
55
85
309
112
90
51
114
162
7
57
187
37
34
566
172
122
211
144
51
262
47
164
83
115
187
475
110
159
451
689
11
122
28
112
33
509
384
191
62
47
25
107
48
690
33
9
25
1
141
151
77
118
334
72
15
150
569
190
154
119
248
62
10
137
485
104
16
902
392
291
481
31
40
37
134
117
11
220
87
196
205
33
50
404
463
286
26
63
152
612
160
49
52
170
214
258
4
280
441
99
377
5
18
652
37
107
131
49
259
706
175
37
67
124
113
56
136
205
27
137
193
575
39
122
89
463
188
254
126
36
63
384
97
118
87
264
198
63
169
431
28
343
637
554
58
285
319
304
239
91
167
142
10
337
129
282
24
773
127
150
404
157
53
16
26
338
25
999
236
17
134
3
78
323
127
255
604
168
142
221
251
15
296
17
56
3
371
218
178
59
211
215
113
5
30
260
327
202
193
278
20
103
73
31
118
50
587
286
99
196
20
11
370
195
482
121
56
49
6
238
830
431
105
21
609
630
234
117
68
27
628
131
34
3
115
289
274
21
15
301
35
435
115
12
129
183
1059
83
216
72
24
84
177
285
366
72
357
475
557
344
139
51
14
27
318
481
207
89
164
41
90
634
122
152
280
294
19
70
430
482
249
95
151
11
303
131
442
42
12
216
65
117
129
177
256
21
150
75
6
89
76
538
40
625
13
623
188
57
63
261
65
342
47
296
12
60
9
92
85
31
46
50
116
370
83
178
160
67
120
210
8
40
153
151
271
452
89
296
482
144
230
202
254
40
159
6
331
87
547
123
365
6
121
335
141
154
74
79
4
6
63
172
125
44
358
408
21
93
76
335
483
167
21
127
183
172
263
478
59
236
29
146
367
37
170
421
461
1
237
188
113
34
65
675
117
282
521
171
30
116
139
28
46
92
93
102
33
14
84
100
43
190
97
4
223
89
513
17
99
232
473
724
585
589
87
477
118
38
192
782
189
201
15
999
264
382
123
78
118
36
169
229
303
106
159
34
136
405
126
69
19
2
117
221
166
36
825
249
72
263
322
31
20
605
308
447
299
502
104
372
104
404
42
44
142
88
166
371
74
111
277
192
119
87
452
218
26
7
56
470
38
231
128
356
4
396
868
154
649
116
86
71
316
201
167
168
48
231
129
255
712
54
498
93
62
15
614
208
74
56
319
54
169
59
252
158
213
72
193
378
61
58
151
259
50
100
223
215
17
185
106
30
38
678
247
19
232
133
102
6
209
639
474
220
85
198
249
136
25
223
49
754
864
35
63
455
29
155
13
156
198
68
182
35
119
285
121
151
44
447
22
517
146
337
112
98
241
689
264
186
91
380
468
67
321
567
965
71
351
561
442
142
263
419
88
176
40
50
17
218
195
161
8
43
29
478
333
315
37
103
32
152
45
40
106
88
240
85
49
28
117
533
462
16
184
134
22
497
180
113
23
229
31
235
61
97
162
332
21
144
205
5
106
204
63
126
10
861
6
17
157
77
631
76
114
696
315
45
83
97
280
532
206
1122
63
142
543
311
232
163
511
97
84
457
18
3
13
1038
258
46
132
360
231
140
46
91
110
32
47
13
223
542
171
267
103
55
407
38
73
104
64
213
146
126
371
13
335
126
483
144
590
56
19
59
113
9
373
342
100
291
19
19
316
52
332
82
227
59
31
337
250
601
484
17
246
8
13
146
83
144
1094
55
337
166
53
639
226
4
102
441
127
51
6
65
137
212
13
223
93
24
205
157
184
403
7
66
480
182
61
54
138
104
83
388
4
366
195
156
103
52
50
59
90
27
587
170
214
75
295
38
658
20
59
112
138
74
501
36
29
387
8
34
50
20
322
149
360
694
80
162
234
41
144
13
97
69
28
468
59
5
52
257
156
247
50
145
6
34
234
24
869
279
84
41
150
63
20
396
33
14
286
150
245
27
77
520
113
291
43
37
90
78
163
231
301
228
25
332
485
978
76
725
221
115
125
46
154
80
293
671
116
123
220
610
255
1
150
538
1
338
21
50
31
130
269
429
575
593
408
70
636
31
184
16
692
67
9
13
124
98
51
101
287
244
32
71
19
137
406
202
43
502
33
446
377
124
178
190
463
226
274
497
16
201
47
44
65
425
10
167
184
66
238
40
304
170
201
899
62
874
509
12
226
299
1
893
361
684
292
205
23
56
88
180
62
49
197
183
170
8
328
142
89
168
63
342
278
10
496
114
322
180
23
230
267
73
208
65
159
107
306
44
191
56
213
47
191
91
45
2
111
309
816
202
51
147
417
66
146
84
26
1153
80
30
230
131
56
207
110
134
149
545
817
839
13
138
563
193
77
60
26
190
2
93
178
223
305
29
67
1
147
423
249
5
177
38
286
416
214
33
2
82
102
96
166
39
237
9
388
208
211
333
105
17
18
59
751
74
250
25
23
433
320
74
143
333
104
651
69
289
9
102
114
134
447
78
163
106
83
29
98
17
953
208
563
157
1
27
370
45
314
462
324
74
755
134
221
207
240
135
14
144
10
40
14
179
357
11
374
314
109
55
399
232
330
23
114
184
252
430
52
788
429
203
227
23
66
141
237
289
134
125
261
624
494
142
190
60
28
170
34
462
649
11
645
42
217
61
118
77
291
212
146
56
590
43
418
183
149
216
112
98
426
73
283
102
136
192
30
14
311
192
11
306
171
135
236
68
47
434
97
55
69
297
116
160
9
33
99
166
26
128
13
236
17
33
130
189
47
608
8
169
492
199
601
606
125
226
110
210
45
133
136
92
4
327
13
117
75
343
10
57
14
230
28
357
97
406
13
361
19
42
11
67
242
299
22
100
113
648
387
481
129
65
404
40
64
149
330
107
1421
51
153
91
683
57
140
522
40
7
148
304
286
46
65
240
116
556
190
161
413
485
8
224
737
44
116
192
720
532
114
571
117
23
91
24
2
84
104
14
624
557
251
197
113
24
31
62
142
254
109
88
299
76
92
144
263
473
949
20
199
54
9
126
15
530
472
29
775
91
103
73
68
187
84
4
489
55
108
106
97
116
75
43
255
38
171
696
402
303
32
136
86
420
16
101
103
410
92
164
59
525
103
221
372
295
595
16
187
26
51
151
204
31
502
497
428
248
269
162
183
483
91
36
354
142
82
23
12
357
324
767
332
399
211
34
101
432
512
95
143
150
6
793
553
173
252
393
7
93
68
275
56
24
654
517
91
1187
581
580
277
113
22
122
47
51
279
260
318
26
138
794
48
115
199
21
8
53
5
338
153
335
849
1018
46
502
20
14
365
116
99
52
66
1
4
147
190
67
204
77
1
93
273
106
443
10
41
40
307
71
1173
10
84
499
583
250
790
173
279
83
264
30
136
55
159
184
26
37
299
148
183
349
13
57
178
211
81
306
41
137
28
233
210
69
2
306
195
69
37
13
306
742
27
198
107
52
157
1
370
404
9
213
59
27
24
16
313
37
458
65
127
66
24
8
348
275
225
259
335
17
120
12
409
220
224
212
219
110
88
243
123
163
89
186
173
10
98
460
638
432
165
98
49
270
392
243
50
18
18
67
216
104
190
703
158
171
210
39
22
2
35
483
17
205
59
147
430
104
49
137
157
46
416
41
604
11
184
276
92
118
166
47
211
162
150
528
39
81
466
98
499
31
53
163
218
972
395
286
354
734
4
83
366
859
1001
684
158
88
215
686
212
115
9
129
191
314
36
299
817
8
432
231
214
619
555
69
4
616
462
488
108
139
76
205
841
169
217
57
48
290
117
406
71
29
7
65
259
85
175
16
6
61
203
236
45
157
269
130
305
83
234
300
956
237
247
78
658
285
50
281
141
90
125
227
93
18
214
5
139
107
563
23
47
10
318
58
302
717
43
47
121
110
30
94
56
55
472
5
183
346
184
116
79
43
77
84
306
73
192
84
321
36
134
418
65
439
180
108
666
65
561
67
89
632
275
566
46
311
243
21
165
141
81
128
497
66
247
150
69
64
49
18
352
260
169
21
348
295
380
128
223
122
261
53
228
36
193
555
58
641
897
203
91
3
153
55
404
188
109
190
137
574
84
76
29
49
194
49
68
30
870
486
36
132
100
71
116
254
116
9
22
84
277
113
92
5
506
84
23
29
81
245
360
268
136
79
190
237
38
95
566
455
3
121
8
72
393
115
138
308
138
31
352
136
13
1242
293
235
324
190
493
304
110
196
184
158
270
190
138
47
379
127
486
114
155
6
56
336
34
81
167
829
221
90
356
557
21
170
190
196
17
20
473
117
290
479
511
257
291
470
93
295
93
17
37
183
282
311
15
465
102
97
44
106
112
6
399
39
26
23
313
485
57
9
9
806
147
342
297
21
364
31
33
89
160
147
144
247
124
24
35
107
316
246
307
195
368
235
5
217
136
66
7
23
102
583
202
53
586
81
719
677
342
134
24
501
69
353
186
162
8
175
131
35
211
31
170
210
168
27
276
361
219
129
489
52
48
139
81
833
101
31
41
20
37
78
390
92
181
279
570
99
128
3
89
522
91
56
206
1016
393
76
343
21
42
327
386
294
692
198
27
4
75
219
473
247
529
54
86
181
162
286
402
566
81
113
124
126
113
68
507
195
168
129
92
336
237
22
26
236
155
124
87
13
54
7
137
147
280
12
427
120
88
9
165
104
311
18
319
140
113
60
40
688
28
5
392
79
513
478
338
110
98
90
238
345
318
22
31
235
417
334
21
285
67
141
12
115
185
115
254
257
10
419
8
560
175
190
24
564
243
137
445
389
168
460
41
751
256
117
432
403
28
286
871
75
247
297
52
39
28
38
514
310
11
169
590
479
162
22
66
544
614
372
32
91
267
411
40
37
359
83
185
34
555
95
417
407
22
43
308
50
76
44
121
78
75
134
49
254
63
173
406
161
235
217
48
298
31
69
102
2
9
327
4
28
78
86
116
36
5
350
70
204
246
198
234
522
309
138
859
229
155
83
256
2
6
92
173
101
192
98
456
17
90
167
244
361
450
179
235
434
29
122
35
694
116
333
91
36
153
41
58
172
301
475
6
131
35
23
167
1319
184
187
16
529
435
15
15
313
397
53
1126
247
39
174
196
50
56
72
159
168
240
388
370
210
869
5
78
27
98
267
85
348
25
196
228
16
337
131
93
754
6
193
13
63
1142
110
306
393
117
424
213
205
149
154
116
196
290
203
130
13
21
363
529
175
311
79
317
2
114
227
244
375
303
78
525
36
154
500
170
367
608
157
118
387
85
686
165
229
73
539
254
94
305
245
39
120
353
337
381
40
28
63
4
77
24
26
1022
717
344
258
292
170
68
140
5
211
181
190
171
131
98
73
187
27
3
89
312
16
10
109
197
3
94
171
20
308
185
6
1041
54
765
50
1022
543
161
45
364
116
314
210
232
31
100
91
11
83
125
151
75
172
372
229
55
476
269
200
168
22
112
61
2
124
52
137
254
66
118
66
226
180
162
772
601
60
70
580
73
2
460
225
28
154
49
91
33
51
441
45
482
182
90
63
124
28
419
91
58
112
60
194
225
124
181
50
62
445
215
22
646
21
40
677
129
2
281
119
37
68
175
284
117
14
285
243
26
235
82
90
273
219
419
75
75
89
251
245
91
171
207
21
638
158
60
70
112
144
205
29
116
103
221
139
78
297
175
120
20
164
22
267
44
276
308
216
105
170
337
137
363
72
1
113
175
57
39
63
468
9
211
365
124
362
20
84
163
120
96
186
360
26
297
123
120
465
12
44
28
86
433
90
24
157
19
323
123
15
17
51
221
12
35
45
15
350
449
502
1093
72
71
133
32
262
7
49
43
346
88
218
828
494
3
320
121
54
363
30
163
391
45
44
80
133
28
17
120
173
47
174
82
1155
15
199
38
248
217
107
586
223
576
6
354
123
95
3
800
303
306
178
43
108
406
661
82
258
25
158
27
62
59
102
23
225
8
312
101
88
154
40
19
17
228
131
394
31
58
574
213
12
12
145
5
148
141
1
817
205
65
448
645
7
89
36
237
579
25
564
208
504
195
89
366
33
3
109
193
18
1
53
65
103
97
139
10
501
195
149
106
168
87
203
38
976
538
96
78
429
351
64
21
203
849
145
59
119
778
125
842
100
19
58
135
199
16
86
192
78
356
119
183
75
231
142
76
51
133
67
12
7
68
45
62
245
304
520
54
3
51
123
43
27
15
18
309
5
9
16
108
106
362
107
95
30
47
121
69
301
191
334
333
107
45
86
4
69
60
182
154
88
702
124
333
76
178
155
139
78
310
502
131
363
114
303
106
319
119
207
85
223
4
201
84
141
403
168
160
151
284
57
272
118
10
276
282
699
99
30
331
281
106
84
41
51
143
199
48
136
149
126
13
447
134
29
57
61
41
522
108
149
256
74
70
259
405
343
68
13
74
27
264
1664
185
4
58
35
12
286
32
465
34
151
93
102
463
106
681
21
202
247
143
86
227
584
127
25
119
99
2
148
64
124
30
49
210
374
269
44
31
232
104
39
210
212
160
24
54
68
316
486
73
110
14
9
59
7
99
950
99
100
401
63
74
351
263
6
112
549
14
399
586
206
9
533
468
434
50
510
166
73
387
12
408
307
215
195
36
36
5
47
450
807
33
39
151
195
14
149
105
195
724
215
263
176
548
58
109
134
84
240
10
256
28
89
183
271
50
13
51
208
40
17
280
151
138
20
33
670
156
63
216
122
166
9
388
41
349
231
66
562
51
63
569
144
111
25
87
122
3
74
83
148
143
101
88
197
433
353
128
236
100
69
370
46
64
119
297
359
68
60
39
573
143
113
185
95
107
19
178
73
208
67
143
153
145
107
225
17
202
38
448
89
245
19
48
398
434
64
7
205
266
125
96
108
45
629
128
258
183
146
90
433
17
406
351
34
154
392
69
499
107
418
478
54
106
200
188
202
150
448
63
115
116
61
288
137
199
174
19
237
79
21
74
4
189
505
131
171
285
520
93
99
52
216
22
78
64
88
131
594
222
207
50
292
139
16
313
155
132
2
19
29
314
1
224
266
424
61
276
239
48
65
224
639
114
49
33
79
488
36
389
119
27
359
249
462
415
330
148
26
302
500
44
194
7
408
68
70
415
229
2
33
293
9
163
75
261
45
357
225
309
113
93
1242
12
268
221
344
88
344
187
7
446
592
53
115
524
332
169
37
516
569
261
65
32
348
693
87
33
56
3
149
44
1
57
229
623
184
22
53
173
602
70
69
153
250
23
182
46
102
159
10
243
297
127
30
460
235
121
44
19
552
209
268
69
41
70
321
226
204
28
163
6
140
109
26
285
316
356
349
111
230
356
375
52
414
439
148
116
40
31
42
62
382
319
470
12
284
521
410
105
7
571
545
7
56
109
764
689
269
141
168
2
39
198
235
389
478
266
517
3
72
296
442
282
147
187
80
81
736
32
203
227
530
373
52
283
110
78
151
474
14
79
943
46
391
266
535
72
145
384
168
245
149
218
16
738
118
78
7
311
161
162
12
92
122
51
4
49
270
273
218
216
62
173
758
25
42
161
29
185
70
40
98
123
318
266
274
231
20
64
289
605
224
83
72
237
238
168
181
63
96
468
133
217
314
209
28
230
17
13
18
35
345
274
9
10
151
138
24
832
486
445
783
41
1086
67
295
51
246
120
805
192
947
187
77
232
14
3
292
239
517
380
311
244
204
225
475
22
187
12
189
79
74
243
398
240
206
294
17
402
147
157
486
324
232
60
246
382
134
54
540
308
175
19
127
77
59
42
16
17
96
24
451
137
213
78
75
157
47
294
12
408
27
191
365
49
11
381
108
195
107
897
97
110
96
161
168
110
33
181
91
70
217
604
362
198
73
124
579
192
276
376
281
357
134
148
544
18
30
748
111
324
39
6
181
526
24
183
275
310
299
72
73
463
275
127
149
46
168
508
21
214
321
36
118
235
155
50
19
135
128
340
541
157
16
45
290
125
9
42
432
149
157
333
31
455
99
30
64
10
263
185
351
58
88
129
192
262
40
278
499
86
9
33
90
83
96
120
331
7
473
406
17
18
365
250
383
27
334
9
184
77
10
139
473
343
438
27
756
172
67
60
273
112
73
86
85
6
79
348
89
133
467
308
210
63
4
239
26
62
249
363
62
151
267
238
352
206
81
12
121
45
231
745
193
80
43
94
269
309
25
120
292
146
244
227
28
51
105
157
88
386
58
314
51
153
898
92
327
354
19
326
42
487
43
53
74
142
22
306
195
32
539
161
23
218
120
416
65
111
70
28
228
61
13
286
220
151
669
316
291
84
8
137
160
95
175
119
70
60
465
265
68
729
489
121
37
73
277
73
13
250
551
108
566
242
56
43
980
11
314
83
90
771
146
387
26
179
184
30
304
252
513
683
56
132
38
168
121
218
226
133
225
59
169
129
242
54
92
27
350
1053
167
124
642
99
84
45
238
466
642
490
238
403
695
349
52
52
311
103
44
333
302
152
152
169
99
122
56
294
126
46
2
174
86
254
208
14
311
114
72
1
84
130
226
153
76
56
41
23
336
163
84
214
15
32
61
147
165
189
167
11
11
211
181
96
40
284
52
82
187
14
39
496
102
195
18
98
239
270
67
93
62
261
161
635
7
201
246
74
50
67
99
221
21
70
402
76
13
78
52
96
4
44
300
6
279
56
1086
568
80
118
489
184
28
244
48
76
195
436
568
134
128
478
33
13
10
161
77
203
646
56
437
50
242
142
302
12
852
77
48
162
437
15
229
262
90
92
111
37
60
100
58
572
100
4
3
141
338
114
222
620
344
122
38
255
341
69
17
14
217
543
57
111
147
514
106
8
439
239
3
327
347
54
29
495
4
56
372
27
304
158
382
49
160
774
285
178
896
111
313
123
73
60
83
182
372
475
32
29
185
285
144
89
231
19
77
836
90
70
56
434
318
19
4
245
6
539
10
96
74
95
57
1037
105
160
115
653
571
146
33
898
91
254
41
320
218
51
274
16
103
827
148
183
40
379
156
14
21
150
35
135
82
50
1264
290
114
40
49
58
93
369
462
475
2
359
1
587
12
139
172
120
19
51
249
504
254
50
2
63
171
14
520
34
22
188
340
48
343
179
14
8
32
167
22
155
81
122
222
126
200
95
43
257
82
2
167
85
222
40
54
203
57
575
472
125
22
322
235
25
666
82
22
275
291
679
223
418
22
6
181
390
193
473
42
378
7
114
160
48
285
72
57
366
395
215
94
84
75
204
351
184
55
11
32
203
42
491
275
60
12
20
491
129
255
262
97
27
6
232
386
250
40
281
68
432
31
316
77
164
36
168
212
31
750
129
278
340
364
414
230
92
460
67
131
143
23
18
337
44
33
10
98
414
182
71
348
27
305
6
122
263
163
195
336
161
135
113
40
55
191
466
12
52
75
77
393
1194
109
329
265
10
42
447
297
168
31
68
157
60
115
29
49
77
413
113
38
906
12
370
109
237
434
213
215
47
528
6
86
344
287
77
192
2
467
234
88
143
106
225
85
79
266
804
275
195
606
48
336
620
495
259
39
349
133
94
141
4
92
76
598
243
252
204
34
281
5
1491
45
61
129
1400
88
247
64
151
494
310
22
310
8
70
67
42
402
24
251
461
347
254
47
44
101
48
79
97
60
71
58
131
19
52
415
102
481
31
192
357
75
329
24
167
91
44
85
115
202
425
86
221
14
247
2080
294
28
287
22
283
12
1
57
425
146
212
191
186
170
233
71
8
54
144
50
159
153
44
58
289
85
72
196
244
465
264
61
53
76
186
7
165
456
173
209
9
248
201
38
557
25
295
346
99
253
174
33
81
141
37
25
165
169
98
60
198
50
418
130
405
364
371
169
42
87
14
13
477
186
22
133
77
156
32
215
50
137
154
18
24
120
81
7
75
188
1025
109
214
26
170
23
14
72
109
200
198
45
395
13
140
388
362
711
60
13
503
58
649
7
270
230
223
293
59
12
181
131
349
289
182
539
182
170
70
5
25
188
125
121
241
40
620
370
124
144
397
25
154
1
30
144
104
14
99
15
370
49
18
498
111
104
380
45
14
63
28
10
169
89
404
81
217
558
132
215
118
124
352
87
309
70
90
355
173
349
54
44
86
141
155
94
40
514
107
231
118
163
54
27
59
47
189
64
38
335
101
25
20
199
120
206
328
128
86
187
36
6
300
42
91
435
347
6
79
95
418
92
154
291
92
271
132
610
12
582
1027
58
22
272
167
75
190
17
16
381
459
39
444
44
39
78
360
70
441
285
541
68
110
120
137
45
94
19
110
390
35
51
56
219
22
320
384
61
319
729
106
252
491
180
88
81
41
18
8
198
306
42
520
208
351
86
337
26
47
18
16
214
128
48
93
119
870
57
325
243
17
380
791
77
98
202
726
467
33
41
186
284
208
205
14
480
125
243
80
297
462
90
70
160
30
50
40
588
119
299
21
81
27
123
71
428
102
316
5
376
4
159
140
148
248
36
650
2
70
92
51
89
178
62
293
47
456
309
330
136
61
316
63
76
43
286
48
181
28
66
194
168
76
77
10
263
73
148
13
84
423
108
4
11
138
420
8
295
17
220
273
93
73
112
232
65
31
574
505
192
389
5
255
560
39
400
447
35
381
46
218
296
93
32
177
1034
585
790
132
377
189
360
339
370
158
148
168
78
110
106
668
16
579
226
27
73
77
290
10
159
401
106
467
202
144
14
31
72
87
19
79
145
2
132
45
30
10
203
732
4
16
304
53
14
385
186
133
128
13
348
382
190
620
14
289
266
207
486
54
12
49
110
201
77
99
4
106
123
662
12
331
103
265
457
571
212
30
451
68
259
77
13
1147
8
348
336
15
85
243
199
297
72
32
534
78
64
123
16
75
680
159
304
343
817
201
344
226
413
119
87
397
335
177
250
145
130
63
2
138
46
48
99
1067
12
358
66
32
390
146
139
23
321
30
152
183
266
181
350
85
260
149
140
101
595
691
55
308
157
40
266
161
148
70
172
135
76
14
384
242
6
122
90
84
13
40
272
174
22
8
106
48
42
45
177
461
347
34
77
149
353
157
309
180
777
217
322
43
6
264
279
115
47
292
571
489
347
44
172
10
1261
717
69
419
44
106
168
57
178
111
367
321
443
114
229
346
256
197
431
93
26
325
320
201
66
152
277
12
28
337
468
25
326
1
103
68
215
38
27
31
410
217
515
4
60
5
212
68
91
19
411
209
133
87
151
112
187
111
141
86
895
281
78
281
92
81
452
266
121
188
216
30
287
83
462
526
109
173
215
407
1020
157
6
849
818
155
47
311
3
250
34
252
97
352
31
301
3
277
31
385
112
516
68
200
344
147
78
199
368
123
92
74
36
17
353
236
120
195
329
154
318
62
383
111
60
561
103
361
149
205
267
195
101
112
374
397
17
401
629
165
633
25
38
38
447
98
761
108
228
623
6
82
254
152
825
18
150
20
370
112
35
898
133
91
31
145
441
494
8
199
319
140
37
21
41
438
226
264
101
33
118
816
65
232
4
168
32
213
18
94
565
451
206
92
108
271
110
228
237
253
217
216
10
176
372
9
52
252
128
1013
49
54
131
56
238
569
99
3
34
113
299
760
429
110
37
566
300
291
610
142
58
8
99
102
30
65
78
232
387
289
246
202
316
87
135
93
29
70
2
24
10
11
113
41
172
9
103
129
7
313
112
225
65
137
26
420
246
100
485
389
81
800
66
250
247
149
34
19
35
305
143
237
16
143
360
90
207
194
128
78
403
144
140
640
43
157
54
260
197
19
436
129
206
37
164
423
279
26
24
49
14
67
2
40
253
29
280
830
115
423
759
114
41
721
328
51
34
135
171
38
736
403
136
163
135
607
95
97
549
383
729
223
398
148
16
182
217
180
491
191
2
95
958
86
23
163
550
114
6
131
118
5
12
171
580
48
72
349
7
13
136
302
79
123
65
15
287
160
344
477
3
472
33
147
11
47
715
903
123
204
103
139
201
237
98
103
111
205
47
24
74
85
410
72
250
229
276
82
172
58
79
116
257
188
89
161
36
269
84
85
468
910
173
98
97
42
248
418
17
31
17
740
115
62
271
35
213
153
120
172
141
139
147
446
223
168
381
168
320
62
1100
9
301
260
176
340
108
22
797
425
8
23
137
115
28
116
906
117
205
73
60
441
1664
235
719
76
127
255
169
139
471
246
527
359
160
42
36
75
496
198
95
200
96
3
273
86
167
19
256
175
27
95
305
50
791
333
128
22
231
21
38
28
452
171
88
352
217
324
297
55
155
160
70
239
37
120
380
108
101
3
62
88
151
51
83
88
364
117
5
813
396
343
6
17
211
713
249
128
148
19
182
325
105
57
85
787
111
17
158
40
261
194
35
422
58
109
687
517
112
285
373
9
143
24
54
339
149
183
210
161
142
223
153
12
25
234
91
267
32
223
67
6
34
468
38
192
210
197
113
103
17
153
97
246
24
66
189
210
80
277
9
47
672
60
46
461
256
119
103
165
72
18
55
44
258
121
66
94
12
185
45
23
178
27
71
268
24
267
229
265
89
74
767
496
48
210
554
15
285
227
259
99
336
63
72
284
656
122
231
71
297
45
130
45
49
137
127
58
519
747
241
14
91
283
293
138
150
275
317
33
52
30
354
143
178
65
18
201
391
229
327
441
14
89
38
234
241
43
1033
238
569
181
202
134
172
37
568
26
37
157
160
169
178
37
109
158
138
56
478
177
411
142
66
799
38
27
507
109
55
89
43
417
145
66
40
232
233
48
56
69
88
26
237
184
306
252
109
126
95
104
354
51
537
449
650
283
72
196
16
19
141
264
181
535
666
334
263
42
391
32
204
399
65
218
117
88
49
76
759
179
7
18
189
1131
115
103
527
270
194
19
246
53
203
210
652
86
176
14
111
92
257
352
75
8
20
117
254
314
287
20
123
170
57
250
268
45
57
41
129
323
65
361
187
52
56
7
62
633
203
2
21
117
96
246
221
87
539
347
39
252
286
295
117
107
283
322
107
708
244
820
23
33
97
66
66
72
102
102
236
538
86
243
77
127
103
349
80
233
442
63
41
295
5
221
263
125
66
621
165
70
188
31
167
86
5
522
627
149
212
401
217
312
500
73
92
88
343
342
29
66
7
81
353
120
358
236
86
105
139
428
347
958
54
180
315
69
55
96
175
327
4
30
319
99
144
14
57
375
32
503
30
239
100
217
490
18
551
86
151
65
14
95
164
267
77
394
647
50
11
82
343
459
748
145
595
559
63
81
223
154
88
596
198
384
706
1352
663
382
161
264
263
121
183
81
375
9
16
15
122
263
121
173
12
105
132
444
41
841
68
152
18
390
441
80
20
3
272
40
51
298
91
155
201
214
231
259
133
61
40
535
434
278
101
972
99
297
613
283
313
110
207
46
203
20
218
14
59
297
209
30
210
252
152
10
29
587
432
206
878
185
303
283
16
162
323
163
207
67
67
43
64
132
96
704
48
90
12
290
9
18
180
439
528
98
224
31
83
266
257
58
180
22
136
119
14
286
167
83
89
14
348
413
86
277
141
160
102
199
514
199
191
55
122
162
122
83
433
68
176
297
237
339
59
214
104
138
26
81
161
140
314
21
105
15
670
32
1
281
144
248
173
120
83
407
18
85
87
683
260
164
111
34
61
241
206
980
14
1149
257
172
179
74
506
44
80
206
67
551
335
135
177
60
335
191
328
614
70
166
120
144
53
190
197
78
392
87
33
233
138
200
169
32
131
22
117
5
87
11
229
266
391
284
93
292
424
22
350
337
406
188
74
13
447
242
41
12
436
77
437
36
43
225
175
6
902
82
293
18
247
85
283
138
5
210
81
175
142
133
112
25
164
719
46
154
229
223
71
132
252
56
230
226
24
1
456
167
386
156
8
260
22
37
80
147
36
88
216
439
439
534
390
410
19
56
26
248
7
687
102
16
230
392
18
84
231
16
410
115
306
88
21
33
242
283
114
118
21
33
61
250
232
46
174
113
32
20
301
45
386
195
28
206
21
979
89
23
326
597
17
222
119
140
148
97
33
582
79
60
194
107
290
531
7
216
67
136
100
73
185
125
146
62
89
86
53
168
134
292
366
67
75
200
136
326
183
76
160
35
129
70
136
191
144
59
151
56
398
21
121
269
275
324
400
26
37
235
82
182
40
645
196
77
176
8
152
38
83
217
132
109
171
50
117
75
168
58
56
140
119
198
519
89
16
91
47
1180
383
146
193
43
387
38
124
450
28
558
31
193
126
1050
987
81
155
12
37
36
249
77
248
169
95
336
94
49
40
30
79
76
561
3
62
161
214
255
27
119
100
270
417
55
113
261
181
24
137
36
83
510
118
245
563
39
47
261
82
125
89
618
127
15
37
254
112
758
117
304
385
1
10
41
58
53
100
25
64
163
316
57
176
112
920
141
105
208
254
308
74
83
204
138
88
395
135
141
51
390
314
92
90
40
760
89
281
436
56
59
129
12
1298
87
145
192
67
213
12
456
476
274
292
40
290
67
37
428
18
181
272
226
1
82
343
44
69
236
367
176
171
20
27
187
456
418
241
148
783
529
72
117
914
249
33
107
45
228
167
498
87
160
9
3
20
98
426
389
76
664
549
322
251
107
190
307
137
162
229
63
123
613
5
97
102
29
406
168
26
450
222
85
457
66
33
154
319
13
216
168
177
69
114
23
242
376
316
291
3
125
713
16
335
44
169
111
312
317
71
59
111
781
16
29
165
8
12
3
168
283
271
78
415
30
237
37
70
408
1199
78
456
6
11
58
385
648
287
383
7
362
309
42
266
358
364
389
100
109
260
73
172
240
40
248
35
74
11
266
690
322
4
335
328
4
90
46
25
105
436
164
50
266
209
38
98
43
137
222
216
89
21
89
253
658
137
492
202
605
322
221
510
320
26
44
193
157
79
115
380
153
243
4
214
75
37
22
114
206
9
79
385
31
14
52
183
128
228
251
260
167
48
475
15
407
9
6
114
12
79
154
5
40
114
75
415
264
181
707
210
189
573
39
230
102
139
10
160
871
43
130
15
829
149
136
9
400
736
117
168
89
254
44
80
6
297
22
194
142
34
404
152
93
31
34
15
20
56
12
193
25
654
38
148
100
569
163
44
130
182
41
164
180
350
44
37
191
434
211
391
136
8
692
68
7
8
327
37
159
21
172
170
75
98
88
34
75
204
79
183
56
10
176
36
56
561
105
221
73
103
339
297
421
102
159
377
163
140
58
81
107
375
7
449
403
81
39
62
190
286
26
9
156
536
168
86
30
77
326
225
78
110
10
293
48
92
724
398
277
435
48
32
237
53
577
312
504
29
97
91
143
108
88
8
183
80
212
74
121
44
117
278
255
145
96
126
93
9
244
242
59
1065
3
109
266
648
492
40
121
179
77
41
163
234
153
325
132
305
620
122
244
291
132
40
105
255
122
245
179
134
70
119
163
24
163
36
52
258
210
246
70
782
479
224
212
198
61
70
23
74
40
110
282
44
38
633
28
157
142
159
117
266
101
482
1282
792
86
195
45
37
573
263
23
9
233
1691
10
58
53
38
51
99
197
11
332
196
388
331
130
629
88
63
361
313
274
189
280
348
134
59
8
497
233
81
107
825
296
162
78
157
54
340
114
765
43
107
108
33
705
38
441
106
109
93
8
196
41
315
369
79
218
263
120
162
405
73
166
134
422
559
106
124
33
82
40
137
90
316
126
383
10
44
207
334
247
165
207
39
202
109
28
206
35
606
142
206
165
37
288
239
76
797
177
543
623
160
276
353
50
238
44
293
249
292
395
158
354
301
188
87
27
37
79
101
390
6
192
243
552
34
12
52
808
259
128
380
257
1142
64
83
116
372
42
483
228
129
143
124
786
39
50
8
296
116
808
227
52
71
152
53
61
51
79
38
95
114
6
16
191
549
257
377
69
40
90
60
291
200
103
420
621
27
24
15
308
87
138
12
83
73
85
238
457
9
75
15
179
176
165
114
438
85
508
215
203
404
847
284
417
64
41
175
31
49
60
63
127
271
23
160
378
350
138
149
70
1
175
629
73
424
256
264
451
499
150
151
545
67
224
80
2
31
91
359
145
60
914
109
51
36
457
220
3
375
294
26
1640
49
167
77
319
55
140
266
17
15
10
238
54
5
95
382
60
254
65
88
212
67
685
64
154
451
320
93
225
172
69
380
212
143
146
24
551
321
56
41
807
558
356
393
41
478
101
42
335
41
24
84
257
152
45
160
1242
518
172
22
66
116
152
12
924
115
160
292
43
494
194
300
54
93
15
43
3
731
94
34
603
119
445
122
134
128
10
572
68
680
378
285
391
18
73
9
364
59
190
41
191
36
220
44
166
570
327
81
166
129
70
157
11
29
137
353
71
311
44
23
38
120
16
254
9
93
293
19
25
626
139
260
398
83
273
17
310
561
485
98
59
430
135
26
172
177
203
13
23
98
237
226
149
150
163
349
12
98
111
116
373
56
379
53
40
120
169
9
345
93
25
544
23
446
200
188
20
411
421
51
123
97
512
55
73
13
116
99
250
113
26
74
28
153
32
1128
105
263
45
217
224
683
890
4
263
107
268
248
60
294
195
380
132
26
190
92
168
205
252
42
110
5
9
412
38
745
248
322
761
200
6
135
118
38
557
35
83
171
38
20
342
305
25
606
494
36
360
180
123
170
49
129
42
461
258
68
64
111
253
425
498
343
331
10
80
33
51
81
259
257
201
98
193
28
120
1
17
67
1
108
50
422
194
651
189
5
9
225
343
125
40
590
375
41
195
341
192
306
558
1004
69
112
39
45
182
273
167
575
443
131
427
75
43
73
119
366
420
170
50
26
71
98
604
40
792
352
464
60
234
226
7
14
4
130
42
22
305
69
54
43
397
675
169
252
320
74
14
287
299
547
339
229
67
48
267
52
28
17
110
317
5
33
68
534
136
412
106
205
72
30
18
197
21
40
146
9
167
16
228
381
230
262
273
98
121
223
17
45
236
131
73
340
42
57
83
121
439
364
504
78
93
98
173
183
72
296
143
219
23
139
85
242
170
312
59
52
167
51
91
233
220
316
2
235
380
254
214
644
732
339
30
197
73
375
6
521
285
191
233
539
30
46
635
94
2
36
553
37
132
8
355
270
206
1
84
273
290
10
165
57
25
126
363
1
141
11
178
458
90
322
150
35
124
147
60
102
33
27
268
31
35
1
160
431
325
73
121
65
307
112
48
170
62
223
27
398
130
58
60
64
176
202
379
199
741
141
351
298
283
35
555
11
203
268
117
23
514
25
366
164
382
300
193
225
732
150
122
183
336
106
418
64
142
210
344
181
223
550
20
688
38
745
36
291
13
167
63
407
95
17
82
351
2
258
198
282
99
87
199
166
45
52
28
180
318
178
603
66
202
73
81
496
82
140
97
27
219
152
206
22
28
11
27
68
98
197
542
133
58
227
312
16
108
22
158
101
248
109
20
407
10
342
212
5
308
429
495
530
300
105
2
44
264
22
264
24
48
160
15
1
430
62
109
114
83
35
139
76
23
79
118
150
39
107
4
37
209
132
108
655
337
225
219
5
85
150
6
118
325
69
111
494
50
18
87
444
542
58
47
118
114
249
158
95
101
266
52
230
209
427
433
678
71
155
277
497
249
366
50
103
172
86
49
72
297
80
284
229
62
532
259
91
266
44
66
147
36
34
521
98
21
432
222
213
358
506
56
228
38
295
401
12
8
640
143
245
216
105
34
1
136
134
661
22
209
196
420
4
7
280
188
164
484
143
124
249
27
125
727
176
212
63
405
126
311
14
52
32
177
600
105
4
395
501
220
38
102
11
481
472
211
84
187
582
179
1157
68
309
688
150
189
93
235
141
128
208
149
81
25
21
386
330
253
407
252
581
111
156
338
282
69
42
289
117
21
291
53
326
151
139
59
42
219
58
104
404
61
175
8
30
298
147
89
10
201
213
136
2
227
217
76
54
67
354
46
71
22
246
150
187
469
116
689
58
137
463
140
636
37
53
46
181
211
356
174
599
10
120
258
59
242
117
471
47
135
301
468
410
134
512
288
72
131
36
42
50
73
127
72
186
128
146
1
146
7
504
188
6
44
71
8
170
193
62
44
185
387
557
430
368
633
8
339
1
216
44
17
84
29
170
239
382
307
82
141
119
10
32
26
1062
217
46
31
159
101
785
97
173
223
43
61
187
15
31
35
8
45
8
501
167
417
70
42
645
16
158
413
205
221
81
95
324
91
34
395
138
374
477
61
140
171
95
57
68
50
322
393
679
44
31
12
166
60
42
398
107
208
765
91
17
252
303
57
186
170
20
20
121
193
361
50
690
155
77
32
254
207
9
172
162
18
611
590
260
393
65
105
473
33
115
82
122
382
58
41
309
455
545
371
37
49
4
53
306
442
318
89
122
113
90
166
313
208
400
31
37
21
10
20
90
172
230
51
41
175
757
56
572
70
169
45
22
750
41
417
752
70
166
94
297
140
264
220
431
3
58
64
249
55
126
322
497
63
124
170
103
59
218
14
445
13
379
88
122
19
150
77
317
283
83
300
219
202
177
80
61
212
117
17
481
99
639
825
523
471
128
3
631
13
130
438
222
366
182
177
28
172
245
78
244
202
338
57
369
117
357
176
167
96
282
100
6
139
110
246
684
144
99
64
111
9
13
158
152
192
187
63
277
77
387
56
98
196
211
165
265
96
368
13
218
88
125
28
10
91
51
195
357
122
397
37
20
17
146
124
590
257
202
414
216
6
172
5
276
290
129
175
135
282
122
836
202
16
331
72
227
194
43
718
153
121
139
192
682
444
113
214
191
356
107
645
519
61
551
49
479
118
427
64
776
248
912
37
308
98
2
6
83
278
204
184
72
163
425
197
302
11
369
273
116
638
206
42
80
113
129
597
48
98
115
233
311
55
50
5
200
132
56
140
37
18
81
551
177
37
163
70
723
682
62
527
162
126
815
72
92
304
44
633
48
220
226
730
50
38
102
160
491
443
218
6
7
308
145
3
13
7
10
344
251
455
233
3
74
13
16
32
61
103
172
167
234
240
21
94
73
42
55
87
179
136
99
946
142
410
447
117
186
54
360
136
434
564
164
99
62
309
148
216
613
53
165
232
205
56
40
51
301
327
533
190
363
141
143
421
444
45
210
118
81
48
96
235
19
9
319
10
48
9
450
417
21
10
166
362
67
104
89
609
23
100
28
27
11
137
18
62
45
127
112
353
165
263
22
446
209
795
317
168
34
162
268
496
14
127
124
25
11
197
9
18
126
35
611
61
369
92
30
350
37
51
86
1062
368
494
104
221
184
102
106
27
76
107
164
1
639
682
188
53
181
242
188
53
286
34
1
1129
10
95
217
79
58
387
909
564
534
52
203
229
244
286
684
136
30
8
368
116
177
382
347
126
312
290
104
24
186
65
81
456
251
26
195
194
194
181
106
59
336
129
30
235
115
99
62
7
67
43
6
206
132
65
100
251
257
70
276
150
83
62
129
27
25
151
614
219
37
146
28
26
233
328
47
158
1078
119
167
238
198
961
156
23
451
55
16
121
245
24
504
94
3
245
112
112
272
451
162
142
139
156
31
75
723
251
23
43
70
550
186
8
64
444
287
110
318
173
20
283
62
97
38
206
105
5
218
35
71
367
71
68
608
114
469
46
74
8
17
223
686
247
174
46
154
233
10
67
412
827
31
70
33
193
262
110
3
134
24
60
250
82
4
54
168
319
85
286
158
640
81
24
92
123
37
533
599
149
252
126
152
814
98
78
78
222
303
447
8
49
41
60
28
239
148
231
25
18
397
155
288
1
7
271
166
255
140
160
64
435
14
378
460
593
122
241
704
266
132
79
107
37
275
68
489
174
179
12
17
181
78
236
59
8
81
426
85
417
44
835
129
186
87
102
344
21
121
420
137
88
672
19
314
32
33
15
208
902
682
393
216
123
13
676
151
65
82
576
51
33
78
284
278
382
329
39
390
134
573
451
147
107
79
205
156
316
45
514
28
63
91
248
307
219
417
241
79
64
28
115
112
187
111
790
143
32
198
83
70
6
680
99
427
30
197
155
273
185
39
282
98
23
125
74
20
8
10
350
176
538
284
659
455
36
149
90
97
86
794
29
28
124
7
180
207
22
465
112
47
477
355
15
211
153
498
121
580
56
74
414
131
137
57
49
72
171
22
45
50
217
1
479
17
96
23
80
18
51
35
11
124
433
96
678
97
542
85
7
109
320
416
652
102
160
171
832
5
115
23
98
18
203
319
21
178
51
208
3
237
284
90
58
270
163
142
29
61
5
82
6
76
13
110
328
579
6
242
33
36
44
653
108
61
37
115
54
334
62
162
213
44
75
123
578
2
309
94
389
40
398
119
148
32
52
22
251
585
46
161
237
158
29
163
92
60
133
658
574
196
200
49
400
148
351
87
36
599
67
183
4
59
403
46
232
33
85
148
178
118
239
5
229
245
99
57
489
323
39
98
565
194
69
132
367
346
183
508
5
644
184
65
17
333
306
22
306
66
73
299
518
245
127
686
65
474
536
398
80
350
34
233
9
24
10
223
94
129
61
3
264
35
29
677
26
105
246
186
38
47
364
106
336
47
353
51
270
27
173
240
127
138
238
336
32
29
164
170
379
13
316
118
182
96
27
241
316
334
17
32
74
79
146
120
551
210
111
178
109
11
1035
146
321
44
105
229
61
115
79
116
58
103
145
1421
4
41
213
745
88
3
231
27
269
270
290
98
170
604
58
357
288
23
230
162
91
146
57
39
130
134
230
1159
33
145
20
112
131
364
211
287
210
50
208
482
22
68
371
40
179
58
208
234
74
111
1033
143
334
66
144
33
806
130
343
118
252
211
154
121
172
84
437
136
26
394
115
371
28
142
394
60
122
471
69
403
232
385
26
163
95
147
370
113
12
75
291
116
248
66
45
289
795
103
756
16
323
172
404
53
213
223
292
146
52
134
47
8
196
680
22
81
448
135
52
330
16
190
101
25
133
17
300
5
128
121
96
429
78
54
21
86
181
288
89
79
164
315
293
378
577
12
337
577
309
220
1037
9
141
263
109
16
1001
611
75
380
484
205
101
284
468
491
201
117
693
133
63
145
236
357
232
481
164
27
830
708
16
269
342
392
483
260
103
97
299
6
42
379
61
360
39
3
91
505
76
257
430
61
870
99
127
364
4
323
129
464
40
123
93
194
253
649
587
97
276
174
693
204
29
175
174
195
244
110
24
295
81
95
157
54
361
257
78
60
35
16
315
362
337
504
432
116
11
3
91
45
243
224
73
87
51
177
3
74
342
56
33
47
50
160
56
61
813
281
66
290
389
56
248
19
31
83
107
158
149
212
2
101
90
29
22
550
403
89
322
491
44
42
17
41
384
92
93
519
118
44
664
56
45
323
145
160
61
37
87
140
41
132
331
484
212
486
68
101
353
95
66
42
88
117
19
428
121
492
108
147
16
51
177
323
193
45
178
336
25
79
234
21
112
16
326
103
90
108
90
575
48
16
423
177
219
218
655
237
176
58
624
13
174
134
625
286
438
401
105
47
136
46
2
84
865
722
25
56
24
151
116
3
123
403
27
70
81
735
17
53
34
103
216
69
140
22
130
221
28
42
157
290
5
216
131
119
573
232
669
151
90
185
48
61
92
28
199
47
105
693
107
81
108
89
70
212
52
210
31
67
321
154
216
58
41
4
419
401
255
238
217
16
113
121
770
162
14
46
23
577
312
246
151
9
655
20
252
79
895
42
157
179
247
54
144
30
68
17
166
59
18
118
189
107
127
93
195
874
8
107
90
371
50
254
177
204
265
151
426
45
399
54
396
312
2
177
621
196
138
23
136
135
32
88
76
312
129
24
196
405
21
8
69
635
65
1
83
186
3
170
361
435
296
308
419
71
42
389
536
196
346
353
50
225
91
334
92
40
68
454
12
257
110
80
434
14
100
6
30
211
113
19
254
250
129
71
635
277
19
68
131
295
24
120
431
27
152
37
121
63
181
112
179
72
143
142
54
213
362
261
498
243
600
515
289
260
175
240
15
2
447
17
265
109
11
207
52
95
318
273
88
124
522
395
133
168
50
291
144
558
258
144
49
472
442
424
72
238
157
98
297
31
27
105
503
202
42
159
174
41
205
361
581
438
212
358
182
246
277
62
1126
379
3
58
37
196
478
265
279
22
212
52
50
119
210
109
88
49
450
292
403
148
449
242
44
100
997
117
94
26
204
28
11
7
143
67
133
116
1
53
200
34
11
164
33
116
230
51
123
217
103
97
188
173
264
169
37
153
2
60
389
114
294
122
31
397
386
113
135
34
150
18
158
295
253
40
477
371
305
460
265
46
295
561
497
294
223
206
4
182
181
76
232
132
94
74
339
109
156
657
19
312
36
764
46
181
131
91
112
191
375
139
307
312
505
120
139
256
171
17
930
176
143
27
19
80
5
259
260
144
466
202
315
176
579
165
101
859
2
384
54
502
26
10
73
18
184
102
214
67
207
6
115
48
84
215
445
58
199
245
191
218
25
217
236
1008
58
122
3
5
334
388
119
32
42
146
17
126
108
268
67
149
113
173
312
505
148
90
143
274
122
50
76
25
46
262
131
239
323
57
10
141
59
11
309
457
844
413
1236
9
327
438
402
260
346
334
174
401
82
33
629
150
23
48
283
360
6
1048
117
178
216
137
168
584
151
178
162
1
308
9
7
200
12
268
134
102
13
292
115
514
463
103
363
152
149
178
667
137
72
17
121
305
54
259
276
175
234
17
215
142
47
478
59
300
72
207
347
61
257
123
15
234
42
682
86
480
1
52
12
139
172
17
969
189
65
114
388
92
193
191
179
220
49
84
353
264
144
116
31
59
264
395
73
129
1
37
68
8
39
748
55
667
56
161
26
197
428
17
58
735
10
270
117
687
24
38
3
131
143
106
74
158
89
517
7
76
1
311
7
138
5
210
342
260
159
151
139
183
136
22
96
317
163
133
448
23
161
44
34
248
622
80
302
143
47
167
62
621
233
19
171
23
400
6
44
85
170
143
98
146
433
454
319
556
165
82
52
2
149
41
240
369
88
112
185
274
55
222
19
408
100
314
131
447
92
408
392
19
56
124
195
178
43
362
30
54
80
58
74
325
93
407
42
2
11
104
110
15
278
20
237
57
74
20
498
22
156
447
101
604
82
342
210
55
425
60
30
52
654
219
187
380
296
660
60
13
58
113
132
149
97
212
90
883
125
213
211
44
267
311
134
209
122
135
142
25
291
127
197
42
108
127
39
258
279
30
197
169
752
33
187
88
27
32
125
259
260
188
7
393
213
49
466
186
15
373
343
18
2
276
149
22
132
7
223
50
228
8
25
351
25
219
52
8
73
82
127
322
342
162
4
1552
81
324
144
740
132
261
335
51
23
83
372
220
324
43
83
86
63
64
208
366
101
163
89
63
180
568
578
65
71
165
30
267
35
31
64
196
357
121
72
360
470
120
241
75
386
57
4
84
171
110
50
82
96
408
191
626
3
222
157
550
169
37
156
106
389
327
57
31
25
317
236
117
181
64
69
39
691
697
30
209
1124
9
551
285
131
25
46
53
506
41
3
66
425
96
604
174
140
78
170
352
35
2
991
303
248
604
490
25
75
185
262
557
66
207
1050
65
613
67
529
115
5
26
45
150
78
225
237
6
143
44
138
248
209
326
322
332
28
188
647
252
458
388
107
21
145
255
230
297
459
344
40
32
93
18
9
192
356
1048
232
271
204
456
88
152
22
94
73
246
14
81
494
64
177
476
104
55
28
256
97
377
61
210
586
31
87
207
167
46
41
280
117
580
972
407
173
280
424
93
69
402
19
40
88
320
16
104
144
226
452
16
169
348
347
35
333
113
245
86
462
220
2
355
13
15
4
147
232
163
44
497
30
465
22
40
607
7
480
125
29
651
557
40
339
270
50
46
588
54
143
242
62
21
289
173
57
293
142
51
71
365
22
187
342
209
91
78
128
112
131
220
63
386
254
98
307
88
514
25
27
1128
43
42
677
75
290
337
70
488
180
80
27
50
137
140
459
34
127
171
296
34
3
15
142
82
9
7
53
32
59
235
248
95
144
58
108
366
37
353
18
181
280
34
692
7
25
29
155
235
87
402
329
23
180
44
7
187
12
108
3
75
92
43
214
59
178
75
24
539
669
95
21
26
333
765
262
83
156
138
136
276
71
22
195
451
29
8
194
18
61
330
14
288
65
86
145
263
413
278
207
164
1
230
107
5
538
12
103
475
47
13
22
7
535
32
90
375
103
10
205
106
135
117
115
29
352
92
112
26
36
522
245
106
654
117
237
10
197
189
14
53
96
290
77
128
52
373
59
2
1400
35
13
115
520
149
59
303
250
496
30
634
186
35
16
440
95
341
46
34
275
354
468
150
39
2
221
48
137
1
198
33
97
292
115
54
20
53
272
294
128
30
736
1
228
273
197
27
191
117
318
154
135
413
42
256
161
222
67
190
102
99
480
280
372
271
506
23
393
245
52
445
132
203
398
50
50
557
80
637
453
107
508
178
101
406
69
125
76
19
438
61
541
285
189
5
148
108
61
166
116
13
26
215
706
136
79
334
103
718
56
627
66
72
195
557
87
486
218
26
23
17
318
637
119
344
84
427
103
179
316
80
99
93
523
70
1
58
127
41
267
10
150
102
222
31
153
111
176
15
402
305
110
505
495
258
200
60
327
707
73
156
122
90
188
238
58
272
137
508
1
661
19
78
113
68
338
119
439
23
219
94
159
58
179
89
281
318
146
255
319
211
462
1
295
349
84
10
309
225
44
973
53
1
218
552
71
84
74
42
143
61
143
354
119
11
314
190
105
201
131
353
47
1
245
44
397
23
39
106
78
127
250
108
9
92
2
1176
166
1491
173
333
336
98
95
105
103
113
10
93
167
484
56
38
5
341
16
312
118
341
9
274
270
53
132
188
536
85
4
172
286
109
483
52
335
45
414
10
84
85
49
308
145
150
405
74
78
193
49
545
348
302
50
754
4
304
318
125
734
116
512
249
144
128
111
340
24
200
577
213
68
130
3
132
29
180
289
286
63
203
36
57
471
7
77
1134
52
214
304
83
379
94
74
109
155
283
20
114
482
363
423
24
89
51
976
161
449
117
230
6
30
353
332
332
41
374
74
220
150
26
107
12
349
19
21
224
211
177
252
101
1
42
76
62
290
246
158
164
397
197
255
169
67
402
439
40
274
239
137
342
40
32
143
502
289
275
162
111
282
925
622
135
295
65
52
525
334
286
494
151
240
492
76
344
35
30
736
94
66
68
150
58
152
112
266
232
27
260
70
178
382
256
74
713
45
478
557
432
452
567
41
666
214
71
57
41
76
284
134
438
12
152
102
264
7
98
180
180
618
199
63
11
7
58
24
169
392
25
25
438
143
148
66
356
176
829
210
6
97
162
236
228
618
170
119
1
50
33
113
84
462
63
299
223
135
287
162
129
506
31
293
216
55
138
718
167
508
102
878
232
23
15
237
40
114
287
88
287
257
173
118
22
45
229
124
62
138
36
219
87
31
121
58
441
288
173
423
16
243
42
17
128
74
173
118
66
161
227
32
234
64
54
223
144
231
27
74
197
115
18
76
81
431
265
60
55
387
44
123
260
164
48
17
217
481
13
269
87
661
25
43
111
233
106
912
229
303
14
209
145
293
404
51
4
19
439
353
80
97
138
2
93
249
164
135
138
529
50
49
52
489
17
45
176
425
25
27
42
141
46
34
218
13
171
600
128
73
8
87
288
74
87
230
76
744
151
35
43
129
132
88
48
55
333
53
275
393
17
208
16
129
119
372
291
712
872
456
55
220
149
162
22
228
85
126
83
288
204
64
540
275
852
132
16
96
281
231
124
260
272
663
394
445
514
17
136
57
188
76
78
465
469
142
430
212
306
44
235
16
200
91
403
10
180
296
13
88
173
73
57
226
65
82
149
165
816
165
130
261
214
69
45
83
629
198
187
125
236
158
19
143
125
75
25
285
423
54
414
315
38
39
178
1219
163
388
147
414
43
84
78
89
15
290
333
442
228
224
274
121
335
8
258
61
75
83
289
94
32
259
240
465
205
266
581
16
43
129
292
343
83
337
185
36
141
144
170
15
68
277
269
10
187
8
57
24
168
1
414
125
105
595
40
137
75
280
270
96
140
717
214
782
111
249
394
63
83
35
91
874
49
72
1110
294
59
282
301
116
381
49
127
243
102
119
114
703
257
86
92
133
150
826
9
152
226
25
187
453
219
38
154
82
25
26
450
55
214
56
495
49
961
52
159
390
171
189
9
80
206
873
42
12
5
808
60
55
152
120
77
88
71
388
479
106
397
84
304
36
112
101
254
3
9
203
15
309
23
222
13
34
10
129
152
377
127
68
21
128
214
131
118
11
290
93
294
21
157
118
704
86
480
609
254
798
64
96
684
117
438
243
4
200
31
635
240
250
13
12
342
41
520
77
104
135
79
250
417
415
127
57
275
235
34
139
485
429
38
270
32
406
150
197
446
156
84
546
638
182
250
72
36
515
117
109
173
60
558
256
120
343
37
501
91
42
546
125
292
13
118
85
127
48
88
46
34
58
68
56
159
154
13
399
80
365
146
176
79
9
72
18
43
183
97
683
9
501
275
25
50
123
5
36
303
240
107
10
259
259
355
12
224
220
121
118
819
219
237
602
672
199
338
81
60
128
18
57
692
14
323
169
227
189
10
144
433
218
130
185
2
150
10
486
142
48
659
172
64
267
256
2
314
441
188
356
67
71
122
616
74
466
6
308
3
207
428
10
165
149
6
37
398
323
54
222
44
137
96
204
322
741
172
176
14
316
149
327
92
148
457
199
41
318
16
167
167
67
25
297
161
322
62
417
199
71
467
159
376
524
49
393
208
469
119
387
3
104
28
75
17
42
8
35
238
47
76
163
33
369
157
7
169
21
25
251
23
89
306
21
158
4
235
73
87
201
277
82
361
415
241
58
122
549
247
293
472
233
354
57
10
53
42
144
72
25
50
142
171
483
349
51
83
91
283
437
551
412
24
440
240
122
56
95
2
938
735
7
379
438
111
717
1
624
68
58
100
215
558
520
289
134
45
37
57
220
17
90
425
504
95
254
267
136
128
66
243
40
25
399
151
160
198
480
54
24
72
195
126
189
87
132
445
46
69
145
59
248
7
80
30
222
193
94
12
110
351
99
973
502
194
149
498
143
227
17
113
100
469
85
24
646
59
152
201
303
244
45
78
96
263
53
27
190
26
275
260
297
127
962
309
50
48
193
610
238
155
85
275
17
981
134
428
306
36
66
30
148
63
139
92
211
913
88
266
351
98
15
317
38
63
47
126
234
348
19
158
29
445
110
326
11
229
122
74
58
76
291
4
81
6
6
68
180
86
354
79
925
31
537
62
83
346
1
430
149
187
53
170
544
29
384
239
308
72
1
431
199
218
429
91
243
56
280
574
93
14
200
256
93
80
58
27
17
118
41
88
147
544
226
423
76
97
9
831
85
104
50
15
66
423
90
257
261
100
758
37
56
26
173
50
359
22
69
76
75
37
107
223
13
101
104
67
172
131
52
240
98
286
159
73
210
88
299
26
20
40
87
285
163
47
81
178
360
380
220
279
5
267
41
19
27
322
267
167
25
731
135
83
37
90
296
818
69
46
159
11
14
148
410
133
286
271
102
12
110
37
81
79
75
198
360
80
70
39
83
132
113
31
284
409
154
106
4
131
365
57
557
126
151
163
412
18
100
389
28
79
56
407
178
439
92
6
162
179
260
296
51
279
22
781
327
263
539
83
283
28
7
8
12
321
557
205
8
61
18
104
247
167
153
1019
16
62
127
366
94
153
43
11
268
14
334
44
57
350
99
309
324
55
239
370
386
589
88
86
99
235
167
632
41
109
28
318
303
56
936
237
36
69
8
241
175
18
81
50
154
151
155
195
75
19
282
207
27
65
114
129
72
4
212
326
113
976
120
276
7
177
103
538
202
124
50
193
322
114
150
46
799
228
184
520
308
507
51
33
142
194
108
7
132
378
61
612
39
399
147
157
140
5
62
194
89
25
65
537
295
247
90
3
260
181
100
1
15
597
47
301
132
67
31
57
893
295
102
29
796
17
590
20
48
59
54
154
263
315
85
767
52
130
437
54
289
11
78
92
89
89
488
223
95
8
10
172
51
81
36
310
62
33
575
148
148
560
13
41
1
138
34
77
55
64
59
39
513
70
102
288
40
70
202
235
91
26
35
231
523
10
282
18
67
13
74
41
30
255
179
307
62
244
7
262
50
182
244
392
432
10
48
32
106
429
291
108
120
58
21
124
43
106
124
465
29
62
114
207
22
45
283
64
122
89
455
48
540
506
170
6
37
137
630
237
64
47
311
31
138
182
16
3
117
408
216
377
281
229
74
235
335
597
180
73
86
412
60
725
131
232
68
32
31
69
109
322
80
81
66
439
46
333
471
216
123
386
360
56
561
241
145
79
1
144
50
60
168
28
49
122
74
72
94
99
2
164
758
17
134
65
490
99
25
2
828
598
90
283
160
27
77
40
52
295
283
102
397
53
176
130
130
74
48
31
119
215
349
449
185
92
1
8
121
20
196
298
75
208
187
556
129
58
90
118
50
128
137
19
353
6
243
266
80
104
77
164
50
171
134
88
396
248
126
173
285
41
632
36
129
260
2
262
90
22
99
71
379
19
815
6
149
42
17
44
217
358
24
399
138
128
266
128
493
97
343
358
307
156
43
236
215
101
247
113
13
408
166
993
16
139
82
202
121
653
252
187
614
472
105
84
39
104
33
57
145
408
85
242
171
305
58
89
204
14
47
75
149
129
442
64
120
328
1
70
46
76
119
46
66
33
96
57
56
33
36
31
2
430
222
11
63
54
444
193
311
96
84
187
308
158
50
81
25
78
312
90
125
558
661
223
73
75
153
318
315
44
9
21
84
86
290
261
23
572
259
103
15
43
69
148
769
115
56
374
330
175
359
35
4
55
314
40
70
88
256
41
1538
286
474
146
9
106
572
153
105
226
46
22
9
173
174
54
81
50
138
606
396
86
195
766
268
84
73
88
22
126
31
168
30
295
249
64
56
113
397
56
184
506
193
179
392
354
17
434
35
228
91
60
46
176
851
17
181
19
254
73
39
11
83
16
172
417
60
249
220
1061
149
187
45
420
24
45
62
124
1
177
427
81
14
371
87
135
21
236
209
10
20
178
165
259
43
326
295
118
44
206
198
470
65
81
331
128
216
265
183
46
470
110
1
103
225
58
108
128
129
4
12
138
83
58
441
82
526
341
66
165
4
85
8
40
329
23
30
84
20
125
316
2
231
115
27
357
21
138
23
35
758
49
14
117
44
318
101
548
27
33
278
8
10
168
102
12
32
172
762
379
18
29
96
8
178
210
571
69
21
14
258
104
335
111
5
182
59
45
465
330
237
328
520
98
128
150
330
1230
226
92
51
16
30
582
129
233
46
11
57
35
62
466
36
64
150
280
91
104
631
474
351
119
455
281
205
396
74
487
634
226
24
13
388
335
193
177
316
164
123
181
494
157
10
115
477
10
3
63
194
4
174
353
40
169
83
553
346
109
109
420
29
897
148
50
619
175
258
45
208
130
200
47
529
60
262
160
10
55
143
4
108
75
56
86
169
24
642
61
138
272
147
10
48
10
75
93
235
192
140
102
540
135
83
301
89
380
119
187
57
166
180
1
128
435
498
76
43
50
12
187
304
53
35
143
221
42
53
1
81
409
363
65
33
384
159
38
90
171
37
113
307
691
42
48
182
11
106
10
367
64
62
343
431
1178
263
355
167
648
96
178
53
4
125
95
99
11
164
50
46
105
252
77
147
190
165
179
240
365
95
83
465
388
163
251
24
430
131
8
167
29
44
161
375
118
624
260
81
311
6
253
52
10
276
8
481
419
79
11
300
1400
76
115
89
307
61
16
395
117
134
201
508
241
123
71
257
63
266
341
59
757
576
116
435
477
298
334
2
89
115
134
519
1
166
15
302
17
8
212
196
598
228
174
131
400
72
44
140
76
14
188
7
284
209
26
251
27
31
87
120
415
42
274
81
8
75
115
82
1082
461
38
884
102
356
77
231
12
42
175
498
28
11
150
26
133
342
124
85
157
9
348
133
124
52
212
65
3
177
44
311
983
45
78
200
138
162
277
168
492
554
293
318
772
208
128
177
266
133
31
141
272
145
410
553
94
155
1298
29
160
61
131
136
283
202
284
79
229
74
58
285
74
245
6
13
382
206
331
17
72
3
329
4
2
116
183
54
18
120
158
93
1071
11
440
102
43
56
24
567
20
102
217
131
78
1005
188
259
120
229
93
374
44
24
14
311
87
156
176
102
68
204
5
160
107
148
136
10
108
108
790
115
188
670
70
160
59
209
254
461
44
56
125
257
211
374
138
357
138
98
414
8
441
26
27
81
176
15
353
171
299
413
524
402
333
1
535
94
196
391
158
310
53
213
388
32
25
189
212
57
445
98
796
90
5
59
149
125
2
593
466
249
349
236
134
95
1
85
342
640
38
34
55
232
107
18
315
31
60
33
11
53
242
322
442
38
8
276
384
310
480
57
43
306
85
68
35
49
48
221
225
465
390
109
494
805
79
159
798
81
682
161
40
14
330
259
11
389
139
209
252
56
50
460
204
246
81
108
110
250
40
136
232
101
387
406
221
36
62
457
185
529
86
58
137
32
337
23
99
106
44
86
231
388
185
233
214
993
1
42
246
72
92
41
142
50
165
14
161
329
56
368
72
272
259
3
109
549
9
259
68
108
28
176
73
284
112
53
27
276
308
9
113
139
630
615
61
284
178
512
181
175
1
500
43
39
207
698
86
3
152
49
188
9
147
115
17
36
315
1
102
222
84
297
679
535
376
381
157
781
294
233
312
60
897
147
399
51
402
172
205
8
8
12
227
14
339
80
138
98
143
73
70
11
154
146
218
72
213
297
106
121
35
635
22
236
96
417
92
129
93
204
200
292
9
164
69
370
226
5
1421
355
24
71
22
304
126
277
358
109
253
124
102
83
5
224
124
362
15
14
52
24
90
74
192
12
270
439
250
82
771
204
2
1255
378
734
170
82
115
70
288
40
19
137
139
98
380
25
296
268
216
1
113
494
60
17
402
377
10
11
225
19
348
197
461
132
235
40
548
314
730
76
244
171
159
74
42
593
87
478
465
155
134
123
116
59
235
313
192
40
179
445
97
59
151
306
8
693
79
183
433
339
354
78
421
234
175
37
100
656
122
6
235
127
181
8
41
20
147
195
16
42
262
23
140
167
198
59
271
55
35
284
175
222
680
38
129
245
105
42
149
668
72
307
581
395
277
41
12
888
346
21
107
20
153
54
39
88
417
149
73
38
78
7
217
47
169
12
213
451
595
81
122
18
60
365
117
29
116
45
524
20
443
19
301
50
313
214
3
158
57
111
820
261
211
204
50
429
9
147
157
197
394
101
150
9
472
43
519
327
400
51
28
35
54
332
66
803
3
180
19
217
544
28
3
740
252
203
355
264
2
118
55
89
143
7
161
34
10
41
24
132
598
54
126
146
179
334
1142
433
110
24
580
335
86
33
176
15
317
532
150
101
72
13
328
207
782
260
333
82
242
144
226
403
82
13
48
23
469
1169
811
152
680
28
185
245
25
87
408
60
442
63
341
22
881
565
66
30
17
338
11
17
23
47
65
283
97
93
23
120
85
189
59
192
76
102
156
207
19
571
1
433
256
55
227
227
85
1222
215
170
81
129
135
137
258
206
152
9
38
225
89
223
72
55
321
523
374
146
251
147
81
126
19
99
260
66
161
155
400
136
501
314
792
260
336
62
52
156
6
248
137
82
207
133
96
337
170
86
218
532
156
342
29
341
45
72
13
224
88
237
63
7
1184
255
863
115
40
227
145
674
79
361
413
161
25
45
103
190
138
385
178
517
485
198
992
53
95
57
186
154
124
279
133
162
328
97
7
75
47
190
239
79
585
179
156
92
98
250
108
58
127
146
36
200
41
193
205
69
199
558
591
365
262
485
224
89
50
459
143
472
975
156
23
94
99
55
120
223
157
150
230
235
86
139
206
5
42
13
3
489
564
44
104
99
129
665
45
16
19
130
158
191
21
150
71
46
26
31
65
44
30
261
230
56
695
12
2
506
48
343
65
93
60
508
2
373
133
71
216
231
50
109
722
226
159
54
8
59
166
280
105
146
43
1722
25
161
28
159
589
813
6
87
330
64
136
25
143
241
4
442
392
142
105
27
86
40
375
490
78
74
27
192
632
12
44
194
463
192
180
105
431
253
398
244
46
171
154
411
95
71
318
77
352
48
102
19
569
10
640
107
86
137
39
95
280
15
24
123
39
296
22
41
592
129
111
149
67
171
55
95
321
347
4
275
334
325
496
451
278
11
78
39
160
67
11
287
84
226
91
801
71
242
90
140
972
117
422
11
18
494
112
491
230
74
84
562
65
203
210
51
133
329
370
54
170
133
13
186
893
341
386
57
366
112
10
20
178
218
405
24
386
175
447
387
213
193
465
58
474
106
60
372
172
298
443
50
65
61
132
347
229
69
591
471
182
78
321
299
5
4
139
29
16
475
101
222
12
130
71
200
186
36
93
198
38
59
75
87
275
25
164
115
27
267
131
46
174
20
53
125
75
51
87
31
114
165
216
507
619
117
184
194
137
67
174
153
31
101
108
118
67
436
140
161
266
202
277
790
5
324
512
36
38
389
126
271
370
166
99
62
28
495
85
89
490
137
121
192
15
42
814
493
106
294
138
93
217
75
153
223
93
376
111
754
12
79
89
31
113
64
58
119
18
33
156
170
111
409
150
5
62
123
61
287
397
71
237
43
285
552
15
72
71
712
60
22
28
434
4
32
160
101
416
77
7
53
217
177
324
352
72
1219
278
449
710
175
183
84
48
105
188
149
15
136
234
62
469
346
64
203
435
32
287
802
409
331
502
22
211
77
10
27
57
416
62
3
71
170
319
28
31
138
142
534
251
123
211
34
346
149
19
148
445
28
387
110
331
616
102
153
509
67
93
404
329
18
65
39
445
143
380
50
154
9
128
390
208
2
143
110
115
231
465
80
110
228
361
121
53
420
371
34
89
175
47
139
98
33
655
180
429
301
94
147
112
249
54
379
825
158
327
40
31
409
276
232
82
714
515
33
211
320
88
112
73
496
49
334
92
232
50
78
394
86
45
68
328
64
60
70
75
13
