185
209
24
120
41
103
2
101
49
123
24
10
636
95
51
22
150
198
7
273
44
148
223
340
27
525
895
579
125
349
52
80
76
79
92
193
135
50
341
226
171
236
251
188
58
52
139
400
81
95
7
318
136
118
547
128
38
214
106
31
179
681
51
30
99
12
16
187
325
191
25
463
496
157
292
576
426
20
189
122
205
193
157
91
16
868
506
55
17
58
492
19
140
222
321
104
119
244
94
272
441
9
63
244
17
57
73
231
242
39
242
44
59
242
59
31
199
368
70
389
89
523
176
64
127
405
457
13
125
25
140
16
89
111
55
578
57
2
125
41
104
34
142
194
75
613
576
153
231
38
77
71
392
422
183
488
185
691
12
59
277
20
308
92
212
37
179
238
576
1
126
143
149
35
90
132
73
219
134
219
189
187
376
272
303
62
53
549
406
373
103
84
673
108
208
24
16
30
129
58
8
93
202
121
119
325
43
283
12
21
387
96
197
58
81
182
217
48
383
949
14
366
214
488
24
350
182
140
288
216
200
26
270
53
97
149
100
36
144
202
275
130
23
56
313
222
334
132
99
339
503
119
364
288
30
290
154
8
58
127
238
159
105
9
189
216
50
599
112
306
117
151
439
1
103
153
2
467
522
54
42
31
861
100
228
453
280
505
516
266
74
210
240
14
263
631
158
246
272
226
127
227
230
14
85
372
836
59
6
123
470
507
201
52
243
198
509
868
2
192
75
168
168
104
118
656
29
9
315
100
211
92
63
81
155
21
77
29
46
28
117
74
170
336
205
15
334
229
272
59
1323
75
16
34
500
337
118
117
262
228
554
242
262
104
113
239
463
235
90
768
136
177
230
460
84
106
127
209
32
316
36
97
109
231
535
18
85
225
12
41
55
131
485
179
400
450
100
43
61
28
91
120
98
314
7
32
53
113
255
448
203
525
11
151
160
197
594
501
510
141
133
83
708
61
919
819
7
214
117
246
239
498
165
178
142
192
188
110
369
325
84
255
74
289
24
76
64
59
153
40
350
154
293
146
348
16
315
299
71
52
250
184
436
303
153
105
170
214
97
177
94
231
198
1
64
242
454
361
13
460
116
90
77
259
320
331
71
40
66
350
353
412
39
241
21
215
47
428
101
51
36
617
194
118
47
180
276
389
328
211
748
25
285
532
288
273
74
288
129
12
287
691
429
166
212
72
45
251
375
665
432
88
187
76
676
226
14
72
7
15
16
312
230
221
540
77
188
818
407
104
10
105
432
1
334
1134
325
37
204
80
14
169
8
316
47
511
100
42
145
488
151
443
317
279
114
161
273
514
104
162
473
51
68
33
207
236
13
178
29
151
128
20
336
175
585
3
74
141
129
2
53
40
258
183
434
141
16
711
77
26
310
67
229
40
14
109
96
302
36
129
929
20
84
361
101
391
323
46
20
59
96
95
49
349
47
41
26
134
10
88
28
56
137
256
72
242
374
171
293
684
285
140
170
7
135
176
119
50
425
63
182
361
402
296
353
155
216
90
26
184
98
85
853
185
88
29
251
233
235
42
366
537
170
57
482
748
271
181
650
123
165
360
231
96
70
407
288
760
381
163
82
50
256
330
11
129
67
140
254
139
58
12
641
76
110
985
440
9
150
84
62
82
75
57
17
133
187
171
13
296
210
509
15
42
65
349
346
22
73
154
605
766
292
43
369
263
50
281
53
324
401
147
7
173
235
168
82
51
87
2
23
146
3
79
129
337
397
241
33
240
148
212
452
111
18
347
157
285
763
60
141
73
92
7
65
437
89
174
393
28
219
144
197
300
1
87
153
427
449
602
50
119
31
1209
418
187
204
103
125
591
318
586
27
13
56
4
91
525
13
308
462
49
65
208
237
19
286
74
18
203
94
77
166
139
122
113
14
296
120
183
85
340
404
875
84
12
68
343
1149
82
209
103
160
595
142
42
259
598
152
49
329
322
456
284
13
751
389
150
128
197
31
71
66
385
132
62
60
274
463
2
52
251
11
92
271
66
65
29
131
363
209
346
49
162
215
119
530
670
355
177
620
87
535
186
238
145
5
95
340
9
15
90
117
204
72
83
60
194
21
239
13
42
157
177
230
163
117
307
267
148
613
198
49
178
196
375
92
50
678
210
327
84
94
446
96
210
150
236
251
378
16
76
496
107
270
234
107
531
195
96
99
226
455
97
324
123
195
168
107
93
428
26
381
139
880
345
26
60
576
149
176
77
475
206
361
436
384
6
123
63
39
14
30
109
112
73
21
158
511
151
72
78
114
159
113
373
231
180
19
562
401
207
39
378
434
159
611
640
181
51
251
199
222
453
174
253
104
169
83
467
25
250
357
104
96
105
399
38
350
398
11
32
239
178
207
259
459
26
276
576
294
190
517
159
61
31
212
139
301
14
181
11
96
77
35
513
169
461
75
271
92
145
26
70
556
186
846
246
112
225
9
27
65
58
223
4
244
68
205
223
182
105
314
823
139
288
297
31
599
552
299
69
395
209
274
294
41
218
9
4
157
265
1502
282
22
476
96
143
85
10
38
22
1
499
235
35
369
233
145
72
164
33
24
5
120
172
263
516
26
120
138
87
490
10
29
12
83
17
79
647
28
84
47
196
52
209
461
141
93
580
167
186
152
456
1
187
415
362
49
18
150
95
432
410
325
175
70
49
36
777
193
297
178
77
16
11
183
91
407
109
208
190
119
52
19
57
1538
40
125
41
235
154
66
168
171
47
14
146
227
102
378
154
51
347
381
84
111
35
155
160
448
293
342
801
7
75
163
839
129
88
31
180
782
158
86
398
303
126
32
61
352
259
288
102
548
121
205
1064
61
236
166
106
24
435
202
168
152
693
85
196
211
46
114
59
61
84
317
356
168
47
20
114
198
71
91
545
105
128
64
17
525
90
67
407
141
172
115
21
140
67
649
100
184
64
119
173
10
26
298
279
362
130
157
416
74
40
48
53
27
35
215
191
25
381
102
167
460
24
33
150
370
72
2
53
54
174
445
44
46
10
154
197
82
301
256
207
114
103
588
20
111
63
72
365
385
335
245
393
674
54
75
5
322
9
41
334
74
187
14
613
543
60
111
39
216
18
122
5
528
711
77
10
132
3
70
48
149
401
21
357
49
33
8
678
638
137
64
144
108
73
404
507
309
395
422
358
55
371
36
139
10
390
34
82
77
17
82
105
371
183
163
66
2
156
9
708
59
190
34
116
2
20
304
97
212
520
112
285
89
673
385
322
102
1
101
495
324
197
244
79
421
168
36
253
158
162
201
393
621
78
337
105
93
400
440
372
294
137
237
355
29
359
29
381
509
75
11
128
203
64
67
16
8
72
18
97
406
325
251
226
232
145
76
661
200
734
405
6
252
173
102
205
155
71
46
332
487
218
58
104
96
25
156
903
14
70
178
52
404
94
304
229
105
11
349
90
291
58
855
418
109
35
88
140
96
226
384
10
1
475
45
352
110
250
159
195
14
2
7
520
65
343
513
89
112
292
183
175
180
903
23
160
31
39
126
119
74
284
128
33
39
387
45
174
2
21
647
274
130
416
415
406
219
36
347
105
100
123
901
77
296
615
234
113
137
163
266
52
353
322
8
544
276
70
212
49
50
288
8
85
17
71
214
37
124
453
285
273
72
448
116
870
333
95
303
24
115
40
59
75
65
150
27
111
99
728
10
3
848
230
192
198
1173
209
4
208
511
754
185
143
134
334
136
256
12
662
6
108
62
461
47
434
369
28
459
402
22
193
737
642
16
69
32
5
245
61
240
387
35
360
339
12
202
495
299
93
245
426
218
95
194
157
423
394
160
65
28
260
58
492
24
294
23
135
218
39
4
118
147
14
26
92
123
667
292
429
4
144
316
295
149
58
136
460
207
394
65
21
36
235
149
149
52
415
153
215
313
586
20
129
105
59
184
553
41
5
59
88
8
113
45
269
8
141
46
262
704
53
266
43
598
216
664
16
44
110
217
202
281
110
112
183
95
28
56
97
54
57
330
578
280
29
211
91
50
364
115
288
109
7
134
198
8
284
629
36
706
66
204
264
92
467
411
6
153
25
148
2
121
402
133
53
37
88
250
236
229
35
46
239
210
10
560
579
164
78
53
87
189
7
120
262
10
479
191
583
18
87
292
175
64
81
231
292
98
153
320
54
201
182
403
45
105
303
82
33
56
497
389
39
62
949
547
421
308
40
42
140
78
239
33
86
254
75
34
15
182
365
36
781
415
139
28
469
155
119
295
252
109
76
58
30
38
39
292
448
42
223
126
343
205
263
230
3
107
235
744
196
21
33
471
95
322
116
9
108
763
848
40
178
1323
146
38
248
222
81
127
654
118
165
224
830
149
280
51
285
169
174
177
437
61
16
698
85
101
43
1242
75
285
12
82
41
138
268
260
81
42
498
105
269
84
57
93
12
159
300
127
53
1328
72
283
67
171
537
31
64
57
296
263
27
2
7
407
95
4
106
89
108
57
25
308
86
59
83
128
12
98
155
685
159
22
103
188
47
183
285
12
5
150
102
78
94
556
2
56
148
61
42
391
82
126
349
217
97
34
222
50
811
323
137
23
69
411
204
185
5
1
77
40
501
1
144
43
153
402
318
294
115
147
574
90
115
163
218
528
464
189
70
50
322
213
336
26
145
463
1110
159
12
157
18
363
283
9
300
25
12
44
532
184
106
228
291
86
8
78
686
80
116
306
132
103
116
458
99
17
270
94
225
180
186
15
59
42
325
184
15
43
87
112
217
266
45
50
683
202
109
216
316
118
891
111
254
12
325
174
354
485
646
14
20
53
579
151
270
55
310
52
136
438
333
34
630
3
7
49
16
101
363
166
491
242
5
432
252
326
285
365
126
94
202
85
434
71
74
643
40
361
493
14
89
1086
308
14
142
27
180
82
356
29
143
25
347
94
129
22
102
193
32
480
85
16
235
40
487
781
467
137
515
225
386
388
47
216
184
568
254
180
12
366
47
242
200
139
264
173
277
189
488
337
299
26
53
126
150
28
57
322
465
89
9
70
275
529
312
91
159
213
253
314
10
175
98
72
89
863
170
63
256
156
194
10
109
444
191
369
2
84
41
197
120
412
80
15
45
48
17
562
434
39
85
565
218
4
293
127
340
576
926
58
265
191
23
78
345
269
237
84
127
167
53
223
215
120
68
53
68
50
65
165
373
167
37
21
131
40
768
20
23
357
89
37
183
33
38
799
240
64
100
582
251
31
27
136
187
183
32
368
164
15
302
273
195
802
127
37
153
249
388
102
69
46
283
145
180
11
363
252
263
44
88
132
3
1691
336
901
86
509
380
339
6
126
52
87
98
224
57
460
80
369
124
644
104
250
1165
194
127
356
83
164
170
73
558
193
24
222
126
105
452
24
14
482
39
249
124
177
64
809
50
429
370
100
15
236
119
20
184
219
117
174
30
434
367
134
51
407
49
64
127
81
55
634
40
257
632
240
162
1182
97
86
350
162
147
308
41
385
101
42
334
221
45
929
483
109
27
262
2
180
1
147
113
237
83
85
69
239
314
496
314
131
314
72
52
43
63
6
143
11
41
513
179
137
449
86
160
50
794
24
326
868
197
256
38
294
24
57
50
26
168
119
226
62
156
126
70
500
130
262
948
51
260
78
192
389
33
152
38
239
555
323
382
21
237
305
271
40
121
264
142
26
207
663
534
548
205
165
195
241
939
18
300
224
458
139
70
73
14
3
23
186
135
14
22
340
71
44
102
434
52
690
107
224
376
268
139
108
15
102
150
86
29
439
55
6
159
223
265
53
44
392
484
8
21
62
53
413
828
10
197
43
62
48
486
183
129
201
156
707
302
429
8
147
232
150
686
61
134
30
300
430
170
261
87
113
44
379
197
370
304
6
26
279
92
336
242
164
68
22
115
49
229
4
475
245
481
792
297
244
139
71
766
83
237
419
108
171
42
92
102
32
39
107
329
163
71
50
44
12
148
46
308
21
218
447
186
59
151
347
230
4
85
207
190
151
151
33
75
178
116
124
96
10
29
15
339
585
316
671
151
117
421
171
103
514
174
240
77
85
269
51
580
49
266
288
222
51
144
900
128
584
69
394
25
210
16
125
142
184
167
233
162
482
150
121
79
81
60
250
604
2
46
565
5
208
92
81
401
8
160
113
153
125
10
101
406
475
466
213
123
158
67
24
366
137
24
224
328
74
131
75
29
27
10
81
185
2
455
27
198
112
4
22
91
70
911
908
199
191
792
70
122
32
181
12
227
17
264
217
78
41
3
670
48
102
425
85
178
84
614
3
23
240
279
51
10
578
90
213
21
106
32
199
147
26
24
114
16
99
714
115
165
200
177
54
56
102
290
149
21
7
29
594
37
1140
15
191
434
60
93
140
242
301
240
138
416
149
105
59
287
870
416
189
116
221
452
297
3
149
56
1
129
333
1436
971
103
75
277
231
101
110
47
266
173
9
107
82
740
282
8
194
41
69
623
99
17
214
188
82
5
6
77
145
66
273
19
69
24
130
8
115
78
715
4
210
177
92
151
37
135
164
148
258
139
160
44
172
362
72
90
287
135
1155
126
97
68
58
463
18
78
38
214
127
191
307
523
202
74
299
284
189
72
5
85
389
184
408
11
166
65
209
283
908
88
93
200
149
137
20
481
250
299
492
312
709
122
17
4
39
9
26
65
437
148
172
656
102
18
43
116
84
40
20
93
11
64
512
52
120
26
92
162
185
543
15
20
262
55
109
86
381
322
22
265
324
129
1110
322
352
65
72
276
134
163
93
270
15
192
66
30
62
182
149
57
65
761
383
232
26
172
251
593
81
78
62
56
283
241
103
58
250
48
351
365
40
198
164
96
62
134
479
245
222
172
88
89
87
329
74
37
26
73
49
333
97
12
1204
100
276
666
59
224
255
210
57
8
42
363
18
291
599
237
26
284
632
537
1045
55
156
8
82
181
70
128
147
456
399
40
153
53
91
57
91
104
186
15
423
30
418
372
250
86
151
294
13
174
3
281
507
46
208
2
225
139
319
87
166
31
261
175
594
68
314
277
416
269
50
219
431
105
45
151
163
158
140
673
270
522
77
87
619
155
167
296
480
423
99
113
200
119
5
416
36
158
327
437
68
591
141
88
63
173
246
945
14
269
125
58
965
6
576
59
62
137
70
23
126
46
107
108
87
230
432
98
552
127
298
72
113
63
142
293
423
382
158
159
10
68
21
75
141
169
165
47
88
69
492
140
193
105
335
54
234
231
161
36
425
841
220
375
137
467
88
61
107
458
121
263
204
142
43
164
327
255
113
39
18
26
187
38
131
448
26
8
665
61
87
721
118
136
8
182
1
7
64
463
104
391
286
72
79
239
191
25
62
24
104
85
209
31
208
9
2
156
128
40
357
43
243
72
508
388
9
377
342
313
176
131
54
83
100
51
551
25
83
350
23
371
553
25
176
133
102
293
2
232
174
57
70
49
27
86
121
106
111
24
35
71
243
142
27
109
408
241
210
867
110
59
98
133
14
25
305
56
78
251
27
32
291
10
240
10
51
9
4
640
149
25
175
200
29
47
33
205
73
30
759
145
5
230
2
15
114
40
126
130
715
691
375
44
560
178
263
95
243
4
118
299
65
340
837
371
131
151
49
4
104
35
307
402
100
24
254
24
62
93
48
53
1421
82
143
178
185
26
111
374
90
205
103
183
46
95
190
595
115
29
18
9
128
196
65
38
413
61
24
176
97
653
531
139
32
83
69
156
387
21
35
17
18
871
103
204
114
42
11
553
314
106
86
214
101
181
1102
157
464
168
196
523
48
122
431
60
56
51
48
267
98
43
213
219
396
388
327
172
225
388
54
288
112
122
121
67
220
88
369
10
2
43
152
12
284
167
226
118
51
596
29
81
132
74
717
35
293
289
332
162
55
46
115
87
78
20
231
338
92
106
10
258
344
1
627
87
198
51
59
695
24
44
295
601
5
160
148
19
755
575
124
44
6
65
64
181
158
399
39
187
39
134
43
179
12
185
406
220
4
177
475
248
5
92
224
232
129
60
12
590
280
87
209
172
153
82
250
89
60
5
461
134
88
150
45
195
149
71
16
77
260
5
64
144
37
172
54
21
483
763
221
45
121
215
22
60
382
393
12
126
255
161
226
280
297
232
83
293
29
28
54
20
30
27
78
43
376
216
242
50
871
133
321
66
153
60
103
59
217
162
645
259
67
32
36
37
432
86
50
579
429
362
365
58
53
244
98
153
126
39
34
158
638
290
53
178
155
60
649
14
56
82
107
461
100
49
410
642
270
24
319
8
403
453
54
145
173
308
27
69
144
102
145
10
224
6
19
136
24
134
10
207
125
84
281
261
177
457
32
363
847
314
92
461
64
137
185
17
86
192
161
40
170
77
166
34
170
240
377
81
804
137
294
110
312
521
219
496
137
10
41
691
390
111
173
89
96
156
741
188
74
217
4
453
79
208
480
303
233
110
77
108
797
158
16
71
66
220
38
30
378
52
4
996
42
63
107
45
166
214
51
53
327
188
50
21
158
340
3
70
210
13
216
4
7
197
286
201
176
89
205
8
126
266
151
4
103
314
45
42
70
43
14
161
315
89
44
106
22
751
40
155
230
244
94
98
32
117
125
62
608
2
309
51
61
173
118
196
147
234
190
10
29
46
13
202
335
7
82
113
591
1028
160
351
185
209
73
262
114
106
219
138
50
381
219
67
55
131
81
384
34
410
223
132
264
130
192
5
1
695
91
259
32
122
25
555
339
107
206
54
21
226
237
22
348
83
226
286
140
441
183
50
144
126
265
35
376
144
733
253
19
264
89
352
365
221
251
26
80
270
506
11
115
21
253
77
312
29
167
39
57
712
142
247
100
350
142
246
77
152
53
44
102
21
260
56
64
212
4
19
270
176
3
71
363
60
277
393
268
28
109
4
289
188
34
296
43
145
9
267
18
127
77
104
380
14
54
115
301
34
162
8
55
27
32
14
310
121
209
463
428
113
220
269
113
104
131
80
458
77
258
341
39
823
3
282
614
372
782
383
311
203
229
191
188
284
422
105
399
238
25
20
7
90
18
290
261
227
65
293
20
56
70
136
253
120
587
28
337
414
107
461
350
65
190
578
53
20
26
88
268
257
236
159
179
126
317
135
51
128
37
599
595
144
359
64
525
675
174
413
29
328
80
627
142
724
102
195
17
680
27
463
39
924
293
380
161
142
60
65
175
156
201
45
55
167
288
204
26
84
51
334
44
144
383
92
158
86
549
246
251
113
132
2
7
221
173
12
142
125
66
122
165
91
904
76
79
14
378
7
238
23
7
53
459
18
127
120
270
265
668
262
72
278
30
189
62
210
44
234
204
155
2
79
3
30
102
164
36
447
46
422
35
147
1
433
253
353
1298
133
1025
42
15
235
179
109
93
187
510
158
157
267
258
33
566
34
422
302
403
219
73
32
67
163
22
156
745
1
258
65
187
261
71
133
225
12
535
32
331
406
30
228
96
216
29
543
492
40
45
499
56
359
444
30
436
111
49
400
205
65
178
39
326
102
266
25
12
284
62
384
110
54
34
23
77
98
356
276
24
186
24
476
50
268
219
106
34
325
65
453
149
406
170
133
117
234
134
70
79
47
27
234
150
143
69
177
324
76
95
219
11
188
362
343
81
145
627
250
170
835
35
287
1163
107
152
101
254
282
351
597
117
66
205
4
302
129
722
188
29
75
508
794
190
81
238
118
675
298
235
5
703
53
358
73
66
2
484
74
39
261
26
263
47
74
153
109
40
410
253
95
118
247
48
47
1513
440
22
68
84
180
98
151
149
293
90
19
113
50
284
371
238
242
356
2
64
24
27
239
16
107
29
333
255
75
177
16
296
89
167
174
150
145
35
208
276
319
459
101
87
20
246
372
142
271
143
401
26
705
76
409
35
306
501
162
310
100
780
154
355
313
232
63
115
163
248
1
141
133
239
52
316
28
899
92
41
429
330
24
20
199
192
40
122
201
416
670
76
236
502
284
108
46
35
3
348
45
85
117
1
661
21
72
86
74
112
238
206
28
126
62
89
74
26
18
86
175
445
27
340
109
149
27
26
176
296
45
69
102
629
8
305
84
155
12
120
14
116
78
30
119
77
170
581
237
149
59
161
50
610
354
210
59
143
58
414
441
106
533
65
170
7
15
271
233
161
212
95
79
8
640
65
303
71
1031
251
558
23
179
30
21
30
182
3
84
41
601
594
9
10
6
15
187
214
11
25
10
286
651
58
124
352
159
2
8
110
48
95
221
279
47
143
279
190
215
617
72
120
65
679
554
280
7
322
403
140
241
133
113
431
174
9
79
2
54
192
21
336
197
133
740
525
114
109
222
209
718
90
49
325
133
440
115
237
44
118
39
364
627
295
336
265
343
164
55
92
102
270
327
229
87
114
110
243
348
653
77
185
47
659
202
81
13
5
92
27
141
343
351
151
839
56
32
49
251
122
852
72
197
89
743
80
52
125
7
267
33
173
28
523
287
83
177
257
244
4
154
103
209
178
178
7
36
144
86
81
3
52
351
303
260
315
100
34
330
215
76
67
101
11
140
38
268
477
165
58
81
406
245
661
10
59
236
101
20
152
72
39
42
50
133
97
261
246
334
210
92
582
53
42
295
141
333
700
682
540
145
307
17
487
191
87
352
37
368
62
177
184
391
533
110
192
34
66
422
24
600
103
457
21
49
446
244
107
99
13
1227
148
420
315
75
355
689
45
376
148
46
420
229
91
375
424
198
119
138
52
206
90
139
19
24
260
40
114
365
177
159
65
21
196
159
81
180
209
117
54
226
88
110
14
202
325
12
102
112
176
210
174
244
33
26
134
117
70
136
116
9
42
165
152
57
8
444
11
257
265
228
64
186
158
185
60
497
58
57
623
37
272
47
70
689
149
117
124
7
22
1110
29
99
251
224
369
34
101
271
46
250
323
69
53
204
341
78
127
50
96
33
24
483
133
55
470
162
397
12
693
282
70
1
80
42
3
22
78
56
41
104
195
316
470
393
25
143
271
197
76
123
48
123
149
116
48
67
161
327
451
150
15
44
399
71
115
642
65
5
37
210
260
209
272
108
119
543
7
215
261
6
1381
285
21
373
573
59
40
87
671
66
238
101
476
216
206
26
124
116
7
181
228
54
44
252
180
57
38
7
37
59
7
146
79
128
280
568
48
170
127
485
127
279
226
35
260
38
75
44
1
177
35
536
58
175
186
77
314
39
36
205
340
40
281
154
233
35
50
88
62
81
4
486
783
51
184
68
399
128
98
244
57
173
417
27
89
865
330
201
162
74
387
49
90
7
363
3
15
191
447
213
30
44
190
290
3
482
169
52
275
5
54
74
771
330
278
53
176
125
142
74
236
687
5
41
65
31
14
82
13
362
142
98
596
153
407
87
220
56
7
97
457
2
14
27
175
442
234
65
185
278
58
123
185
241
310
543
29
157
16
89
358
11
32
12
514
117
60
5
208
420
298
29
550
79
538
275
6
216
570
60
39
71
110
220
68
63
188
357
180
969
82
106
34
240
52
33
93
266
18
182
55
231
547
347
170
180
262
55
418
37
23
29
35
66
59
920
80
210
70
47
108
705
37
68
98
117
148
23
239
577
141
91
83
281
966
295
188
32
45
29
70
228
27
367
145
179
350
596
490
10
932
90
121
224
264
59
135
36
31
87
103
77
146
16
109
102
292
60
575
8
508
110
7
234
64
66
67
362
12
154
344
423
44
164
209
3
7
10
3
609
155
62
17
355
675
655
163
31
111
155
170
10
80
171
116
469
40
77
185
86
245
47
109
306
275
8
9
198
514
394
22
29
144
46
108
37
153
252
109
264
130
358
172
219
232
152
122
58
341
320
250
38
97
452
224
191
349
2
289
401
20
93
136
56
47
134
43
264
276
139
63
30
298
81
30
22
25
237
192
410
140
149
558
16
156
1065
31
120
618
204
10
321
17
252
146
7
23
106
68
214
821
577
633
155
145
44
151
69
169
549
11
29
436
65
243
156
128
94
759
175
1
16
45
50
62
141
22
129
9
54
217
303
123
33
556
83
56
159
25
425
385
184
131
193
754
314
147
301
76
91
520
148
42
113
209
199
415
335
292
289
41
42
97
222
52
234
58
36
360
134
90
55
191
139
50
28
25
314
1290
244
11
295
79
1
13
309
448
62
723
41
196
75
12
126
188
187
46
182
153
381
149
17
343
119
84
491
41
229
1080
619
371
654
144
404
24
724
149
42
155
14
129
204
96
273
145
55
176
178
27
96
4
124
432
90
30
77
92
179
406
147
208
542
379
488
90
100
332
185
346
216
65
241
29
213
82
488
289
206
214
83
178
3
149
63
354
81
12
94
411
275
95
21
118
86
477
202
24
163
156
66
156
41
458
159
160
42
97
431
88
301
61
70
7
563
128
300
193
648
108
386
414
15
103
20
25
308
1
519
27
9
5
188
190
253
68
252
37
212
3
575
40
254
526
190
260
16
411
239
385
43
30
259
55
252
51
105
252
326
48
72
183
863
163
107
75
41
108
5
64
580
75
182
128
143
67
37
324
323
81
657
133
540
59
219
227
74
256
31
215
529
246
1149
173
3
11
271
60
132
89
2
990
109
574
167
338
35
10
162
50
676
10
262
322
13
419
15
270
547
93
205
237
214
280
681
610
47
1393
384
108
126
65
528
74
471
42
314
28
206
6
19
319
441
335
92
115
111
49
14
348
36
54
120
500
120
247
430
122
26
136
52
19
711
112
290
7
238
460
116
232
492
30
321
40
90
3
127
93
360
174
132
37
5
735
84
294
271
6
30
215
300
48
169
520
319
36
48
355
163
157
431
20
439
92
116
412
201
201
368
513
17
91
418
390
2
372
73
7
540
60
368
845
218
115
316
515
249
534
232
46
256
36
260
73
120
340
129
48
115
56
145
288
481
13
149
342
19
235
158
356
100
8
344
240
271
7
8
109
120
62
77
142
442
105
307
194
122
224
21
98
645
3
265
456
10
59
108
348
241
619
135
204
124
22
196
469
116
129
217
20
256
324
645
536
54
144
20
231
259
49
48
111
409
240
670
229
41
198
62
134
277
223
308
63
117
66
147
162
214
333
54
727
44
62
42
144
101
75
470
132
11
342
118
45
71
216
448
333
722
600
140
63
189
128
71
419
192
135
136
117
284
239
163
111
149
130
67
28
131
52
238
84
44
607
31
111
370
375
110
79
10
20
65
126
27
171
22
686
52
277
56
47
172
96
202
36
75
87
61
143
14
67
35
552
437
40
92
217
171
321
223
190
1
3
121
53
185
318
143
98
133
37
44
81
108
241
243
56
30
448
377
51
44
19
45
68
347
33
457
77
6
213
807
102
104
289
194
162
348
159
8
77
172
585
137
31
11
19
48
14
164
47
134
225
97
382
621
278
222
195
55
203
49
32
494
283
309
138
19
62
9
361
109
73
211
97
1066
329
255
170
350
94
19
133
86
27
193
94
293
7
14
115
188
249
188
179
57
22
210
122
412
9
686
59
192
48
354
407
66
83
29
297
115
60
49
4
74
225
86
10
47
42
189
150
578
131
33
488
753
43
126
708
257
106
314
967
330
63
45
436
207
183
128
472
33
32
101
42
734
61
136
395
13
183
425
529
470
253
60
194
77
29
226
129
21
263
37
366
98
7
340
4
23
67
96
302
69
336
11
127
220
228
118
102
81
2
108
290
399
10
331
344
244
93
235
136
40
48
50
38
678
109
248
520
103
559
737
315
103
96
173
115
111
161
12
358
56
137
261
59
499
557
34
48
313
238
431
202
399
480
156
658
96
224
414
97
771
617
367
581
56
75
83
276
1
89
218
543
54
131
71
246
421
241
25
18
119
56
186
193
296
253
43
302
229
101
64
57
4
165
7
349
322
105
217
37
437
108
11
14
722
264
169
152
66
133
762
80
292
135
37
57
56
94
243
301
30
147
360
128
104
362
14
192
64
347
376
155
63
430
137
41
81
91
649
52
92
69
139
111
12
61
389
108
79
126
15
252
55
82
125
22
279
240
569
20
16
11
36
336
13
294
255
367
108
354
393
99
25
651
470
117
376
254
517
25
318
110
291
559
236
124
7
65
98
484
25
200
379
531
381
6
456
512
537
40
154
521
193
241
49
40
438
11
429
94
180
116
33
143
257
99
111
416
95
53
90
18
144
43
120
204
24
76
29
8
321
550
53
319
165
580
14
130
190
146
28
17
11
164
183
374
86
183
175
438
72
71
114
217
153
82
605
245
26
460
365
209
124
118
59
527
753
1169
320
52
247
233
296
8
123
279
15
99
145
242
151
35
177
443
21
577
9
48
209
1159
5
22
324
30
151
200
174
33
28
349
59
205
66
4
48
304
573
97
49
568
166
108
376
232
745
152
161
15
95
168
11
260
519
84
153
260
16
3
103
202
57
136
1471
307
443
159
16
45
184
494
103
33
74
12
83
343
41
349
255
4
83
272
452
120
494
26
60
134
211
245
28
462
150
34
76
164
175
491
45
146
138
463
252
141
6
155
5
57
441
130
56
192
45
223
28
15
9
8
520
81
62
108
100
331
30
12
45
249
394
86
207
74
220
896
660
83
128
90
30
1513
276
67
133
154
242
422
495
352
77
314
45
3
104
116
8
166
48
160
95
362
241
223
232
135
24
508
221
352
387
196
31
122
95
29
146
68
11
134
210
75
265
38
123
28
4
226
30
251
384
14
66
92
158
73
349
78
324
153
16
1096
405
4
252
83
91
3
32
53
540
48
545
121
57
13
334
28
152
190
698
34
30
30
15
176
75
60
298
104
228
281
31
246
218
352
277
245
64
1121
423
166
135
89
181
150
302
114
16
69
352
80
10
25
23
100
195
188
94
30
127
232
213
188
161
223
400
538
89
696
194
61
634
81
83
354
225
33
52
90
316
281
63
139
18
41
297
157
151
105
178
31
14
123
184
48
243
116
167
325
420
426
475
14
82
112
165
27
116
69
119
2
51
135
229
102
7
65
24
105
23
313
65
13
525
88
92
299
250
105
79
142
387
154
181
299
229
172
252
80
91
58
65
197
83
76
90
434
10
219
15
437
97
107
49
67
212
88
294
186
110
340
39
244
14
94
26
367
99
89
346
28
34
230
143
171
364
443
15
109
142
637
168
838
24
297
224
313
10
302
179
21
96
278
192
209
136
39
417
329
168
44
94
321
257
173
502
70
30
259
9
10
4
25
135
315
286
48
93
34
31
70
176
271
400
30
190
41
86
15
55
76
10
85
79
48
49
65
55
79
92
37
829
108
98
112
235
139
147
489
139
158
40
476
127
28
406
273
185
283
12
150
158
22
94
499
24
357
776
123
39
72
97
105
13
288
214
157
967
97
70
477
258
257
199
741
560
547
22
43
135
103
61
90
22
939
340
399
196
253
182
33
104
579
282
134
492
507
17
119
42
346
249
15
40
9
39
44
211
546
1149
544
209
271
357
261
42
475
89
773
53
147
389
254
168
17
297
67
212
76
28
126
7
67
25
24
124
121
252
185
53
1035
242
65
507
1
376
29
9
400
243
463
292
134
298
420
66
192
118
148
381
654
138
66
62
80
169
181
205
138
96
178
66
16
18
91
193
1
189
109
431
721
64
24
155
122
174
230
25
167
138
294
163
131
21
460
172
190
387
520
60
75
140
420
90
53
263
42
148
33
205
300
449
114
48
554
75
395
257
154
201
6
95
116
67
15
12
234
202
436
129
87
76
197
207
157
1
189
595
175
426
119
226
268
51
158
95
159
81
262
412
40
85
44
58
310
3
154
256
88
16
1076
207
654
68
291
177
1471
253
122
286
51
106
137
226
40
931
240
86
624
74
230
496
242
270
91
1393
487
46
64
218
562
141
416
73
237
27
209
78
2
702
22
479
199
72
131
341
78
68
95
111
4
109
543
643
153
64
479
52
284
292
62
219
369
137
163
24
79
53
307
14
222
46
747
388
38
45
42
137
262
37
34
195
116
75
70
80
120
93
74
58
24
21
21
265
318
177
36
117
132
138
66
60
114
348
187
306
11
55
1
78
75
215
247
224
285
22
35
168
170
110
29
25
183
12
587
19
424
69
498
99
197
63
356
159
19
48
187
178
80
2
443
29
77
282
324
7
92
93
153
115
90
317
11
173
241
647
174
40
147
18
28
293
15
92
265
327
298
250
233
439
455
166
110
740
85
110
70
416
139
40
1
501
194
339
334
25
262
191
90
215
131
109
45
24
698
16
415
27
654
205
214
5
137
117
279
27
80
180
30
19
52
9
274
48
141
308
64
512
384
66
56
106
416
248
204
219
77
34
264
333
130
67
105
10
246
205
204
14
164
36
95
69
128
623
159
268
141
719
95
495
16
235
305
152
35
85
7
103
659
354
96
101
134
436
545
262
645
197
112
143
214
2
35
322
1196
95
297
29
124
191
35
261
55
10
26
83
27
224
15
3
176
315
135
196
138
227
79
169
150
82
13
96
181
679
248
223
106
54
99
58
161
495
286
249
10
5
1018
93
516
5
152
456
251
47
77
125
91
375
280
301
148
38
16
347
232
370
91
221
36
526
626
38
74
11
103
557
7
280
268
96
8
229
70
42
258
245
256
21
67
160
138
67
466
3
179
46
179
107
155
65
159
78
196
41
178
37
104
44
171
378
65
84
70
486
78
260
356
99
33
530
317
493
512
266
129
44
84
23
74
111
278
240
243
276
30
322
191
93
40
1121
454
98
27
118
409
574
230
17
20
348
208
174
308
9
135
140
422
154
202
80
41
178
189
392
190
3
364
282
562
274
55
166
15
484
104
22
67
727
151
148
109
11
375
441
132
920
280
222
189
75
98
443
480
178
343
102
22
99
215
1173
125
84
40
374
1
115
338
580
100
38
24
13
162
171
791
502
123
321
90
9
1664
64
20
8
145
16
39
227
370
192
27
238
113
39
243
142
123
119
216
342
103
220
299
106
19
93
414
580
198
127
12
33
52
201
395
50
96
222
168
298
85
471
90
54
113
54
180
531
6
454
359
314
396
168
621
3
124
430
569
126
58
699
224
52
75
18
95
25
51
644
773
134
678
541
16
52
100
130
263
50
34
46
347
33
219
590
41
6
584
6
44
44
531
57
31
56
26
303
514
195
23
140
135
81
480
377
176
136
178
348
21
43
28
59
249
102
10
376
18
79
222
40
57
15
190
45
133
413
89
84
97
385
117
349
64
157
50
62
308
16
207
38
285
100
18
107
38
60
177
66
94
139
183
44
68
55
179
253
342
147
175
400
52
31
787
110
178
16
304
64
39
55
146
96
426
16
894
140
130
225
47
50
407
408
156
100
24
17
139
204
88
71
41
476
147
9
339
281
323
184
80
108
370
125
145
66
256
50
218
342
134
331
40
191
129
125
33
163
22
40
76
304
103
10
105
140
513
76
99
60
90
144
117
260
128
121
69
225
200
148
294
28
216
8
24
98
42
7
532
580
58
85
89
529
86
77
82
32
235
640
132
81
336
498
153
235
83
26
358
80
12
102
336
217
10
642
645
109
22
10
49
68
26
189
71
360
238
100
453
331
221
40
50
86
324
208
410
63
77
186
133
758
152
770
32
27
69
101
5
167
106
235
44
294
429
50
31
50
5
60
391
515
72
102
17
206
13
57
165
437
406
62
511
81
238
26
616
230
199
95
560
209
98
417
455
13
72
202
57
296
3
197
364
102
193
63
401
149
107
859
163
119
11
224
39
13
63
98
66
763
452
35
241
124
106
52
44
70
259
158
72
34
117
527
70
186
58
208
272
63
307
377
209
75
148
196
189
337
16
16
1
26
145
49
200
287
586
19
325
13
24
383
88
965
37
76
151
99
111
194
48
26
42
154
130
77
147
28
563
45
6
42
381
230
142
56
106
67
165
148
67
117
1142
227
311
428
35
212
235
12
603
135
25
71
268
129
148
291
440
110
51
320
30
123
98
251
133
32
11
254
474
75
9
673
147
91
81
99
127
151
291
100
56
298
208
731
200
326
25
113
13
604
386
35
138
80
5
260
212
13
493
269
266
628
78
206
106
126
12
10
56
57
179
206
72
48
82
74
37
97
109
161
14
98
176
327
74
669
4
245
336
80
247
756
440
227
50
594
1016
290
94
90
259
359
370
149
259
291
12
108
267
315
121
367
147
190
137
49
388
58
127
22
90
148
131
9
74
107
219
351
42
60
10
323
58
7
9
52
246
187
8
99
346
80
15
129
204
267
5
386
150
310
78
362
68
110
195
138
4
340
117
234
139
35
41
328
58
72
162
103
7
29
363
66
1
2
740
21
54
18
559
31
318
455
89
71
36
8
408
449
32
63
38
109
8
467
51
307
56
346
177
39
16
627
91
26
599
168
248
359
245
45
91
127
53
193
48
85
39
179
73
269
493
395
78
92
140
31
648
25
378
138
43
31
331
485
412
464
112
124
218
61
10
375
286
46
139
249
89
73
19
149
85
143
200
105
45
86
41
279
151
32
302
564
64
89
326
11
619
178
71
389
14
114
385
1
545
223
88
212
25
710
63
138
290
215
244
117
648
214
709
342
106
43
363
135
164
88
49
205
161
25
143
211
1332
417
73
409
8
39
211
204
205
189
221
99
224
183
200
48
186
9
84
213
109
153
508
46
204
29
324
38
582
95
25
120
95
172
39
405
165
800
82
175
582
627
365
72
148
252
2
232
703
267
93
308
261
111
5
380
570
35
476
88
289
58
57
177
670
1214
370
200
84
80
116
26
419
47
521
160
25
92
148
163
273
113
260
638
371
19
53
522
268
92
129
25
747
170
32
23
93
14
62
4
168
110
22
184
28
9
221
221
178
411
602
52
122
68
223
31
194
253
254
207
31
37
8
180
455
32
30
298
9
40
2
23
283
115
160
21
54
178
101
107
114
149
38
351
130
550
12
146
59
126
289
538
24
113
257
35
41
280
207
16
66
46
48
41
304
144
21
103
173
125
7
283
130
175
34
44
6
132
82
134
67
125
264
117
119
138
60
100
368
30
40
50
50
130
202
289
383
291
37
5
98
270
22
446
449
66
636
467
36
135
159
225
183
328
18
154
323
41
608
21
48
2
88
26
366
317
189
175
151
65
60
40
255
675
253
53
45
332
271
52
310
1
81
509
110
164
95
74
216
289
256
69
824
11
410
112
701
115
16
176
247
20
719
351
138
34
174
103
61
84
280
37
212
147
498
68
81
282
60
164
88
952
15
48
43
500
150
137
66
31
160
568
202
54
3
197
128
310
1090
59
65
3
82
118
86
5
28
10
55
103
125
338
15
18
19
78
49
52
47
104
67
25
35
9
459
233
35
649
56
343
388
382
318
507
528
138
74
613
96
239
104
125
359
77
344
257
129
70
293
168
473
607
82
9
195
134
113
105
71
546
58
222
211
133
250
32
13
132
337
51
234
631
113
433
71
7
129
14
143
6
507
138
237
214
203
14
55
23
140
78
105
92
311
52
124
213
62
258
89
65
878
49
214
286
62
171
426
200
269
270
16
199
17
157
272
277
54
325
504
572
266
77
162
322
800
381
643
19
6
223
155
128
317
306
133
60
45
106
239
148
37
359
204
116
964
45
78
42
4
83
34
60
20
62
467
135
329
92
109
258
529
659
108
97
10
55
650
346
404
54
630
340
34
481
64
1
285
523
307
207
250
52
7
153
422
874
250
107
17
16
243
258
54
159
448
9
101
95
130
10
57
407
680
89
575
1206
201
21
340
36
178
142
466
134
56
127
274
69
82
63
126
263
62
127
162
85
721
45
84
120
3
266
218
20
27
237
192
182
728
245
599
72
66
441
1
191
12
807
233
552
48
127
127
171
35
163
372
54
275
80
52
41
30
507
301
217
504
23
21
225
31
8
67
255
138
194
66
168
86
48
9
221
432
33
116
74
6
327
103
17
104
188
54
297
5
377
184
70
563
174
37
220
175
148
69
281
737
56
363
296
175
145
133
42
848
36
168
21
24
58
412
236
51
618
100
425
113
810
134
230
401
359
112
130
79
324
305
248
157
6
198
28
338
126
11
38
56
17
447
177
54
31
55
412
174
899
172
204
250
2
29
133
127
70
86
132
1
270
501
402
26
650
119
1
241
390
22
61
127
41
70
427
356
641
357
95
580
12
140
208
346
356
175
80
191
24
52
149
361
110
45
126
257
273
535
51
132
243
87
15
178
136
138
164
496
100
79
552
420
51
261
723
72
169
48
333
63
34
47
489
204
32
128
256
124
321
166
22
1
53
393
40
184
261
15
220
22
87
268
58
8
62
217
35
67
167
285
138
131
2
68
113
348
115
520
342
155
63
223
105
235
455
5
30
189
83
111
253
184
695
112
784
37
233
159
46
139
96
69
504
102
789
70
78
101
7
20
473
58
3
110
96
173
91
178
125
336
135
340
237
47
179
22
291
25
247
131
180
65
309
50
175
63
20
475
74
592
431
378
23
830
188
356
262
67
149
204
208
137
13
85
10
77
306
331
48
345
63
100
62
150
308
76
631
110
19
209
171
225
39
108
140
52
88
281
202
5
131
189
30
9
216
602
242
505
82
560
440
76
5
14
199
292
180
222
133
70
113
424
298
90
72
89
35
165
63
447
274
186
164
65
91
527
185
111
9
182
57
53
84
251
85
25
171
22
205
268
170
103
71
336
7
97
409
175
20
211
19
314
39
112
72
282
253
258
539
101
534
148
275
288
16
57
81
5
118
52
175
73
182
91
179
139
579
253
256
84
75
62
61
365
141
136
129
143
166
20
105
82
236
126
65
640
172
50
317
18
14
116
69
143
473
443
525
364
168
522
466
52
293
61
650
63
318
97
12
86
52
317
140
167
27
315
135
177
68
9
63
123
254
194
390
355
339
312
207
167
114
38
232
41
102
181
18
33
167
69
57
108
4
227
107
57
134
123
65
284
197
48
1
32
36
59
179
19
189
626
317
62
157
47
164
137
23
74
54
107
328
826
125
48
43
234
13
98
146
3
260
518
760
77
681
819
197
108
4
118
156
97
34
92
89
95
53
306
282
159
274
336
745
365
86
171
1034
402
15
356
108
182
36
439
240
12
378
216
321
293
432
108
353
35
50
31
343
197
198
4
43
157
218
649
1
342
281
228
199
84
323
65
385
624
26
312
24
46
12
244
374
173
35
380
219
122
44
243
81
135
447
147
49
196
280
74
69
132
283
12
63
85
78
60
702
108
86
25
141
202
250
134
102
238
6
589
47
161
4
2
292
20
100
569
187
48
140
32
239
784
210
170
13
43
109
34
94
476
350
239
31
77
220
52
163
171
435
57
178
338
81
402
127
36
248
68
24
342
24
191
165
13
581
116
25
71
186
43
31
582
273
244
59
77
130
829
440
59
90
202
455
244
142
496
58
3
207
461
116
12
142
239
231
13
94
49
143
38
23
116
339
207
144
215
8
310
112
217
114
93
70
83
46
297
201
211
98
160
49
128
65
200
80
50
84
494
439
324
71
106
405
331
108
249
288
108
212
752
148
2
240
34
273
529
156
223
143
104
200
67
221
7
64
82
545
377
63
33
213
116
137
251
163
12
110
119
84
42
57
53
129
190
215
114
872
79
480
31
220
88
45
73
122
650
10
13
105
22
230
440
13
253
19
409
162
299
310
273
76
146
488
849
260
490
282
196
148
304
67
4
85
148
303
75
58
762
43
314
156
81
60
372
251
168
9
287
655
108
535
20
723
72
263
297
114
42
471
265
13
469
185
52
140
296
149
176
627
32
60
186
384
273
30
79
116
62
63
90
186
62
273
171
340
294
271
50
129
165
134
93
157
205
298
322
348
335
12
1
230
417
299
224
174
97
585
53
65
111
220
273
4
119
176
397
169
142
612
8
116
1209
88
266
25
67
227
375
247
44
129
9
287
495
55
61
225
29
288
13
136
4
21
15
125
573
66
52
39
115
86
10
207
74
345
192
35
124
35
174
64
77
81
290
275
91
24
261
332
261
31
469
168
84
101
184
498
168
26
154
317
348
409
32
26
32
229
104
59
35
7
73
87
110
218
358
105
214
352
150
95
274
23
117
45
11
88
231
16
810
422
55
329
67
116
84
193
3
42
16
49
236
18
109
141
178
681
138
264
174
309
46
133
186
32
618
75
31
276
290
87
238
306
99
332
290
568
259
187
56
14
47
16
263
14
108
1
275
48
188
530
61
89
103
670
168
51
75
8
582
74
97
428
11
154
201
194
170
53
132
65
6
142
673
15
68
238
421
367
220
353
187
111
37
423
380
91
272
290
732
265
33
274
38
146
58
74
47
65
84
27
449
152
100
41
24
223
245
221
134
261
656
260
149
402
24
216
96
581
17
220
2
748
298
263
392
353
79
270
565
6
14
110
82
1471
49
49
1
167
236
205
4
21
20
66
1018
25
60
748
492
240
95
71
12
164
43
482
61
23
34
559
61
88
15
427
65
5
47
48
177
211
67
56
81
21
92
81
54
59
22
15
126
79
63
134
93
136
25
448
70
89
125
132
43
585
7
53
66
222
529
55
104
11
397
14
101
181
509
43
14
177
136
36
32
57
54
158
312
2
183
61
658
75
348
107
83
249
654
37
1191
253
311
357
182
24
36
228
61
39
279
203
454
199
193
112
34
186
189
55
275
164
9
168
93
106
208
58
490
305
52
90
41
220
7
1
440
97
58
192
16
33
235
510
261
27
3
4
311
61
163
336
63
334
43
79
252
349
41
733
252
142
152
118
227
269
275
50
188
210
157
96
18
155
108
286
35
7
161
12
117
319
19
740
749
212
29
5
67
114
155
8
30
120
513
5
110
411
415
114
222
471
326
117
192
18
119
84
97
149
122
200
181
141
15
470
18
43
71
26
121
370
210
90
38
103
316
222
117
257
43
11
178
92
29
55
23
57
33
76
41
1092
69
321
351
104
43
57
103
275
125
8
246
93
74
81
100
90
423
521
403
220
77
643
126
127
740
41
17
47
265
334
548
14
643
176
333
52
1
26
80
406
275
37
191
12
32
334
805
163
61
73
487
320
260
142
1
398
27
212
32
411
58
109
192
165
255
824
74
114
452
24
397
77
189
413
361
217
200
27
246
113
90
66
446
531
257
144
137
110
252
971
5
380
183
45
312
154
36
648
41
42
21
62
180
16
394
134
29
216
18
15
537
204
584
72
48
181
124
62
347
55
52
146
145
132
145
231
192
61
53
119
98
99
231
24
243
83
209
74
87
58
224
475
190
14
28
313
93
9
565
146
128
193
130
145
144
346
176
411
379
51
47
85
664
206
173
206
696
150
126
185
117
86
101
94
71
328
91
28
667
57
1
138
144
19
203
53
4
208
54
52
363
30
251
149
12
65
157
75
289
67
34
189
116
176
22
220
29
40
120
222
227
441
81
463
190
103
48
448
23
118
269
236
147
504
259
345
457
85
41
11
11
122
446
155
130
75
136
124
393
257
151
268
70
97
123
439
8
147
12
234
660
114
47
220
114
256
163
10
340
186
600
60
98
27
46
163
308
185
21
453
327
42
19
197
230
377
281
20
203
198
92
302
396
154
185
5
244
473
395
731
54
160
31
319
519
176
657
332
228
57
71
173
454
160
611
180
342
29
115
191
399
28
232
68
37
105
260
24
12
12
207
86
220
95
443
1
107
84
95
107
172
277
77
176
212
1525
72
404
287
321
166
4
285
206
454
76
84
108
51
267
331
712
58
435
255
4
41
229
42
29
1
117
781
84
52
124
42
597
211
209
220
28
9
87
646
3
52
516
563
206
178
40
403
225
93
63
22
22
375
22
41
480
273
604
137
699
555
51
47
6
394
22
308
27
193
24
240
70
58
33
188
457
33
43
266
104
7
31
186
1176
159
2
534
360
370
627
338
71
46
87
3
18
30
92
123
140
430
65
316
295
430
1023
19
244
18
892
144
192
194
29
27
305
322
187
158
71
434
118
262
245
198
322
138
41
6
157
28
244
65
69
221
552
97
113
50
73
109
60
442
904
379
350
203
58
651
174
273
476
327
94
26
72
211
883
33
192
110
245
77
432
15
15
81
142
88
101
530
217
3
33
33
109
308
303
52
515
54
15
361
133
417
220
670
462
164
329
11
429
165
452
217
506
100
923
99
108
271
322
55
121
173
70
39
4
361
148
13
7
216
240
255
17
252
49
81
10
132
190
425
246
5
27
409
104
47
474
8
342
365
148
63
17
221
306
115
25
279
158
106
153
28
158
453
580
69
432
98
1286
102
54
466
7
263
93
286
212
79
30
16
18
66
105
51
218
226
39
1310
63
199
75
199
21
94
37
121
169
469
141
98
263
26
671
804
5
607
175
54
238
103
126
428
328
9
64
108
7
372
139
148
57
480
60
39
26
697
176
15
211
47
413
228
570
77
170
172
10
71
225
71
67
546
34
117
313
118
461
55
278
59
60
61
8
94
306
178
244
82
68
6
24
43
285
251
10
134
68
266
252
257
154
8
433
62
524
80
14
35
9
41
19
362
108
14
378
32
60
145
231
268
55
45
17
45
464
7
39
837
332
22
367
150
4
207
235
172
750
249
430
43
110
364
8
90
106
93
23
242
4
231
186
66
400
9
503
484
1
60
41
1
76
499
123
86
589
102
187
460
676
86
244
458
262
427
74
116
32
48
123
383
94
530
265
493
13
196
46
86
272
27
205
170
116
3
345
40
24
226
60
23
6
182
48
724
195
19
82
154
1286
52
292
283
184
37
12
115
45
178
259
429
285
119
364
174
69
332
105
85
65
575
920
495
286
104
76
123
262
78
62
595
331
198
25
494
572
109
65
133
24
42
138
52
221
32
305
277
119
81
469
148
36
289
402
434
54
76
28
267
208
158
693
351
437
54
325
39
191
309
338
156
20
60
280
115
10
50
46
208
627
43
52
258
130
316
220
110
892
125
1153
155
556
336
7
35
4
123
87
258
320
130
339
528
533
53
557
481
119
303
157
231
80
180
139
76
424
306
449
293
6
175
131
545
30
64
281
303
117
73
140
21
207
310
30
344
386
30
258
101
99
3
704
26
161
83
16
1421
3
171
292
5
352
1011
88
84
280
37
37
91
431
91
47
37
64
23
89
53
173
182
1294
742
88
49
92
10
15
347
148
349
128
22
51
24
81
192
192
146
58
356
3
116
150
357
210
35
298
502
302
3
66
347
403
18
326
287
82
109
337
8
194
41
365
104
510
348
625
654
133
168
15
237
275
91
6
136
51
201
46
324
106
409
188
197
212
139
35
29
44
3
37
162
96
338
210
185
54
300
173
29
99
557
195
66
163
86
143
260
154
139
177
112
1011
86
226
105
467
83
339
460
940
125
874
164
5
317
109
487
61
116
161
360
845
109
68
46
83
118
166
141
112
3
507
166
772
358
15
36
95
13
29
258
130
57
185
337
883
159
194
210
335
26
236
88
32
32
104
40
247
161
59
100
589
287
37
14
156
164
371
131
12
128
119
91
28
225
332
232
564
369
246
49
109
701
69
173
641
182
71
2
2
106
23
161
91
234
61
438
168
183
146
157
32
261
11
222
33
495
411
29
284
311
20
26
81
984
22
917
267
181
56
179
68
183
26
265
38
17
21
17
224
418
18
29
12
78
49
178
119
719
148
241
156
368
37
575
149
6
87
217
2
72
138
501
78
159
294
68
15
163
163
298
41
34
1
192
113
18
40
35
214
238
660
154
185
321
66
97
228
285
266
61
144
53
67
16
188
151
821
34
943
20
127
48
32
8
46
634
27
46
32
143
29
300
400
96
132
327
281
49
47
253
107
10
51
54
312
56
88
214
38
403
17
1
206
254
81
734
18
254
48
46
70
412
578
281
92
164
537
85
431
76
53
65
4
425
78
144
39
236
136
442
46
163
240
570
387
253
50
62
141
10
830
611
286
167
429
2
17
1
524
57
529
211
182
209
212
47
48
183
167
315
222
7
110
578
113
491
383
256
4
10
326
237
632
218
217
1803
122
286
16
52
216
233
26
69
407
455
430
15
144
97
13
1
60
260
207
86
17
62
85
84
209
73
309
1024
396
444
16
233
441
18
462
85
156
40
211
96
80
522
276
22
15
20
256
422
83
126
31
225
217
229
5
66
277
388
257
430
209
155
12
52
29
434
171
15
45
179
236
39
740
133
280
157
554
71
177
14
255
176
223
113
109
45
149
82
230
95
88
439
132
374
194
75
376
517
171
237
132
26
95
5
151
35
417
47
102
500
213
75
524
60
119
248
330
43
131
100
151
96
441
28
280
104
279
266
109
321
389
25
123
78
335
87
113
100
164
145
577
47
463
119
45
142
34
47
141
97
129
116
18
51
2
78
14
31
106
95
594
608
367
347
107
18
15
241
359
122
251
132
70
300
62
103
141
45
590
47
105
361
14
163
404
22
393
298
58
83
146
49
60
223
107
455
384
205
42
234
191
130
259
246
97
168
211
45
146
8
121
178
198
627
304
482
24
15
12
99
85
187
678
77
437
18
550
3
139
172
41
8
93
110
117
101
90
408
571
643
205
176
287
344
138
139
24
293
292
2
231
215
191
492
195
377
20
38
54
117
70
335
7
164
106
21
41
82
186
78
815
442
892
52
115
716
169
164
150
135
144
210
71
226
155
167
76
14
388
274
186
10
102
192
229
35
293
36
266
490
240
457
178
71
103
47
141
243
192
171
121
151
265
171
498
27
341
48
369
78
408
127
331
66
44
184
10
360
44
25
89
24
122
515
157
172
113
191
126
62
195
80
70
113
158
45
8
66
94
375
720
13
160
379
18
44
65
253
4
230
36
70
297
141
468
14
183
51
88
93
69
143
320
583
110
362
299
310
189
3
83
328
118
346
6
54
28
115
125
63
119
443
385
427
39
61
69
79
130
342
37
57
107
412
169
462
38
131
700
119
15
314
15
297
667
55
35
343
25
56
316
448
35
268
40
487
53
30
16
14
405
10
171
394
267
100
175
2
381
42
101
28
76
222
32
296
46
7
144
204
229
119
146
174
564
183
290
60
15
136
606
779
113
228
2
222
203
239
241
109
269
426
8
198
248
72
90
38
333
7
96
172
556
128
24
215
163
575
614
200
69
64
340
23
316
175
194
741
621
2
1
205
17
173
185
175
19
537
256
233
100
31
293
87
124
83
62
321
265
82
332
183
668
6
317
361
161
252
66
521
1
32
321
147
17
98
143
129
280
103
125
94
152
95
104
154
70
214
447
5
38
111
25
164
198
429
52
442
64
30
168
143
166
144
185
56
542
143
460
199
131
31
7
198
302
359
267
156
613
203
26
234
155
680
93
288
68
173
221
85
135
976
317
166
428
25
34
84
307
57
202
49
141
41
23
44
211
248
523
195
110
17
72
141
126
325
315
72
109
114
461
190
242
149
815
286
226
163
108
238
280
786
70
58
156
32
165
37
203
70
394
422
33
94
1111
145
165
411
79
23
680
91
505
123
98
14
417
196
29
5
163
148
531
46
39
178
290
55
143
720
42
679
31
59
14
145
1066
25
101
46
194
660
85
439
569
772
751
11
543
147
481
70
749
99
93
134
69
533
350
66
65
98
266
47
18
153
159
17
72
8
144
509
12
135
113
23
103
197
437
1
83
213
28
285
69
46
22
142
97
345
365
218
104
150
220
175
267
87
123
58
31
92
110
57
259
34
173
253
598
42
137
153
895
18
95
97
79
49
26
6
457
211
99
99
213
390
86
285
383
39
27
308
604
148
185
135
118
63
186
4
124
324
31
89
140
241
258
267
30
5
99
473
3
210
151
9
3
41
23
136
482
81
85
12
102
65
140
12
271
837
323
436
5
572
33
65
49
57
239
751
1294
165
362
21
194
450
304
335
222
215
57
202
23
755
97
4
88
265
154
119
409
72
505
334
591
114
321
43
42
73
70
390
101
25
92
210
79
73
30
129
12
296
7
29
88
26
685
50
525
88
20
60
321
12
42
398
288
117
84
20
41
73
779
260
7
75
382
242
124
207
12
101
321
91
240
5
69
186
73
326
112
545
150
38
49
572
72
248
48
130
1
14
246
144
238
150
370
27
28
133
16
146
126
158
285
192
123
116
62
28
13
144
101
192
35
699
151
132
110
190
62
99
672
70
657
11
372
313
679
396
1
81
530
96
289
130
3
11
131
187
86
53
97
226
174
438
67
151
395
11
40
112
23
96
101
10
430
410
72
209
294
41
58
216
145
149
341
86
382
157
485
375
81
68
411
50
641
173
34
342
13
404
225
185
29
852
108
234
26
303
104
344
361
21
193
871
7
19
651
464
312
72
396
170
256
148
188
218
258
391
2
460
233
876
131
41
739
20
28
232
8
110
702
197
667
561
343
511
103
11
1194
130
163
421
107
69
276
2
30
26
68
58
9
525
6
77
198
322
127
536
181
178
255
69
65
715
39
104
155
37
63
57
45
2
22
40
191
185
88
211
127
70
64
188
109
34
16
186
199
234
223
15
377
10
767
251
15
91
250
149
110
148
976
83
74
5
181
119
133
47
47
48
20
135
153
32
65
501
162
117
123
223
400
112
446
327
82
414
171
458
6
225
20
410
211
368
151
206
111
64
2
437
236
68
638
184
30
104
255
217
470
61
164
37
157
61
241
237
7
312
128
63
324
173
30
46
9
24
159
173
44
173
32
151
477
78
134
24
91
66
344
491
66
86
370
41
111
39
47
208
7
79
492
281
524
71
25
181
231
88
142
31
264
209
340
24
226
185
167
23
260
2
195
72
164
341
236
81
117
25
80
231
4
43
152
55
147
55
162
49
332
188
5
53
17
21
501
239
155
60
162
61
579
37
29
155
81
206
640
326
276
95
561
515
97
571
106
44
482
35
580
82
94
290
41
86
139
438
75
122
278
61
66
375
641
229
81
117
492
198
649
102
251
178
432
173
58
706
25
232
211
33
280
75
10
163
154
174
129
80
349
207
69
115
8
256
540
341
37
490
83
114
134
138
542
263
789
596
121
146
228
94
145
210
106
181
51
165
23
187
242
14
61
189
390
116
179
85
56
43
165
627
89
160
313
18
48
28
3
115
160
220
182
143
134
118
77
265
3
43
99
248
22
21
98
326
399
303
39
294
136
278
100
218
115
79
184
265
175
117
262
152
333
86
362
577
300
215
378
92
55
254
83
284
336
286
563
286
117
326
136
203
136
320
145
50
290
572
24
189
68
231
388
345
53
80
359
25
333
287
83
53
123
57
98
49
43
266
197
25
119
246
248
42
67
737
283
483
58
113
794
130
314
47
18
821
149
51
137
13
54
170
20
34
535
259
112
31
330
10
26
179
119
149
127
57
26
63
476
23
147
217
85
234
306
248
14
314
25
137
43
106
483
56
99
11
207
603
353
43
124
13
13
3
265
30
424
58
128
2
260
66
494
88
327
44
36
53
115
25
36
118
296
96
515
66
129
592
72
165
111
186
36
138
15
68
76
64
146
47
7
400
576
863
140
14
112
155
11
35
309
480
149
50
156
315
171
149
166
588
79
8
147
51
31
106
254
112
500
137
111
268
252
392
60
440
13
46
277
387
318
49
231
54
315
327
67
12
97
38
357
59
388
248
431
132
376
44
165
153
906
49
27
10
209
87
82
266
20
3
303
418
591
130
219
54
64
8
56
38
19
276
115
36
282
272
286
105
605
183
25
324
237
238
178
537
40
10
333
92
340
176
981
515
69
90
52
34
830
182
31
269
210
29
138
14
185
33
391
194
84
248
406
147
492
6
65
314
417
928
69
257
38
390
81
499
338
194
374
79
225
1
36
596
56
160
21
118
237
317
89
82
26
641
65
14
59
35
23
189
149
174
84
359
338
188
48
92
272
91
643
41
328
193
651
177
61
164
73
424
10
93
463
90
192
26
287
518
7
415
128
727
28
159
145
349
26
124
145
96
141
8
766
57
163
213
219
7
77
15
29
9
100
112
188
21
93
77
255
217
69
328
51
12
488
735
76
490
42
423
177
212
282
114
66
29
350
36
396
59
59
81
176
240
43
87
14
157
33
2
144
562
311
112
237
195
77
68
50
107
346
39
58
131
92
229
47
162
53
9
192
344
24
573
195
245
189
94
78
68
529
1096
127
146
1
12
226
9
2
57
231
262
166
141
315
276
112
61
17
76
24
6
122
446
36
370
39
4
158
169
462
143
487
116
442
57
27
389
115
63
391
683
26
90
214
400
702
548
58
1619
40
75
147
244
97
51
456
75
33
229
185
398
317
952
146
348
10
16
16
358
246
381
698
471
482
468
15
20
2
25
90
12
287
155
53
140
394
35
6
783
106
362
24
3
125
22
97
1020
38
8
133
358
235
552
215
390
107
9
139
428
184
654
142
587
9
17
270
235
352
205
128
339
323
253
27
200
359
331
90
28
127
62
245
161
12
61
124
682
609
164
86
281
485
262
212
147
50
25
60
98
234
46
97
29
27
211
103
37
73
219
152
278
26
868
333
149
574
35
29
255
341
80
270
18
170
65
810
722
117
503
248
158
77
783
26
179
35
13
113
485
270
351
42
264
62
149
178
29
651
163
208
581
63
78
147
20
228
11
463
377
375
388
279
710
12
233
63
43
209
124
108
2
130
8
363
68
3
69
159
185
42
683
43
340
155
181
59
359
330
21
7
6
149
99
276
75
253
207
199
65
74
124
66
114
77
204
49
667
120
312
495
1436
37
143
41
384
345
74
50
49
941
11
47
274
157
15
309
12
174
286
51
156
341
290
217
4
153
166
64
223
195
198
204
54
484
436
58
491
68
250
110
814
268
30
138
168
551
160
223
154
100
155
68
3
356
37
517
113
403
82
39
210
160
138
96
15
476
103
55
46
14
33
173
262
5
42
39
106
245
168
530
540
94
16
66
15
684
164
32
41
150
17
75
134
49
42
150
21
23
594
49
64
62
12
28
444
69
194
266
154
348
656
324
62
47
14
420
115
337
517
27
202
43
144
68
25
175
174
40
287
526
3
128
3
651
655
51
274
121
116
452
159
53
217
58
102
11
314
747
38
533
84
94
833
3
548
532
331
169
211
34
87
61
229
142
216
43
137
276
108
447
59
179
100
359
233
614
9
151
29
235
232
368
815
29
66
182
59
66
42
15
129
1298
1142
126
197
10
315
692
94
69
405
123
62
733
89
144
35
76
274
262
164
87
263
9
24
87
104
8
682
185
48
600
48
683
224
93
25
6
82
64
105
37
489
128
62
108
17
24
68
119
477
50
31
144
103
1014
19
245
21
428
35
95
42
8
25
8
44
62
3
194
163
10
140
106
46
255
202
143
155
120
94
43
294
6
153
567
30
29
92
176
521
35
146
72
295
29
159
474
52
503
303
45
14
48
218
291
56
123
90
13
12
74
342
22
107
209
1042
199
257
391
137
21
77
87
77
72
600
1
573
886
66
166
124
90
343
211
755
247
91
106
3
22
70
115
25
120
292
11
93
306
66
156
23
17
152
111
113
141
14
98
375
108
235
461
243
520
25
51
202
111
286
299
289
416
62
166
374
54
184
226
22
355
68
146
571
15
226
330
77
65
318
887
438
9
218
22
272
527
180
274
498
343
122
48
93
377
79
94
236
35
152
111
50
108
159
21
352
83
243
101
10
41
37
133
317
117
52
325
107
196
56
3
45
148
79
385
43
245
37
150
112
217
4
223
90
103
53
162
231
412
104
162
60
6
161
145
98
454
64
25
31
133
100
308
584
416
18
72
38
87
357
211
498
437
89
60
272
412
354
30
150
94
110
26
46
341
215
239
173
110
144
193
574
46
253
315
258
568
69
194
387
469
245
85
27
245
244
138
41
28
44
12
126
62
54
100
258
307
158
187
95
271
148
88
114
236
53
263
42
141
88
88
96
246
146
38
22
242
9
38
19
237
144
137
244
232
38
32
58
95
189
318
426
73
248
362
343
17
72
63
19
14
146
141
130
77
83
219
1093
41
47
148
126
73
77
186
155
139
103
196
332
62
184
305
69
64
82
11
463
249
196
9
62
365
418
160
127
147
174
80
11
38
422
64
487
493
133
141
89
67
545
153
5
83
185
11
442
151
137
119
16
35
59
213
215
293
91
113
64
72
2
201
186
106
172
188
193
246
55
67
208
82
200
12
23
240
10
14
14
228
29
587
78
47
175
227
72
143
285
167
102
432
258
4
18
91
217
41
93
16
30
1286
802
223
43
359
405
224
246
55
69
9
7
563
53
393
85
213
75
115
231
355
626
242
39
452
3
48
86
26
157
199
20
226
8
6
36
855
247
328
245
721
30
215
355
67
743
84
194
20
494
208
188
173
206
104
33
205
1
377
233
4
24
47
90
75
174
387
532
21
196
393
140
198
63
68
1128
74
79
19
360
131
110
599
366
198
276
401
307
183
298
454
171
525
207
392
150
407
125
81
259
50
46
337
475
152
116
103
381
325
206
296
280
59
54
425
152
63
36
39
163
19
27
236
277
98
71
385
154
66
208
84
198
421
201
410
14
864
142
46
163
8
429
62
134
364
393
234
231
59
90
208
69
99
622
69
319
100
351
229
224
118
38
140
162
13
233
119
130
61
106
186
25
272
183
220
136
191
432
85
30
333
111
324
32
283
60
126
31
106
173
10
165
54
40
30
63
52
269
41
723
179
43
55
96
26
545
70
168
560
1310
153
173
201
4
100
206
107
25
248
13
96
137
429
38
134
477
71
95
74
278
534
269
41
848
123
9
371
198
230
385
29
816
220
152
431
103
96
196
158
248
54
218
243
24
80
340
3
229
274
81
242
66
292
71
48
3
82
204
10
2
179
365
136
250
403
94
44
113
605
69
77
76
717
485
59
161
279
35
174
509
702
113
63
132
876
148
341
183
215
160
85
2
862
87
64
34
773
78
220
162
143
41
382
71
169
187
95
158
264
44
569
32
39
329
86
22
22
194
25
34
547
1
333
30
14
166
245
94
168
115
405
338
226
42
57
25
102
101
431
104
16
65
331
644
66
118
272
130
371
33
42
42
101
13
916
144
55
1050
906
149
489
193
362
381
69
153
169
79
155
290
11
8
319
19
397
15
526
38
258
157
35
3
17
71
810
204
455
372
29
142
69
388
4
192
17
444
108
310
381
170
324
11
200
613
30
218
282
64
131
212
7
351
51
121
338
41
91
136
4
113
183
72
272
250
183
5
169
286
79
408
21
186
247
115
367
57
164
96
23
122
3
105
427
119
108
12
95
200
508
51
71
36
243
534
121
152
21
65
282
416
146
8
65
59
141
542
91
186
264
623
141
186
80
310
579
27
86
278
255
149
284
63
36
153
264
67
135
372
221
210
158
57
247
452
80
119
33
107
89
77
162
123
142
321
552
1142
93
35
373
342
296
368
237
502
141
195
42
184
464
65
42
63
79
132
358
99
36
49
79
174
118
62
31
70
205
47
17
17
301
122
593
416
111
209
63
73
225
23
321
123
237
156
58
22
570
304
9
334
217
220
112
928
254
491
345
49
103
21
243
519
57
144
508
430
156
24
273
103
141
58
140
302
377
123
37
617
252
538
249
318
220
4
174
8
271
82
33
77
58
353
134
62
82
109
57
33
603
134
20
5
69
512
125
358
75
525
750
133
115
79
112
78
1011
169
191
669
156
41
457
8
193
381
342
224
13
388
194
79
122
28
4
362
314
173
12
53
1664
608
111
43
89
560
1
245
112
257
19
384
192
255
11
36
482
251
332
170
508
22
660
103
343
131
514
85
57
62
432
520
323
197
770
106
46
86
125
194
256
686
65
200
552
308
344
340
137
12
69
51
408
6
107
254
306
17
604
454
88
201
288
50
168
29
356
81
39
255
12
16
181
443
38
15
554
348
199
128
249
190
326
267
83
22
80
629
11
164
604
233
68
494
260
277
26
284
437
841
521
340
57
108
269
38
132
305
149
410
27
556
401
48
194
13
50
94
66
31
72
208
137
279
229
581
7
141
60
413
297
55
181
1009
255
86
336
175
206
53
15
162
38
95
54
297
258
890
436
140
14
205
38
35
410
706
210
33
34
340
265
593
358
338
302
45
96
473
118
961
321
251
108
20
380
69
13
76
341
36
38
263
235
37
65
4
19
15
290
158
302
89
66
158
28
63
159
736
85
131
53
89
345
97
415
75
125
149
166
576
79
13
93
463
101
304
44
50
417
192
16
274
346
31
181
78
119
2
116
123
649
315
266
269
71
51
52
190
153
62
508
399
99
3
63
118
196
420
131
416
227
5
20
640
107
154
85
5
67
66
124
96
306
506
136
66
151
15
256
1
317
10
67
93
402
42
21
99
10
46
210
39
216
157
328
849
459
55
36
137
392
38
19
14
179
65
2
51
157
185
16
16
47
277
299
390
83
182
168
88
160
371
42
106
244
66
217
50
377
73
215
227
24
197
61
113
96
195
275
472
18
84
129
6
604
178
131
328
22
21
395
163
56
53
161
639
107
38
174
209
10
26
103
183
242
108
102
827
92
13
34
282
187
210
171
205
108
29
123
316
38
101
196
326
119
31
37
72
24
2
617
385
137
112
541
97
1444
37
96
361
887
8
204
71
71
266
139
71
50
67
265
136
67
7
707
138
246
238
112
2
360
110
205
3
110
73
290
58
22
85
161
230
448
84
173
32
12
213
367
657
43
72
73
222
449
100
134
201
310
87
237
271
85
431
668
446
63
38
95
145
349
60
268
341
623
24
76
4
138
72
216
47
99
297
28
41
38
248
52
324
220
500
71
60
25
250
258
390
236
320
49
173
239
14
51
28
62
350
38
246
639
108
134
44
16
207
32
820
3
14
250
41
159
158
153
107
84
15
41
399
172
70
239
567
701
286
293
20
29
73
110
26
138
175
78
223
272
44
59
26
5
94
543
165
373
260
227
32
581
675
15
125
4
26
47
45
190
42
181
308
18
250
80
57
431
52
200
920
21
11
78
265
153
103
87
72
45
72
662
138
162
56
182
320
81
14
22
8
76
6
102
416
405
165
23
38
191
196
87
19
15
42
42
12
180
280
446
93
126
120
182
186
148
183
111
187
13
66
245
56
132
338
83
195
120
242
603
16
460
435
435
141
326
487
217
109
659
426
621
79
255
239
279
233
504
169
241
51
604
56
73
228
56
505
11
431
3
82
4
53
222
715
24
91
217
438
146
55
29
17
105
76
59
483
170
15
154
153
6
170
799
315
37
79
115
164
203
23
643
1097
114
2
171
231
93
100
52
25
139
8
73
134
173
20
176
73
38
36
429
254
131
38
84
21
144
55
199
316
217
82
492
171
71
394
793
222
128
467
71
556
79
108
104
19
65
1033
115
115
198
131
41
42
188
29
118
224
158
171
22
150
36
46
252
71
223
86
749
109
238
330
462
10
223
18
14
243
298
610
290
46
962
191
98
394
112
37
504
98
114
176
394
142
211
586
111
265
180
25
92
61
314
188
64
129
43
362
215
2
332
137
267
384
67
62
35
134
109
170
190
115
74
190
193
79
22
97
77
325
13
484
225
97
762
104
404
183
143
165
59
143
180
273
268
700
134
51
419
220
154
56
180
94
65
20
338
108
608
543
445
288
11
167
31
318
564
432
91
30
47
57
213
169
327
106
95
134
165
92
210
371
44
220
32
20
106
165
188
13
26
188
399
50
140
2
266
93
359
82
217
35
378
669
94
99
179
330
130
227
112
226
70
73
69
524
300
352
277
204
414
95
915
3
37
25
78
61
29
337
67
203
408
14
622
446
208
3
167
359
18
36
784
50
87
40
40
240
47
35
74
10
47
83
105
86
615
271
98
118
262
228
95
60
78
190
5
70
112
80
340
855
123
473
18
35
18
119
232
58
97
2
14
179
501
279
236
104
182
267
159
293
209
91
230
63
169
450
146
149
100
14
454
88
17
48
167
281
124
505
23
118
123
208
670
41
9
63
201
168
233
16
191
154
258
22
52
79
97
87
404
9
521
324
351
195
212
261
52
89
41
61
47
271
343
229
526
350
80
100
134
343
8
18
94
32
144
852
142
231
281
291
130
100
32
636
21
14
20
121
363
106
222
775
51
42
13
15
364
187
57
125
777
266
220
110
174
20
68
554
136
43
435
62
250
49
413
320
223
163
156
257
29
122
10
110
382
112
1
23
160
252
856
217
73
131
352
23
611
634
9
262
193
69
47
77
501
56
217
112
729
164
86
49
340
27
38
302
62
243
229
117
436
114
121
5
27
339
865
132
41
110
135
747
315
3
91
270
102
73
298
320
469
28
19
662
168
31
188
20
22
369
85
12
204
29
64
107
168
22
351
58
522
61
12
30
98
855
50
234
112
78
45
244
351
518
167
80
6
80
214
55
129
64
129
65
169
67
311
162
55
66
58
122
337
83
453
145
56
115
390
220
58
75
203
306
173
42
304
6
327
183
77
583
625
3
284
306
104
120
14
2
47
455
96
130
117
192
415
59
223
40
173
146
18
96
144
147
124
283
714
25
133
649
78
303
180
224
23
179
374
68
435
38
2
19
163
9
95
33
173
86
122
197
463
113
24
265
666
55
57
14
177
998
192
145
24
34
457
125
212
12
163
157
278
71
211
178
83
52
32
18
75
198
368
300
168
569
131
219
388
23
39
32
70
104
253
122
390
78
389
42
270
446
39
13
419
130
188
251
141
119
61
220
22
295
159
53
152
519
74
168
290
31
636
191
779
114
64
16
116
97
507
53
563
31
72
304
46
207
349
99
11
124
42
52
234
72
287
39
736
185
235
517
886
45
299
231
280
146
272
277
124
67
2
179
8
45
145
263
99
173
252
26
44
93
92
45
154
173
30
104
69
154
229
76
157
774
64
37
552
112
159
647
56
327
145
369
7
322
87
8
333
467
35
4
92
195
47
23
347
339
318
68
19
202
73
105
36
6
166
125
16
67
18
65
346
175
69
36
35
5
79
507
164
18
142
300
51
2
19
165
120
14
82
325
47
33
164
689
73
264
54
170
536
159
248
90
650
19
220
79
376
70
485
235
119
114
174
235
203
220
89
66
7
51
333
145
239
229
105
391
30
79
84
16
134
6
287
728
30
207
116
233
290
96
166
279
3
22
218
208
239
15
80
13
484
6
283
174
350
36
301
7
163
430
104
37
559
414
153
661
157
105
411
48
313
99
237
187
139
20
145
27
248
9
67
328
30
13
38
284
18
421
172
151
38
79
107
191
247
173
71
65
21
98
239
117
5
303
235
377
426
55
90
45
47
279
130
142
134
283
148
100
40
122
223
138
73
108
356
315
114
783
68
599
113
112
25
150
300
86
474
36
372
54
448
154
551
244
28
58
122
97
271
111
9
400
465
37
3
285
175
220
694
61
249
26
452
52
326
46
179
55
219
81
319
186
65
102
394
282
113
48
58
11
55
99
331
109
16
403
12
332
14
317
99
574
273
2
167
77
451
324
49
553
60
53
400
256
31
206
36
22
157
222
326
259
440
109
380
303
673
4
503
394
33
80
927
459
151
554
52
19
1381
58
200
64
583
352
443
324
178
251
58
67
179
887
290
47
7
53
275
580
78
30
333
11
37
3
67
83
39
78
100
280
44
15
5
108
633
41
116
476
42
216
273
41
222
198
139
30
130
31
72
61
382
359
210
90
502
42
1242
345
293
221
67
98
5
92
330
441
136
123
315
567
730
24
132
7
378
31
22
3
142
14
153
109
56
331
17
192
229
312
19
57
88
173
383
461
141
384
189
161
251
453
606
211
123
73
150
104
35
41
92
37
410
141
230
120
32
392
123
135
43
84
253
385
605
274
286
10
26
353
67
187
288
372
202
199
190
13
33
48
186
135
349
295
308
161
46
262
39
418
405
137
218
677
65
54
159
647
100
112
340
42
438
187
268
269
66
75
427
317
391
250
34
455
253
382
553
470
302
797
522
372
22
836
296
95
93
78
22
23
379
134
5
108
252
116
252
24
10
729
40
148
90
145
279
82
2
64
131
372
71
63
614
366
229
36
220
433
350
99
152
35
615
143
195
183
63
84
267
177
331
272
436
376
180
165
73
355
94
271
9
58
422
1129
306
8
364
16
654
99
231
11
267
41
57
197
747
105
64
455
334
426
35
175
386
688
245
32
234
137
49
334
246
181
381
506
482
239
150
188
273
98
48
66
172
87
788
335
483
25
219
6
502
332
108
73
103
227
16
465
280
157
212
424
9
574
293
29
321
40
109
137
167
690
430
93
427
499
30
432
255
176
189
1108
2
65
187
165
76
91
69
330
75
65
147
41
17
631
103
16
424
576
474
75
119
338
104
798
121
53
108
142
38
63
134
109
1035
67
132
384
382
1
35
41
33
20
93
335
76
442
266
152
163
152
22
130
428
47
235
22
12
270
52
41
137
51
451
58
290
513
145
147
268
39
249
240
4
135
133
233
253
178
800
196
44
175
355
59
355
3
427
16
113
788
243
61
101
19
210
309
38
97
441
275
37
9
43
90
203
10
381
175
255
137
168
351
30
356
205
277
254
237
81
173
67
177
240
562
9
23
310
223
9
566
146
166
323
92
15
148
242
118
41
25
53
205
29
613
236
23
324
497
118
76
193
202
68
68
308
58
15
22
166
444
36
745
4
370
297
143
6
426
402
124
478
268
195
216
160
36
29
81
71
160
94
149
153
193
18
450
58
16
182
143
120
299
70
619
272
72
230
107
661
130
286
625
40
284
268
294
449
608
244
146
352
68
85
169
19
55
68
81
23
31
43
84
31
1142
38
116
278
138
183
195
2
239
784
451
396
78
437
313
128
38
194
300
343
187
213
69
146
161
130
183
16
3
469
49
159
171
133
19
348
365
13
64
137
63
20
81
157
108
383
28
321
2
14
75
107
368
17
26
62
638
46
324
188
22
57
82
318
404
477
208
126
169
16
21
849
61
198
107
151
420
426
314
193
1178
42
109
127
34
395
17
2
46
856
29
403
220
46
139
54
175
16
646
447
307
24
108
61
20
19
96
373
97
235
94
433
3
23
134
167
168
246
323
197
94
75
432
266
327
51
23
115
291
176
686
10
108
26
33
76
148
612
170
53
121
127
14
301
65
494
1
1428
528
318
135
53
465
201
115
340
123
54
32
41
336
3
240
173
57
145
334
90
212
213
108
33
121
404
214
235
87
220
157
311
575
300
640
31
165
96
62
113
109
193
44
131
123
475
66
407
452
38
140
365
540
186
115
306
179
3
148
55
33
99
302
220
34
288
188
483
128
564
569
194
75
54
113
159
303
295
517
3
356
119
512
102
33
40
57
6
504
138
201
58
496
17
130
19
620
84
115
70
20
228
28
31
191
108
195
357
46
18
599
343
91
34
92
485
118
261
165
141
82
97
164
307
58
237
137
52
170
166
6
64
55
524
176
127
206
600
29
988
138
72
287
348
209
177
254
127
69
166
41
159
174
44
123
23
20
38
308
731
18
616
170
10
11
819
36
326
165
23
508
482
295
354
389
65
227
137
123
96
142
701
3
49
54
565
18
245
258
107
101
556
105
140
370
9
6
25
325
12
94
192
154
229
131
13
356
32
72
24
218
39
62
45
8
66
262
17
306
69
295
68
127
119
75
221
48
432
2
166
159
402
527
230
26
196
110
86
93
26
44
27
1342
182
16
130
86
53
81
162
139
310
46
199
54
161
102
96
206
116
38
151
151
174
507
747
107
65
268
3
60
188
458
238
260
190
306
896
26
68
36
289
290
84
84
59
5
4
26
8
236
300
9
42
729
63
437
202
275
98
498
86
92
266
301
125
243
105
180
451
199
94
38
177
248
77
359
528
60
80
295
140
146
43
134
232
45
260
47
63
10
546
310
191
219
85
11
148
94
98
9
79
56
31
38
90
12
71
233
104
119
233
136
24
393
45
258
29
197
124
23
609
358
24
149
9
49
1227
300
118
308
37
4
93
108
627
323
468
27
18
57
100
47
4
62
221
13
150
74
189
280
238
212
54
49
79
206
350
39
784
396
62
170
179
274
22
249
479
162
135
338
239
46
173
56
670
484
118
12
27
30
37
42
95
284
27
473
47
1
30
314
69
11
137
671
254
321
161
295
324
287
409
204
94
177
188
84
431
23
41
91
36
122
345
195
39
39
24
45
186
339
23
106
210
566
23
311
353
20
256
83
36
186
62
236
170
298
23
103
386
89
19
25
7
381
165
374
127
143
32
1134
177
196
366
127
137
655
157
123
108
437
176
59
52
22
88
219
709
134
215
103
226
7
376
5
81
60
84
271
90
45
207
303
116
78
106
137
825
101
255
897
45
308
17
116
666
25
71
369
125
313
345
110
399
77
184
99
444
587
19
68
225
152
139
201
219
32
396
25
953
91
4
815
24
266
24
506
11
90
253
22
37
20
27
203
212
63
673
27
280
156
237
159
591
204
15
53
880
224
46
11
24
357
67
205
72
6
167
339
438
99
245
504
106
31
13
74
1133
296
6
252
40
1406
5
236
116
137
40
375
87
355
107
24
217
190
369
281
32
70
68
83
180
179
350
89
274
8
20
319
169
163
84
61
212
200
458
756
28
500
28
83
493
430
116
46
221
89
130
249
54
144
18
309
1436
48
23
17
578
48
214
162
286
45
519
115
411
18
28
280
246
169
227
36
13
118
45
79
430
168
119
135
95
3
276
166
220
81
10
82
1075
123
33
28
229
27
65
149
282
88
130
126
180
617
13
94
96
126
174
171
302
175
130
220
183
120
6
35
405
427
190
738
23
454
569
35
35
178
85
100
117
301
230
211
503
111
813
192
241
58
114
29
156
177
287
105
33
368
209
34
181
200
56
116
244
1319
94
95
273
243
169
142
68
8
120
585
155
37
189
27
11
116
175
67
17
189
652
129
136
154
71
55
165
44
367
287
114
174
279
193
242
108
370
524
398
35
122
16
5
52
176
263
232
3
345
104
3
150
48
50
76
54
200
40
44
7
303
170
35
318
87
319
4
150
151
73
687
141
84
389
214
132
3
398
18
75
478
638
237
11
23
183
146
742
67
374
209
118
469
20
643
33
110
537
100
221
126
426
190
319
253
47
122
212
129
155
531
1204
171
144
41
274
257
33
51
31
372
44
308
174
149
31
31
135
38
29
58
80
631
140
6
18
37
29
31
75
3
94
31
21
145
256
61
3
181
2
297
126
430
67
44
112
109
27
52
1369
305
183
266
351
297
182
218
298
56
266
36
406
31
169
370
666
102
82
112
21
260
480
258
4
542
61
41
344
367
10
591
49
106
199
244
83
34
44
42
186
122
47
232
174
372
535
98
74
393
44
475
21
182
38
390
48
138
92
297
115
140
142
63
3
38
192
268
412
335
493
135
219
72
370
180
158
171
381
83
40
141
55
201
586
33
253
37
331
10
554
247
320
181
239
90
191
34
9
29
69
517
726
225
98
52
4
133
245
59
77
132
665
470
139
62
110
318
12
410
486
4
104
120
63
293
102
195
175
109
132
475
69
30
40
14
158
217
49
230
380
63
490
351
104
184
22
39
32
109
69
103
688
351
68
40
12
33
1027
219
348
884
189
316
108
169
536
48
60
1282
1
52
188
130
336
180
171
23
61
125
176
92
27
107
293
375
46
316
49
81
121
79
180
393
43
57
12
326
52
409
943
183
9
423
122
47
309
50
465
458
70
559
11
124
372
300
119
111
404
486
207
94
85
211
133
1129
19
116
120
448
216
5
159
317
20
24
248
60
44
94
34
111
186
29
239
920
84
176
132
416
17
411
17
330
348
494
115
81
58
62
218
90
105
415
17
432
2
27
152
435
1209
542
116
23
235
72
148
246
21
31
238
132
271
260
22
199
209
186
264
288
257
80
195
45
58
363
17
30
259
355
527
357
273
1052
49
78
33
106
92
368
41
803
59
140
370
59
32
75
36
113
1436
36
210
669
19
398
163
161
98
312
70
397
276
70
173
418
66
112
218
32
495
18
62
378
219
33
127
572
130
308
76
76
47
93
61
50
219
68
70
415
40
10
363
171
231
575
55
25
297
278
4
505
241
183
188
247
308
195
324
2
49
123
200
104
223
43
439
385
332
398
4
423
855
18
177
8
64
506
12
124
41
173
18
385
19
4
14
273
331
16
24
95
76
46
56
14
11
104
608
90
336
124
431
394
225
10
396
8
455
357
633
447
84
38
362
317
73
116
19
90
65
201
292
242
174
91
417
422
84
280
684
557
338
107
202
81
123
9
16
19
302
283
124
184
109
289
81
73
103
115
251
40
16
102
52
86
214
277
370
208
452
596
157
144
320
149
189
5
443
34
266
108
874
55
229
1045
540
160
259
219
68
9
176
9
114
114
11
104
8
206
12
99
102
226
97
257
177
14
274
424
416
113
118
667
114
69
79
245
274
238
64
422
248
291
528
1
500
296
425
224
11
313
3
84
432
177
67
535
382
302
168
17
213
446
449
103
416
103
234
175
13
83
75
218
60
176
169
86
120
108
124
230
425
106
345
695
262
72
29
49
23
415
44
1
339
150
418
23
479
146
223
235
113
173
66
123
93
556
520
168
68
83
198
224
157
43
36
573
214
103
500
93
245
6
85
61
69
68
64
41
776
13
286
76
271
137
250
109
78
272
2
96
7
131
75
187
472
67
81
35
259
121
252
502
385
100
79
224
88
21
13
122
94
507
8
668
54
27
53
110
55
96
110
253
200
276
152
36
226
76
44
265
86
780
240
19
181
172
7
68
198
384
74
124
50
123
38
90
133
132
163
14
19
239
92
267
96
5
106
274
105
94
54
1176
64
129
28
368
338
222
723
92
15
108
40
123
138
137
117
117
110
158
138
213
226
4
202
329
475
32
34
126
137
6
145
140
183
104
93
370
58
51
53
99
918
192
542
111
4
81
246
94
74
60
659
52
217
27
190
147
43
543
15
37
40
72
235
4
287
44
412
134
128
61
133
12
8
59
508
12
120
263
110
153
283
157
605
153
155
65
66
230
165
39
161
102
158
238
5
154
159
60
41
431
465
64
5
68
46
21
177
295
70
517
206
148
257
67
163
9
211
45
48
80
226
193
21
115
147
39
87
61
17
605
571
398
327
50
243
49
355
431
127
239
465
192
2
34
140
81
676
563
41
19
171
239
158
838
68
65
410
41
27
194
358
195
432
709
68
151
1481
46
182
77
46
233
126
741
283
126
272
145
124
30
36
186
28
60
150
683
328
196
50
193
94
61
193
172
363
129
71
21
684
348
151
16
143
77
5
206
257
250
111
194
108
60
126
425
54
239
76
51
110
499
4
389
259
10
180
19
257
90
201
70
60
408
997
321
49
413
122
258
81
92
427
106
71
207
331
145
364
492
591
96
2
72
171
270
105
12
61
103
162
80
540
591
26
87
245
22
53
91
133
322
184
26
308
191
222
91
277
174
131
7
337
7
146
207
7
174
53
181
127
264
118
327
226
92
99
141
255
166
166
146
228
488
32
438
34
536
43
44
235
189
71
101
205
279
2
153
97
35
188
41
103
61
181
532
43
78
140
300
116
264
76
303
122
173
38
317
86
6
186
205
432
190
5
163
139
14
199
64
122
255
157
164
181
32
72
166
210
12
133
361
186
28
228
76
13
303
130
43
16
154
287
503
109
14
784
71
328
131
196
438
545
846
200
227
519
137
610
67
13
65
629
169
73
55
586
2
185
692
123
206
95
14
181
697
53
482
18
191
78
125
79
26
83
31
14
256
190
104
8
100
66
35
29
18
706
147
139
124
5
14
23
555
212
41
29
119
22
165
380
256
32
123
36
115
6
366
201
17
51
536
28
458
3
89
349
247
96
101
337
1032
22
124
1165
17
202
115
143
263
210
455
96
12
261
416
215
2
50
47
246
94
217
22
462
157
328
831
113
787
208
60
124
209
129
3
75
69
104
81
543
488
84
64
94
63
392
19
114
272
632
361
62
112
41
473
26
301
9
196
597
219
55
128
22
40
192
10
337
3
98
87
257
329
136
140
27
54
224
118
44
59
32
308
406
71
96
75
206
299
628
81
688
273
629
91
138
14
374
89
411
485
86
563
66
575
59
419
147
9
210
61
276
425
146
177
229
59
43
59
110
112
196
197
223
108
626
55
138
142
78
48
116
396
101
146
23
172
194
34
8
1118
188
345
958
225
217
55
122
308
466
198
142
85
673
139
361
22
262
89
10
107
11
84
15
658
894
127
321
223
116
162
280
200
252
95
500
107
1
48
154
183
31
73
8
386
272
108
356
115
24
679
41
109
435
596
465
153
517
32
9
506
99
301
82
236
132
33
190
179
337
115
407
194
412
28
57
2
167
71
196
65
69
62
9
424
145
245
228
23
85
417
190
261
2
808
9
32
287
81
59
107
47
78
859
1189
108
457
125
166
426
159
297
241
305
113
375
398
131
278
263
116
268
585
99
50
215
325
263
38
277
17
25
340
32
270
4
20
112
101
23
3
860
6
112
1082
124
186
502
35
34
235
827
141
537
194
84
56
167
83
382
40
870
147
166
119
113
7
231
135
479
91
238
166
5
15
83
228
156
459
223
66
294
186
627
137
21
27
151
89
307
35
118
308
89
279
13
225
245
4
73
871
46
147
362
28
662
134
365
132
172
102
191
119
99
8
288
343
286
217
24
378
50
71
33
358
20
366
35
176
125
669
307
188
2
156
54
88
207
158
402
87
125
32
85
189
529
1
23
24
297
100
82
251
195
63
44
96
287
340
143
786
8
199
200
180
85
17
230
184
261
825
585
123
121
36
166
115
31
818
70
48
85
123
158
225
175
9
104
246
66
233
385
99
184
52
565
101
183
283
16
590
264
4
45
43
28
117
12
73
197
540
48
44
5
632
40
37
153
14
44
74
482
110
6
12
40
119
104
237
134
36
101
43
3
77
85
34
111
531
242
77
353
64
88
86
240
685
290
87
282
57
174
462
59
634
620
548
203
116
74
98
16
379
253
375
295
9
231
38
191
163
132
71
7
436
323
38
188
151
536
22
93
723
36
109
59
47
219
250
230
355
151
174
291
86
50
33
11
317
27
69
76
48
125
308
93
31
52
98
82
211
101
3
86
20
32
3
47
11
64
311
407
250
156
191
77
34
35
12
270
221
35
294
136
288
336
8
340
387
467
555
322
76
688
101
138
509
77
13
275
80
937
65
180
209
106
8
348
259
468
55
170
49
418
20
120
8
309
8
42
80
235
876
63
127
163
67
127
58
14
32
377
392
26
4
20
220
315
195
