186
484
45
1096
65
632
55
54
291
4
11
13
271
572
6
808
37
557
284
17
257
219
198
184
496
76
117
132
113
487
109
251
370
151
103
20
73
210
202
60
57
106
579
159
259
481
218
175
153
81
31
21
173
18
47
610
271
225
105
330
244
166
84
113
487
218
1
22
51
296
106
22
90
176
96
247
274
169
360
256
335
94
106
629
110
5
302
230
105
177
135
127
497
169
233
106
181
261
153
49
50
151
248
20
444
759
334
598
86
5
935
338
147
64
237
4
500
54
362
9
509
303
58
155
184
17
284
136
30
258
258
656
116
50
100
103
15
191
471
3
11
125
70
25
204
354
85
817
244
166
185
24
285
173
124
112
61
83
174
87
60
58
154
51
1
53
8
8
191
26
160
843
85
41
200
260
194
115
514
468
97
566
3
365
400
464
27
467
91
227
450
144
31
138
31
48
1
10
581
392
240
242
378
72
230
167
185
178
97
17
50
38
151
104
263
1061
210
60
122
13
88
152
36
82
118
58
576
140
136
57
28
169
696
38
28
262
135
17
151
135
78
86
55
147
230
15
27
47
1204
283
435
88
205
108
169
7
69
433
160
1017
139
140
78
248
157
542
553
101
36
73
120
12
68
106
46
7
88
37
70
557
60
20
15
170
183
625
2
212
64
96
318
572
5
174
797
224
2
794
7
284
12
459
27
293
191
8
163
28
6
1
11
140
58
166
428
374
172
390
22
21
121
70
264
574
4
82
66
233
106
471
101
197
142
195
7
568
20
181
627
173
31
804
519
11
61
11
106
214
437
520
41
22
90
315
198
546
109
259
23
356
66
438
52
32
336
78
91
268
893
8
67
137
26
187
38
174
10
8
659
350
341
13
74
59
958
198
736
45
29
316
16
5
185
246
579
340
56
595
9
36
8
489
204
80
86
126
280
549
360
181
15
147
193
58
59
742
340
32
131
91
6
230
142
6
368
265
42
129
7
155
235
14
115
93
82
426
39
59
91
323
77
100
130
57
144
176
143
157
296
69
14
103
548
197
123
119
512
540
336
71
99
51
222
30
393
32
489
70
538
275
106
245
215
236
33
393
233
55
69
15
61
181
431
196
223
596
236
270
56
395
450
335
134
53
10
508
119
171
27
11
469
343
3
5
135
87
65
163
73
135
149
145
35
42
70
234
2
16
236
44
223
223
259
441
127
424
190
314
326
172
571
858
88
118
5
669
483
336
59
424
136
244
396
229
331
313
426
184
235
149
219
620
156
24
341
271
119
177
415
743
2
223
165
64
144
227
1
182
135
27
246
249
85
84
222
48
5
256
118
241
114
456
152
1387
213
146
470
513
140
386
13
156
188
747
99
110
171
228
52
346
63
512
130
66
521
621
8
184
16
439
2
228
501
467
537
34
67
349
544
82
230
69
26
102
192
44
12
72
245
241
246
98
277
115
194
35
64
44
288
40
253
319
328
170
319
82
52
19
38
165
16
51
2
175
249
73
145
199
107
25
10
17
34
432
478
134
109
62
99
325
95
28
38
157
71
281
233
18
139
78
150
375
253
38
127
150
51
394
59
39
149
105
240
61
3
277
43
138
92
383
56
191
27
125
26
342
36
582
40
30
157
45
6
101
125
24
3
1
282
141
61
76
227
16
266
292
113
60
143
129
40
151
299
164
647
11
252
479
70
48
359
170
413
544
346
145
31
79
171
806
28
151
109
30
95
87
45
53
70
155
57
6
317
56
453
215
169
186
177
236
328
633
38
162
260
167
150
24
315
110
8
157
434
13
19
75
85
343
21
91
43
162
58
86
90
66
132
7
87
224
347
204
7
558
234
88
13
779
51
224
229
93
64
371
67
17
21
24
150
103
107
812
115
25
368
55
59
66
96
439
110
212
885
342
147
58
381
81
156
488
126
71
68
130
22
32
71
101
268
102
17
90
20
980
14
418
328
17
13
49
105
153
192
307
24
441
9
79
19
554
166
559
66
219
75
99
81
318
197
224
301
198
97
76
11
100
345
82
104
385
182
107
85
91
136
33
234
23
179
621
327
254
54
131
34
11
224
22
260
56
230
110
119
384
9
49
39
65
40
359
89
29
428
155
579
414
79
229
235
76
93
61
92
76
99
316
10
80
143
609
6
5
185
879
121
253
398
89
78
358
80
163
395
19
37
183
534
209
23
32
161
622
331
253
25
124
169
1001
100
650
39
196
543
295
54
167
649
123
441
99
75
84
38
153
173
130
504
590
979
91
159
34
40
14
160
30
89
862
10
6
17
2
57
30
27
48
34
43
190
476
94
71
554
39
83
202
206
214
344
67
311
319
17
39
581
64
123
224
92
333
323
235
131
26
145
405
57
37
209
272
146
135
313
104
632
328
38
175
211
172
298
209
588
336
382
142
236
323
193
360
100
599
155
195
112
158
1097
149
470
159
260
598
57
52
356
100
22
316
263
534
224
300
467
110
14
94
263
70
264
125
80
125
208
144
229
73
51
26
504
36
230
91
25
95
384
263
104
64
15
317
326
19
58
102
159
82
244
153
73
150
373
223
24
276
74
243
93
13
206
66
267
41
29
253
61
115
376
47
207
105
151
165
440
72
97
37
62
125
104
117
419
9
66
113
246
51
152
340
127
13
516
11
25
81
293
323
80
98
48
123
452
140
24
539
47
215
162
105
362
49
217
82
129
144
279
82
15
290
115
57
161
79
302
12
561
237
17
469
46
78
103
420
260
188
111
378
236
21
242
9
60
89
608
163
363
125
120
172
95
180
24
128
504
241
98
142
78
242
148
106
133
43
82
121
514
25
8
84
2
103
55
172
271
908
251
151
112
60
6
566
6
64
191
15
177
450
99
49
175
29
147
317
137
299
104
290
135
284
138
152
148
41
11
26
260
164
89
303
113
22
190
330
200
250
703
256
68
120
481
174
62
22
126
198
64
248
124
937
211
193
75
206
82
509
134
92
399
388
61
518
269
12
313
33
5
36
39
41
131
283
151
183
30
15
257
171
174
126
366
460
377
26
638
823
61
501
91
191
6
4
292
225
726
2
198
151
58
50
43
77
81
10
72
393
39
384
195
100
442
91
81
386
271
6
438
652
350
80
721
276
72
146
44
359
128
244
212
24
179
344
596
16
267
100
274
159
173
180
124
530
103
167
46
334
48
122
146
16
68
34
14
57
1
41
351
72
68
258
401
206
150
58
88
142
73
252
390
116
294
308
143
29
6
16
41
78
88
390
52
507
187
53
415
42
213
39
493
14
44
138
263
130
295
30
65
277
91
305
20
470
97
63
2
10
103
270
131
151
135
7
96
41
131
58
19
53
2
2
229
49
233
70
42
162
57
119
159
8
661
44
98
481
65
51
34
315
422
60
287
38
34
26
69
206
75
267
407
209
5
151
77
534
755
52
204
106
21
139
815
242
406
106
28
3
149
39
28
186
150
36
37
175
22
190
59
39
51
14
382
68
439
567
776
133
1022
61
647
38
237
593
88
35
167
254
42
91
110
1074
16
324
30
363
72
232
73
81
153
278
14
120
30
184
2
306
319
56
98
44
137
164
191
319
106
530
59
60
464
248
130
447
22
320
50
140
57
1
609
123
88
113
102
612
69
199
1176
555
403
218
149
224
11
442
216
100
394
193
398
3
15
100
112
111
69
21
1165
53
159
205
124
141
497
92
141
131
87
2
243
202
59
73
137
42
480
16
381
109
99
535
7
333
667
84
49
136
237
74
109
533
49
75
123
82
98
339
97
299
352
721
41
119
901
339
21
16
344
195
112
491
208
218
25
77
80
19
4
84
80
25
33
89
267
77
315
33
460
25
284
114
237
84
251
68
17
551
400
142
1
195
377
59
59
245
45
10
93
276
49
162
40
77
171
25
13
159
151
141
164
247
13
436
101
154
316
109
137
140
7
143
30
293
310
35
319
9
17
89
294
9
109
14
46
316
315
206
189
136
632
68
116
27
122
108
368
168
30
118
39
118
168
585
98
85
31
234
363
278
63
120
223
64
120
33
80
147
197
52
64
54
174
265
175
795
337
32
108
8
229
74
6
305
33
149
92
54
6
60
456
1
1
93
238
85
88
112
118
166
191
1414
106
120
26
111
1248
1
263
9
705
33
172
72
539
203
38
320
39
469
294
191
129
14
56
1
512
281
101
394
107
20
4
546
372
104
147
67
219
2
147
482
346
236
44
13
266
49
286
36
94
111
526
386
7
70
212
18
478
179
11
281
14
90
333
381
415
671
566
173
152
440
48
106
286
12
27
166
59
351
275
392
895
120
63
109
1
31
198
43
225
155
5
285
46
258
236
106
61
177
288
504
145
214
165
8
9
49
40
29
62
401
234
699
148
55
306
19
305
36
66
268
249
410
53
407
181
197
16
25
56
77
175
61
140
102
7
29
99
280
99
113
151
349
392
110
559
205
227
904
276
863
114
937
788
125
335
110
725
185
20
78
147
330
50
467
85
73
340
429
1142
354
999
128
289
69
58
921
227
19
95
181
54
88
203
12
479
301
26
22
10
69
184
50
61
69
247
134
400
213
345
77
152
47
125
186
216
566
173
68
206
197
152
252
160
20
35
440
100
412
265
525
136
106
37
368
22
183
73
1481
389
347
222
74
26
57
131
152
419
160
63
294
47
417
1314
145
714
27
825
66
323
103
118
64
602
310
17
15
36
35
131
294
17
66
248
169
92
439
592
68
9
853
127
272
48
13
402
134
272
124
338
403
676
187
62
379
7
82
87
203
2
904
519
128
62
177
1
219
83
229
913
61
278
47
12
87
718
1
114
133
17
49
16
29
43
81
111
251
78
12
246
22
234
243
163
27
24
103
80
1157
171
286
580
40
169
64
187
177
62
23
50
237
35
177
474
105
58
3
95
62
92
12
180
422
255
142
138
18
66
127
43
337
17
387
94
24
7
78
113
67
84
94
692
208
30
415
37
385
97
220
311
58
232
153
39
51
18
46
22
13
106
203
331
47
81
69
11
131
205
186
161
25
501
105
201
50
29
127
116
135
72
512
159
279
290
294
82
54
53
41
545
22
23
368
26
25
63
821
778
8
403
122
251
187
40
101
100
202
54
384
4
38
40
993
285
46
13
33
227
394
18
116
304
181
558
24
303
75
75
119
93
443
33
72
96
26
307
27
204
123
139
187
499
184
221
232
277
97
1337
34
148
427
7
159
208
67
121
172
37
110
83
306
215
134
466
219
259
407
383
702
914
180
613
102
420
78
429
104
13
105
708
86
477
535
534
233
279
56
35
120
95
483
241
237
138
191
138
37
212
464
765
477
65
70
179
1083
86
256
105
31
123
267
83
101
181
132
24
198
157
454
152
10
49
20
48
128
286
106
68
144
304
25
51
140
160
34
95
60
141
7
70
136
508
40
115
12
13
387
91
262
228
3
5
299
51
25
37
1619
154
88
173
144
118
58
25
493
17
26
56
30
55
82
15
202
210
438
164
41
138
48
644
609
9
244
11
28
209
818
78
288
29
61
217
13
241
440
215
457
89
125
19
228
35
156
254
86
13
88
762
252
349
162
198
373
259
111
1161
247
123
153
454
357
18
73
310
33
78
124
76
321
20
343
310
6
180
109
245
1
318
107
529
239
225
265
169
161
11
707
50
44
84
122
179
418
28
963
40
408
322
54
5
164
46
34
39
106
179
172
633
166
246
58
193
60
102
118
123
335
160
134
8
94
246
64
166
34
55
39
5
101
86
80
42
251
372
309
13
36
500
125
411
179
412
100
50
197
15
51
113
628
798
123
273
25
228
91
119
150
181
11
131
1248
459
242
229
100
94
93
49
242
13
94
76
53
176
242
422
26
129
120
20
484
77
252
184
100
22
562
85
116
184
35
228
11
21
33
378
76
95
475
100
157
50
118
194
54
88
101
245
34
27
86
151
44
277
114
363
62
157
14
344
545
424
99
252
2
77
80
139
322
212
273
72
71
77
216
179
575
493
6
304
55
56
894
66
505
234
27
210
442
65
206
499
210
64
666
213
112
204
256
494
282
51
169
195
221
1
376
140
68
49
139
34
709
304
66
90
317
290
213
47
146
74
109
30
336
363
123
152
636
410
218
372
233
80
109
2
120
197
225
20
313
111
12
373
10
103
789
59
26
350
52
205
135
89
852
124
58
382
310
85
84
154
82
140
235
112
219
17
153
64
213
170
173
538
68
367
60
134
233
485
310
562
100
13
56
397
304
80
96
336
48
15
106
424
279
173
123
43
7
112
469
267
32
193
91
84
25
20
133
31
375
282
68
100
8
153
75
771
17
213
48
116
81
209
21
395
306
51
64
147
173
186
204
154
86
96
123
130
351
153
242
41
271
225
242
233
104
23
77
175
2
343
88
216
21
832
112
36
30
14
4
149
254
30
479
472
73
128
284
98
7
11
795
34
141
6
244
159
15
311
786
63
152
225
1
200
320
636
144
40
92
45
35
156
46
149
785
321
480
783
289
79
241
141
134
75
24
204
167
500
622
163
24
87
124
154
595
258
15
108
167
8
402
40
292
25
27
52
48
441
440
123
166
305
29
263
130
202
95
328
33
629
81
90
194
394
120
44
175
152
435
39
445
166
418
8
140
6
511
225
12
168
346
522
365
121
771
150
72
342
669
70
482
10
334
26
140
159
1020
481
430
391
172
3
438
77
132
65
192
59
97
65
13
578
28
420
407
60
55
218
104
66
96
82
461
304
85
251
383
430
116
103
111
267
321
235
10
173
188
390
625
3
198
100
404
377
15
63
149
81
56
412
80
32
736
200
289
785
54
1
391
12
674
401
94
106
169
513
619
81
7
51
668
259
29
92
47
350
280
153
64
8
227
399
243
65
560
88
268
229
26
328
323
692
187
670
136
86
55
104
69
69
89
64
226
9
248
142
479
32
29
167
36
561
167
75
59
55
75
31
214
30
924
495
12
58
54
357
30
53
140
313
350
441
12
98
254
341
145
19
450
313
1219
262
391
367
66
389
326
78
700
22
569
343
38
20
19
57
166
14
59
663
103
249
113
65
110
103
76
31
12
89
40
126
959
398
183
277
150
25
62
154
206
335
192
111
84
14
126
4
34
267
99
221
79
288
13
76
185
201
67
77
37
150
413
180
181
63
51
455
92
218
208
188
448
77
69
394
144
154
366
87
107
96
226
231
1032
143
302
180
179
389
6
392
11
299
40
76
29
253
37
266
45
12
10
837
30
30
38
60
10
37
649
270
177
2
376
171
134
134
259
109
50
79
164
143
53
60
100
135
300
120
123
532
291
327
217
355
199
57
14
661
213
181
225
105
290
19
52
24
49
44
32
340
36
281
128
52
177
20
464
240
155
40
253
93
35
103
305
6
127
22
89
158
96
111
497
70
434
170
261
70
566
23
94
151
579
81
621
41
84
93
44
54
65
18
34
36
328
72
312
40
183
197
9
314
191
52
254
11
260
405
406
84
291
218
369
3
534
247
318
304
11
33
378
26
234
327
176
202
133
531
35
188
328
46
238
244
20
158
46
13
484
391
278
230
30
64
15
123
80
3
94
198
202
120
153
19
78
125
105
79
75
227
125
87
255
238
139
142
467
444
180
107
472
449
16
730
378
75
227
281
43
361
215
165
83
64
4
180
168
206
192
1189
277
478
91
38
340
112
50
207
124
272
44
511
4
316
28
19
7
28
94
149
108
55
50
198
282
173
35
326
212
102
324
202
187
608
194
155
108
44
50
297
154
159
110
26
105
374
326
24
36
8
661
22
269
278
48
22
353
71
472
191
214
58
33
115
7
24
17
213
225
62
123
299
55
257
294
61
15
329
174
89
15
78
85
159
276
93
100
127
366
83
75
203
138
42
115
343
147
209
237
114
184
91
133
277
6
213
355
74
370
464
151
87
485
54
143
200
405
168
24
117
108
166
144
44
556
225
6
111
479
326
137
142
10
244
117
3
239
239
70
614
108
348
78
368
46
1640
158
376
93
65
73
571
150
337
272
84
177
203
454
23
95
307
194
53
241
590
14
22
99
38
555
186
76
268
49
315
316
326
199
105
94
468
143
26
133
458
81
368
451
128
181
550
122
289
70
223
22
55
239
291
180
93
205
98
499
65
15
99
431
330
7
55
359
78
387
81
610
180
243
39
34
10
66
48
2
434
362
194
200
41
58
854
30
164
92
31
115
153
81
8
3
30
28
1090
161
413
13
37
528
205
92
163
143
238
235
119
57
61
217
178
144
388
59
600
44
633
41
114
539
18
9
88
14
444
94
9
39
93
120
111
285
281
555
456
554
50
38
93
262
714
65
323
338
330
338
15
67
295
57
159
75
674
369
41
63
29
78
127
44
20
518
28
29
194
25
374
62
454
215
538
89
14
67
46
120
11
206
740
62
36
324
132
77
230
627
175
44
457
195
17
582
309
970
143
18
435
238
285
36
125
223
72
94
167
95
124
38
14
8
145
84
64
44
632
158
48
48
355
287
42
4
101
185
224
277
7
877
39
170
253
31
28
83
401
92
121
85
641
174
329
445
281
14
44
395
106
113
1176
6
111
52
738
84
217
42
116
437
94
167
15
259
146
166
171
92
53
63
232
15
321
26
238
239
784
79
4
82
1583
58
603
107
17
44
45
150
367
166
54
236
111
426
29
54
226
197
575
15
50
87
42
152
322
16
193
152
240
89
294
55
184
28
122
716
262
190
293
180
189
118
233
9
73
84
444
65
113
94
388
86
426
55
388
318
140
173
553
16
200
276
126
69
328
7
90
475
150
293
165
216
94
95
442
104
83
242
362
23
262
238
101
241
129
437
160
6
37
186
130
179
255
107
19
73
533
292
824
2
376
72
111
552
57
287
104
383
18
12
114
20
58
79
25
48
131
187
21
134
294
701
152
588
28
196
174
41
2
1018
25
218
65
41
38
261
14
363
59
9
75
365
25
229
96
361
8
168
183
10
73
149
2
83
407
183
53
942
396
539
306
47
3
382
198
272
178
114
98
233
589
53
2
364
66
110
54
209
210
10
277
46
539
175
69
48
255
182
200
127
340
205
264
277
102
33
520
206
112
156
132
55
118
61
95
40
72
630
203
6
499
145
15
107
257
45
285
584
310
176
32
88
72
138
9
327
126
255
109
444
105
205
86
61
42
174
384
82
145
4
30
17
62
117
494
88
96
3
61
261
56
323
330
70
30
305
191
103
427
80
171
372
51
106
236
95
16
49
17
25
53
114
1
281
181
431
396
12
174
274
93
183
256
17
414
63
24
410
17
108
299
81
16
44
152
195
591
8
134
324
495
228
257
27
50
377
62
136
243
429
668
49
94
115
82
367
339
189
1019
53
306
165
275
224
344
955
633
32
62
157
61
164
120
152
55
23
135
1236
25
146
120
161
32
85
67
669
217
23
80
1061
142
112
309
103
403
458
558
190
22
560
142
10
249
72
771
145
866
136
54
233
120
314
82
25
245
28
344
281
273
136
77
116
87
24
409
82
223
32
292
308
150
12
62
155
193
118
6
342
34
131
181
56
9
281
331
780
43
228
115
49
21
46
505
72
44
8
155
190
37
31
401
176
292
210
373
375
52
840
81
758
446
92
114
355
27
113
155
430
27
42
71
186
245
8
131
68
222
10
2
80
356
48
3
112
79
630
63
212
61
149
378
403
77
157
81
126
108
116
107
494
926
567
66
4
5
101
166
118
96
16
49
107
187
65
45
15
225
76
66
130
461
59
283
245
148
137
174
2
20
1133
154
142
57
79
1019
104
657
60
631
38
468
35
346
210
471
372
212
192
59
34
82
230
325
639
121
13
165
323
45
35
320
486
54
114
75
335
283
159
507
47
221
44
301
108
45
215
189
5
321
146
127
1178
196
132
20
4
159
367
124
28
517
122
211
177
12
338
176
749
187
17
280
112
498
185
145
15
119
473
15
141
69
163
243
124
9
516
91
102
414
70
49
57
47
70
54
4
280
24
112
131
73
128
310
227
32
336
180
113
95
244
23
178
1
416
72
59
46
477
224
224
133
4
314
3
51
466
188
313
76
29
38
17
80
9
342
80
5
182
124
470
145
47
2
36
6
591
171
42
119
38
162
1258
211
603
26
97
400
90
68
20
561
6
24
198
412
626
24
81
107
14
154
955
26
106
149
241
223
183
333
33
357
72
1
28
394
95
21
103
267
175
62
241
10
68
146
15
382
50
102
55
112
221
45
68
34
35
439
66
124
948
61
31
28
254
136
107
345
511
185
46
38
83
1722
810
63
280
199
117
462
226
428
44
96
47
337
129
76
29
314
169
32
203
33
56
355
242
607
312
124
164
127
7
49
52
110
474
127
186
212
423
93
5
54
557
326
354
238
82
1286
401
101
355
235
99
217
202
33
90
313
317
508
182
140
48
203
247
531
6
253
92
285
188
82
321
179
323
122
3
30
276
83
261
82
496
66
117
645
180
4
216
428
164
169
240
132
36
501
15
98
140
74
482
20
590
173
97
166
246
74
181
104
227
39
558
245
65
76
83
38
131
17
101
168
323
879
397
33
103
62
122
28
16
284
118
293
75
191
1093
52
40
163
272
253
42
16
163
17
618
110
669
100
286
245
49
216
366
757
115
51
154
183
373
635
17
315
152
400
47
221
248
28
79
187
754
66
115
77
133
138
177
115
159
234
863
841
191
115
176
164
23
96
63
166
14
33
123
91
14
113
55
232
115
67
387
19
35
61
222
469
128
124
103
109
214
20
330
256
507
210
155
703
486
65
103
145
304
117
263
206
69
133
21
82
530
38
15
389
135
312
53
162
24
581
52
211
48
187
670
116
76
145
321
222
51
151
341
154
144
9
5
3
322
4
172
986
312
275
396
716
149
733
166
246
361
102
130
198
127
46
70
95
337
253
12
82
288
260
141
110
190
203
10
18
147
766
161
292
124
113
256
257
33
437
43
147
518
262
36
13
7
350
259
141
68
107
183
395
181
112
157
235
67
91
24
229
261
71
2
130
52
23
261
191
185
170
271
401
140
78
448
443
381
95
67
137
117
52
73
90
28
35
21
172
170
377
26
371
9
400
2
218
50
31
164
92
125
7
541
84
153
6
400
62
49
269
17
280
357
59
205
37
25
107
117
7
90
37
166
364
111
158
253
176
108
90
132
522
216
60
173
60
355
36
409
165
283
283
80
100
382
10
227
356
208
213
528
263
99
421
155
31
41
37
101
49
200
11
90
121
121
42
175
210
10
146
71
91
122
57
82
59
271
207
16
27
37
76
3
14
52
1
258
124
686
151
100
59
151
908
212
78
123
272
587
63
226
85
27
134
202
893
138
437
176
156
19
8
122
321
56
32
72
7
102
246
295
104
34
25
191
103
105
30
198
331
289
173
14
95
520
629
641
270
74
170
75
244
164
296
207
128
60
321
403
510
114
5
535
149
50
539
54
895
64
251
61
55
50
297
102
322
409
5
116
50
86
71
234
170
545
286
44
225
311
171
8
23
69
288
28
183
50
164
177
517
131
19
1
385
183
284
244
66
254
31
111
26
72
301
82
10
57
208
537
251
220
267
284
131
7
140
100
72
429
166
244
376
401
145
358
120
64
35
386
604
352
2
193
21
567
117
246
142
27
70
2
405
337
64
353
106
74
7
19
64
6
54
127
402
385
126
19
306
247
77
168
106
32
147
12
303
29
116
24
314
314
307
509
96
57
432
433
261
90
92
523
28
168
178
187
163
125
202
116
177
128
72
103
261
48
323
27
291
363
204
232
48
13
110
149
124
15
1122
106
271
8
271
690
120
144
85
230
666
75
538
462
163
50
439
287
117
37
43
161
194
23
197
112
160
86
257
1
71
135
277
263
50
292
184
189
305
647
601
24
186
183
134
364
90
240
175
453
165
269
58
106
415
21
245
37
11
211
113
435
9
322
1
3
105
173
191
184
208
24
171
32
124
28
209
617
200
280
185
453
162
59
280
24
7
9
468
177
115
169
139
12
328
101
82
65
3
19
222
5
151
57
20
440
821
71
814
71
758
78
434
239
94
198
241
110
168
66
656
45
441
70
24
266
232
282
10
94
47
145
417
74
437
282
26
66
20
19
65
61
694
114
19
17
111
93
74
117
499
55
85
96
14
190
212
132
267
124
33
2
209
220
162
54
32
24
665
24
41
19
154
175
33
48
179
216
181
180
2
193
136
119
52
80
20
460
273
47
835
41
97
254
119
576
58
504
237
434
224
1
23
127
792
83
6
424
132
488
53
891
121
270
222
145
144
22
164
28
49
36
111
233
45
462
42
85
259
349
457
270
1
117
43
1
12
608
17
275
172
32
34
383
145
576
318
35
340
181
150
405
26
567
4
357
293
307
519
122
656
285
19
115
113
269
55
10
110
44
288
50
105
143
210
15
68
246
42
40
131
159
150
65
262
133
243
169
858
118
41
125
35
410
165
343
33
12
141
168
632
39
133
320
52
2
130
27
17
384
27
130
161
158
163
23
151
16
95
596
124
322
591
31
268
213
178
366
17
103
260
23
287
85
203
16
1
130
391
18
107
158
397
9
333
3
18
244
53
84
474
23
147
192
230
400
81
587
105
153
386
196
23
336
33
143
169
268
110
186
135
195
9
71
195
645
276
51
10
3
283
58
30
67
48
139
77
181
321
533
50
8
346
108
76
111
218
329
188
168
443
504
154
1114
531
628
182
107
173
70
377
170
59
26
407
322
73
466
57
443
49
28
46
169
12
76
135
64
11
257
9
116
155
317
197
14
61
258
562
223
52
40
90
140
19
186
430
17
67
26
82
471
412
107
140
122
86
241
56
66
68
19
30
78
47
119
395
65
115
31
306
22
86
230
539
151
364
247
516
206
86
67
502
97
67
1085
52
24
45
319
208
684
167
17
25
65
125
548
332
221
17
19
50
37
73
121
93
700
74
299
244
20
111
97
325
219
41
113
123
8
375
224
57
120
71
47
40
124
176
37
143
431
7
322
77
111
42
747
611
265
147
137
473
29
34
56
60
231
145
194
57
371
53
56
13
114
24
83
137
27
171
430
127
33
86
370
24
145
322
178
114
79
248
464
40
167
451
152
6
686
121
331
187
50
4
60
171
50
384
227
44
187
33
230
216
70
76
29
185
41
220
127
6
365
83
93
33
64
261
287
76
202
96
175
152
618
177
77
264
239
181
294
99
86
279
1144
152
261
110
543
287
63
7
202
108
687
16
195
102
57
120
70
329
104
476
410
716
538
10
407
637
90
194
143
32
427
154
23
932
127
98
373
151
239
385
620
289
1199
350
256
134
164
173
79
207
173
390
612
387
28
49
44
31
69
114
29
143
354
95
29
111
25
32
338
336
136
339
30
234
329
239
16
561
97
85
460
119
14
64
119
16
191
201
113
207
35
284
50
135
483
412
9
227
417
376
29
137
294
77
262
67
402
5
116
59
846
247
481
71
88
109
76
135
161
165
159
68
55
155
236
14
553
81
209
16
154
404
115
108
272
129
29
24
56
89
464
440
259
83
18
277
157
298
393
546
45
705
90
93
99
533
342
41
338
314
185
103
132
317
243
101
252
27
178
46
182
127
475
67
12
197
1
350
74
8
267
47
477
166
155
213
15
77
48
288
158
1275
103
489
240
116
59
49
18
348
39
11
41
85
55
356
148
229
18
4
531
29
554
16
27
278
175
95
82
71
347
233
50
111
99
82
282
355
279
199
85
375
351
201
375
44
4
476
289
82
177
67
66
44
322
65
98
220
371
54
346
234
618
335
6
59
277
401
347
48
48
89
17
41
74
95
7
119
256
379
146
29
196
11
340
172
2
146
79
37
144
104
297
149
57
647
57
102
144
36
217
11
799
20
674
159
55
43
292
272
36
663
189
84
31
51
187
389
174
128
220
339
199
147
4
13
232
514
59
132
160
90
198
7
288
135
304
93
16
119
234
598
137
150
658
591
562
35
71
353
443
306
54
481
15
235
807
295
184
124
147
379
173
12
221
13
181
40
100
322
26
935
3
33
51
308
180
213
212
240
30
141
211
13
559
122
168
137
233
86
220
73
185
166
35
79
80
59
396
283
283
244
146
29
166
206
43
599
186
429
290
31
654
25
503
447
312
39
229
775
272
241
462
33
35
104
238
239
270
624
69
311
534
222
61
210
271
595
181
46
47
300
184
61
47
23
20
346
438
149
350
214
89
635
218
219
571
418
115
41
204
258
629
330
14
1
41
316
163
332
632
242
237
43
81
71
466
34
496
92
112
216
60
143
82
128
216
133
315
44
128
61
85
82
64
76
101
259
656
67
186
40
36
163
122
251
684
651
219
32
130
5
240
127
16
943
14
330
557
48
209
73
267
410
303
313
1
309
62
175
26
72
16
55
111
399
732
202
93
114
249
40
47
53
18
161
51
5
154
279
445
110
156
388
3
112
121
72
56
215
21
8
4
140
282
97
76
226
356
726
54
88
378
178
432
113
12
53
134
923
81
74
59
215
180
52
502
333
127
73
118
84
108
62
404
3
5
50
267
5
239
125
24
379
131
489
196
1
43
159
139
282
197
241
24
112
5
144
519
93
150
121
102
48
369
38
255
112
380
178
568
454
82
165
99
138
183
494
438
78
33
60
263
207
43
93
422
47
33
150
84
533
501
192
55
193
18
92
129
324
326
155
150
61
188
115
71
87
321
172
133
246
233
367
140
120
98
761
80
121
93
321
78
298
153
438
117
414
578
44
403
222
9
83
113
11
126
798
479
545
61
21
167
126
215
135
745
117
37
104
170
171
42
175
393
215
378
172
357
62
79
246
132
6
78
131
557
37
630
330
33
55
287
453
194
396
2
26
34
86
20
277
13
647
45
373
324
333
563
47
172
9
49
227
278
86
859
221
224
129
50
56
301
258
224
189
135
30
296
93
445
94
71
80
182
669
19
65
358
513
129
152
40
111
241
185
566
165
783
357
188
339
136
81
104
77
643
21
88
135
19
176
419
43
149
225
78
481
202
67
131
35
252
143
139
187
652
235
37
16
363
25
12
1491
21
376
130
108
40
112
271
22
39
368
209
542
23
159
254
19
252
880
25
33
145
81
264
274
64
414
100
288
232
429
225
322
123
63
70
439
133
464
146
25
90
519
177
48
670
502
195
285
72
55
646
1268
79
102
108
697
1159
322
107
680
57
253
126
653
20
326
972
14
194
6
452
203
12
86
496
23
195
774
46
34
120
183
15
64
41
80
116
94
183
364
424
139
367
109
301
45
188
94
162
282
527
155
113
280
290
82
245
35
43
31
755
126
77
87
87
2
266
680
6
6
200
16
67
204
94
3
70
44
246
192
325
52
83
96
6
144
20
359
401
98
95
7
331
406
35
136
160
248
46
93
280
637
272
76
604
29
87
261
12
183
42
456
107
50
97
260
516
533
267
142
33
63
132
141
464
136
76
272
61
89
107
342
152
39
225
17
14
47
405
7
113
7
555
70
447
584
39
664
249
1157
131
271
36
287
102
195
326
118
50
157
491
101
306
330
196
207
62
193
210
154
193
182
32
18
574
184
185
18
116
239
78
220
47
203
86
67
192
223
105
318
105
11
315
265
79
11
200
74
116
440
167
67
435
78
61
74
67
83
273
305
129
278
6
401
455
3
835
257
49
35
599
178
140
30
4
282
207
135
140
16
51
170
148
15
160
76
42
54
27
269
90
212
42
38
120
133
193
108
48
116
414
326
3
360
51
104
164
75
559
63
151
349
264
14
15
856
18
482
224
89
269
283
83
307
16
49
160
99
152
21
1085
61
392
161
144
144
96
35
51
254
1
290
84
103
40
136
189
182
160
218
342
30
132
14
107
261
51
93
202
104
459
8
36
132
7
166
256
168
428
113
219
292
50
168
515
195
403
231
96
533
189
84
13
3
328
12
35
142
78
82
88
82
15
536
92
401
389
50
59
508
261
762
97
250
172
133
181
63
44
44
125
133
147
541
40
95
60
366
1114
190
204
6
243
595
135
44
26
208
95
24
12
122
3
62
253
66
204
158
4
20
212
74
309
53
27
209
74
187
131
56
42
1
11
174
4
791
239
650
294
150
55
14
115
6
500
133
387
218
173
1142
47
345
353
2
26
184
401
486
480
8
46
337
369
23
5
89
792
30
79
18
142
226
229
25
6
122
262
155
349
150
35
73
144
31
103
1
18
140
302
93
325
747
61
344
478
349
188
532
192
20
21
28
94
266
154
144
348
154
347
12
139
1
262
34
201
246
31
266
29
74
136
434
32
242
169
57
41
147
126
20
70
137
362
100
56
333
52
262
33
6
219
96
181
232
56
118
188
34
508
85
169
394
52
157
116
122
32
319
72
5
364
387
260
593
122
426
373
131
298
125
230
217
339
171
223
211
57
72
347
16
239
245
156
128
325
206
150
121
22
446
277
208
166
121
697
8
667
78
275
312
314
194
116
29
548
109
29
114
404
14
2
7
149
102
8
506
198
244
183
417
202
226
381
34
17
81
111
76
124
35
89
59
133
82
300
23
295
109
53
9
369
69
53
168
161
265
446
122
243
127
43
417
10
2
300
316
105
37
357
70
31
164
554
385
214
601
103
51
37
312
11
600
136
287
479
39
5
264
306
319
199
443
39
170
257
126
155
63
38
363
67
124
71
104
175
9
240
8
92
18
13
128
152
22
267
129
325
81
63
30
53
28
182
33
302
12
33
86
1061
289
176
121
47
66
74
71
54
272
183
96
12
62
132
26
120
486
18
205
4
130
257
107
183
23
99
205
164
96
482
222
376
509
123
84
97
36
210
165
232
84
565
822
49
73
163
24
114
61
208
239
1036
4
477
269
22
385
98
745
112
171
221
37
204
392
43
9
522
145
447
54
166
240
459
15
504
252
140
157
575
138
25
71
151
81
116
3
306
662
165
910
201
200
43
71
284
36
306
78
72
237
243
16
83
30
56
19
180
734
201
51
70
117
310
75
282
292
6
382
159
138
131
264
299
146
85
52
116
429
343
35
75
6
362
165
82
124
83
233
1600
152
88
233
202
96
159
356
33
204
132
181
28
815
72
130
313
36
15
380
281
158
134
279
23
343
31
439
250
517
30
283
59
325
36
42
691
16
419
37
154
53
237
71
25
110
301
246
654
127
111
300
198
30
164
148
42
82
170
711
130
63
43
100
335
39
214
233
29
274
379
371
17
315
215
264
537
66
60
30
498
73
157
82
342
26
106
23
97
337
35
118
130
234
209
476
128
1233
147
423
340
19
29
189
69
160
124
100
381
137
232
233
197
143
216
172
556
111
1
90
426
124
7
215
105
394
56
370
93
184
153
38
159
62
865
114
4
236
67
135
856
128
180
142
104
449
22
61
114
119
454
90
46
120
113
231
323
510
74
600
1
63
172
231
238
477
63
137
125
95
101
626
71
18
24
636
473
53
71
423
185
11
56
102
50
518
217
76
9
131
291
46
43
63
190
63
131
26
112
45
37
264
36
116
177
223
626
197
30
62
280
201
175
170
309
882
32
1196
32
12
88
191
31
320
24
353
244
133
652
125
141
38
3
386
11
74
140
10
120
75
117
247
18
118
88
337
406
393
152
277
99
29
327
404
158
31
67
31
3
190
9
819
30
57
53
332
189
208
151
137
140
7
142
57
911
613
273
11
110
666
67
52
935
138
74
59
231
395
167
96
302
214
129
41
163
133
99
200
136
61
2
284
192
6
92
152
63
148
111
4
732
127
205
122
210
333
191
61
393
332
36
227
88
82
370
8
176
37
104
78
115
229
24
12
438
283
103
40
334
53
470
542
208
289
43
107
33
122
80
363
662
11
196
30
38
18
177
985
205
309
155
382
66
31
391
16
2
456
80
304
184
416
158
127
33
121
411
14
96
155
446
103
133
419
371
358
290
14
848
643
266
13
101
36
606
189
26
718
62
85
48
447
252
706
158
299
321
90
608
79
75
415
179
377
142
309
12
329
283
32
36
78
129
522
497
36
129
289
184
93
153
47
123
9
80
281
599
126
135
153
11
21
4
2
163
152
244
140
365
15
404
537
17
523
12
153
102
264
672
1
388
89
68
350
345
257
242
40
209
199
257
53
30
54
216
44
288
66
85
711
26
182
475
261
161
21
64
59
129
250
202
118
66
140
181
276
102
103
44
499
93
337
176
548
143
172
138
107
6
98
70
87
36
84
306
169
53
192
144
228
26
515
311
526
25
353
24
272
196
141
62
90
238
10
286
86
346
495
422
90
3
194
2
5
174
50
137
46
193
273
281
194
216
32
348
2
117
365
21
323
67
115
122
194
9
338
149
98
15
5
58
120
52
48
153
175
80
24
30
23
11
46
171
22
285
30
53
612
42
138
100
28
142
169
105
149
222
17
279
41
177
203
34
339
3
397
148
379
243
423
446
124
253
44
30
94
112
189
184
288
28
57
117
35
285
55
383
193
236
64
469
23
12
123
50
75
170
273
46
392
86
84
10
39
207
94
46
457
4
62
187
32
415
824
66
150
389
280
195
38
12
67
9
255
140
37
39
141
542
137
109
402
58
69
736
418
245
414
29
90
52
280
6
154
434
19
154
22
632
98
203
37
163
133
335
345
71
105
362
233
807
51
177
84
269
133
31
476
193
71
414
221
21
244
257
17
126
102
114
676
166
99
484
75
357
247
126
111
33
308
26
407
117
143
260
816
134
214
25
81
565
248
674
556
2
253
216
206
285
53
307
110
148
686
163
5
91
60
371
285
26
433
8
299
425
101
122
239
144
140
158
536
17
212
159
144
239
88
442
338
284
90
1
891
4
74
296
120
132
479
94
65
186
60
229
383
248
101
747
191
39
234
41
47
66
29
86
598
52
33
166
463
70
8
19
104
177
166
389
118
88
456
19
205
86
108
59
62
41
136
20
18
41
384
416
96
203
195
235
6
4
189
505
518
10
811
207
199
23
381
45
179
938
551
185
274
116
386
9
459
105
31
44
222
174
183
163
98
18
14
137
275
355
46
71
199
153
96
389
366
315
61
69
41
59
46
30
237
74
5
112
88
76
61
65
36
288
138
60
428
102
422
64
77
290
93
27
130
27
426
144
112
49
376
240
55
365
85
137
333
264
87
437
606
242
55
493
167
125
20
22
57
46
566
28
40
63
146
508
209
6
191
935
3
66
204
21
137
70
130
18
205
354
52
947
264
43
553
68
21
291
447
76
169
687
185
284
792
30
6
74
9
69
38
61
109
55
200
61
104
2
41
450
577
13
4
104
121
62
228
36
47
20
96
46
222
1
231
123
182
138
56
1147
64
336
189
451
246
232
309
8
31
48
148
147
245
54
11
426
181
55
62
469
161
47
1347
38
16
123
128
25
25
359
131
312
230
82
126
10
31
165
8
98
179
796
3
31
27
139
197
65
86
63
609
127
3
52
37
256
8
81
256
47
377
669
5
176
79
117
266
129
49
32
68
87
93
55
207
154
191
87
3
152
201
92
131
105
233
184
65
119
150
128
217
333
78
12
27
94
707
163
431
148
200
16
102
15
326
271
420
16
342
197
118
234
17
96
10
396
445
29
222
8
53
163
827
179
67
195
1
57
26
614
380
29
78
74
50
308
570
22
206
258
180
141
29
423
9
1
79
171
36
642
227
63
163
26
383
334
240
143
386
94
740
276
8
366
112
36
161
341
160
295
82
9
2
145
58
80
179
295
122
411
60
170
180
4
199
151
456
79
279
507
360
8
129
455
78
297
76
72
38
180
24
9
343
40
90
149
555
89
145
14
9
230
32
319
222
60
71
2
50
175
375
100
15
184
62
46
10
213
166
254
353
195
360
11
114
424
37
273
75
97
78
24
37
150
5
331
31
10
25
188
99
198
186
335
217
149
249
76
4
324
769
291
53
146
203
308
792
134
33
263
119
476
56
723
93
146
70
27
47
154
94
56
118
20
400
105
222
90
470
256
147
27
174
28
13
790
36
14
264
540
62
99
102
153
51
168
222
89
180
188
7
820
15
211
440
48
234
276
28
289
209
282
72
27
186
373
743
332
296
167
112
273
228
622
40
637
516
209
159
88
294
124
279
261
515
113
242
332
88
279
10
128
126
181
172
457
144
68
178
448
157
320
66
9
304
5
306
697
264
335
627
101
439
53
127
48
94
4
78
72
88
227
98
77
184
61
8
31
750
39
136
49
64
25
657
156
39
148
36
120
276
142
77
706
55
339
60
633
171
231
221
240
107
28
20
54
4
192
357
29
453
171
56
390
130
260
198
160
234
259
55
94
316
4
146
36
77
119
36
182
104
164
26
187
122
12
17
58
100
94
178
284
97
446
91
873
100
223
439
702
91
60
481
337
106
128
497
210
390
244
43
375
123
187
149
51
204
272
49
128
27
18
103
133
296
428
88
411
730
364
356
71
124
16
8
542
383
378
84
239
317
144
78
146
10
204
46
85
82
353
87
25
82
31
350
96
190
204
226
407
446
643
2
195
126
133
120
910
22
662
19
37
70
30
140
146
46
74
587
89
30
69
72
132
390
314
454
23
225
184
287
114
155
190
117
198
16
31
587
82
381
131
507
148
262
44
213
373
229
24
2
55
377
120
383
741
58
24
24
487
592
161
3
24
5
49
196
179
48
7
72
106
146
461
15
329
245
202
215
181
583
100
25
165
139
737
280
18
308
8
115
210
206
193
318
156
40
7
145
96
2
141
56
285
53
173
56
221
8
284
93
605
42
82
123
138
84
413
260
101
122
80
75
284
40
63
121
123
158
38
156
125
343
53
132
3
379
243
187
85
284
46
191
45
75
696
242
328
359
138
125
176
737
187
202
64
48
78
70
236
101
175
183
458
52
55
237
454
562
76
323
220
27
664
40
249
582
37
776
370
219
158
196
113
296
81
310
344
182
539
178
36
250
13
12
83
4
461
147
53
315
69
545
13
189
91
352
623
114
208
441
163
266
13
357
318
1085
327
188
197
109
185
176
432
45
56
278
5
48
516
170
535
108
89
176
158
477
17
69
137
364
673
140
135
37
110
233
206
145
38
106
141
788
40
138
692
66
190
778
322
7
92
114
1
156
18
316
265
524
27
61
871
569
151
88
302
73
90
280
6
495
110
709
404
324
376
142
193
20
137
147
21
541
201
210
159
188
423
17
358
321
397
106
40
57
177
122
34
242
596
166
20
141
99
156
252
195
32
291
28
141
13
188
583
176
125
272
288
308
1
112
207
408
1342
93
497
686
52
65
569
30
185
195
19
73
280
365
210
102
579
100
438
19
79
643
662
409
577
45
542
620
160
67
164
247
175
277
30
10
99
288
12
190
18
103
85
12
7
10
391
74
127
131
98
31
31
277
92
459
143
128
118
255
125
170
169
21
1
25
404
31
378
80
3
84
134
83
70
52
181
349
28
274
67
17
44
230
48
196
650
1080
536
899
296
103
154
229
59
11
1513
4
54
197
53
386
482
281
63
374
122
976
208
70
361
79
70
50
915
119
17
243
33
243
81
31
134
9
100
128
313
303
211
640
124
182
1216
236
121
142
49
71
120
59
55
10
617
424
281
449
154
436
30
167
541
307
38
70
58
100
143
62
587
265
96
110
386
398
125
215
541
129
126
9
852
199
64
32
11
124
60
15
235
39
192
63
452
50
60
297
346
551
47
396
19
170
616
387
346
642
307
9
54
271
136
101
407
122
133
26
68
83
273
226
105
46
178
83
50
48
272
427
11
406
206
149
37
39
133
225
399
30
613
185
369
195
26
205
1140
308
123
683
106
1
137
192
266
177
759
283
234
39
25
437
439
22
349
872
267
203
112
62
171
91
337
165
349
205
143
6
90
101
196
35
298
35
31
284
334
208
158
926
221
276
50
6
92
65
185
120
568
66
174
788
203
81
11
190
385
159
40
306
10
302
58
196
77
266
210
567
410
113
457
671
27
312
53
142
194
266
221
177
147
204
18
32
363
117
44
511
42
73
761
20
55
32
121
299
172
419
82
725
56
249
135
17
190
94
226
139
417
162
165
153
325
127
112
11
10
347
194
26
231
21
22
26
46
112
43
132
227
590
387
199
86
693
189
44
69
314
112
33
121
149
214
460
252
270
116
636
55
78
155
73
314
82
20
863
74
65
62
19
85
152
49
214
241
106
103
213
462
164
236
171
291
33
41
288
302
209
70
21
127
138
3
10
161
199
361
316
4
11
79
105
448
112
281
292
482
616
376
59
306
104
7
373
78
219
48
220
22
184
141
217
454
201
580
98
185
351
164
186
432
377
389
252
54
215
37
206
229
57
294
64
410
67
84
4
258
2
208
198
102
53
557
345
296
264
18
352
38
841
357
122
163
127
44
288
408
124
132
546
332
206
366
117
236
88
409
23
219
377
57
28
654
97
319
250
116
144
6
85
19
97
171
85
299
115
148
292
458
70
18
62
41
52
170
788
92
3
46
22
544
168
191
26
235
28
198
116
81
106
45
98
289
146
9
57
95
1103
386
108
3
361
229
50
315
314
78
166
189
401
64
640
107
63
43
6
15
279
79
16
833
176
440
392
48
22
368
22
70
23
12
395
136
763
86
88
247
388
69
82
262
264
86
185
18
298
61
264
42
282
27
214
5
482
48
33
9
16
497
342
157
121
367
261
51
364
135
45
23
213
149
499
198
216
12
516
2
195
625
182
248
402
187
45
35
813
31
23
119
177
165
65
57
113
282
24
223
274
386
58
58
31
480
99
323
482
89
310
88
15
59
120
490
5
237
231
48
25
131
10
51
2
105
76
191
35
45
169
475
59
157
673
140
921
40
74
83
667
164
5
96
21
683
176
215
99
212
12
18
83
437
286
280
540
115
283
592
128
107
29
178
29
912
305
75
179
483
239
511
148
74
113
115
103
287
291
103
84
21
52
302
104
393
141
5
37
677
97
210
530
131
73
695
94
789
21
51
11
148
9
357
140
183
300
674
100
31
52
44
132
778
20
98
306
269
1
185
271
219
589
47
325
79
10
455
41
206
68
431
46
65
73
551
9
295
322
143
47
123
222
229
198
183
139
20
216
247
121
217
462
157
38
47
18
256
316
336
825
118
230
5
182
67
498
242
139
141
47
243
240
465
62
21
333
183
65
41
581
322
144
639
24
607
271
82
134
67
123
280
111
45
182
127
137
135
296
41
120
350
222
62
115
144
211
66
68
667
47
7
61
433
77
384
12
178
78
88
118
128
105
85
93
15
72
32
425
238
55
8
230
22
360
5
247
37
559
210
152
6
13
22
631
229
126
69
206
137
154
31
21
177
134
333
461
161
10
14
124
153
33
143
48
10
75
439
150
179
243
52
55
122
165
652
20
275
6
339
892
12
807
209
78
299
2
678
77
138
9
84
215
135
330
115
64
254
229
404
192
88
897
198
75
64
106
62
120
134
155
166
115
1369
52
547
243
6
279
51
32
19
127
38
191
439
870
58
74
144
137
13
111
404
75
12
436
362
63
286
152
33
2
62
157
101
324
33
157
40
664
176
26
398
132
388
42
461
527
808
990
40
63
220
25
98
213
75
75
384
301
70
162
350
485
57
19
217
48
151
403
467
91
208
44
239
45
307
633
155
84
58
48
321
137
710
170
2
128
311
33
93
155
321
123
121
43
110
15
164
518
108
109
258
30
183
163
332
248
116
51
216
104
64
15
330
195
89
102
229
227
130
43
305
27
75
461
328
61
73
243
42
98
54
217
2
560
53
180
290
15
103
1255
667
288
386
457
780
17
73
488
42
221
639
116
345
17
607
60
143
1
1128
110
1041
1347
144
297
636
449
504
503
128
75
83
4
1306
153
102
54
114
60
95
35
36
71
106
25
170
491
567
194
7
288
45
418
297
32
396
212
201
181
203
93
41
110
4
271
33
73
460
367
201
147
56
443
16
452
182
218
122
23
179
327
231
92
48
571
214
38
1131
508
520
21
589
1015
136
91
73
82
211
27
597
242
97
44
216
179
57
59
431
273
55
22
74
84
193
21
480
248
27
99
255
487
173
570
3
14
83
17
31
236
173
147
263
3
360
179
131
120
361
206
53
55
7
77
179
133
354
252
302
134
1078
18
534
230
38
26
178
14
2
124
173
111
379
130
4
45
132
669
206
98
382
312
41
56
69
31
7
45
36
117
446
324
116
143
194
2
29
21
4
250
26
96
285
392
53
124
42
449
35
165
43
7
31
460
436
16
339
532
78
40
73
737
502
103
655
439
415
94
270
342
56
526
212
226
494
9
79
101
45
616
12
174
60
270
104
206
18
63
276
1
55
348
304
129
26
59
109
105
413
1
22
229
325
387
502
35
95
274
177
229
190
122
233
46
15
174
37
35
21
175
170
210
216
62
671
171
86
155
2
52
439
340
39
166
345
395
171
184
165
119
75
40
174
234
527
168
576
85
340
11
398
893
26
30
161
85
16
94
11
218
63
131
69
127
294
326
5
150
194
277
855
89
202
53
378
38
929
310
71
156
173
104
449
227
167
233
745
197
38
116
66
57
18
59
153
80
150
49
258
213
104
77
61
101
156
203
283
198
113
577
202
101
145
285
73
13
110
140
19
100
34
335
218
28
231
192
40
130
548
17
360
62
191
847
19
45
384
221
55
3
32
19
165
385
157
29
324
295
163
278
32
206
300
1271
115
94
205
186
409
258
81
32
389
182
67
105
63
30
56
14
340
138
98
54
292
175
108
2
232
211
37
166
132
21
198
721
109
59
408
50
87
180
450
198
440
23
312
45
232
67
52
9
193
125
264
94
10
669
266
81
382
297
333
10
155
44
31
40
6
64
199
114
123
79
206
49
195
128
382
628
79
114
34
63
88
148
26
123
65
22
565
151
310
109
93
65
374
20
183
152
66
30
150
42
26
434
117
13
84
178
154
53
63
23
54
466
82
136
346
108
115
339
78
136
171
21
19
69
6
218
27
106
302
311
141
98
90
604
1640
311
523
170
57
160
232
156
142
162
125
111
124
30
182
208
2
171
435
151
158
22
329
141
228
221
255
95
385
482
70
512
409
136
378
277
269
105
367
231
395
74
53
172
1042
135
508
381
736
185
1076
213
217
231
941
534
17
194
460
65
48
187
29
500
120
265
39
227
23
63
20
48
7
253
263
113
264
71
220
105
9
417
289
204
244
998
134
706
726
12
243
15
162
68
41
297
758
157
165
27
313
167
455
145
179
330
208
232
79
91
41
3
399
34
209
393
68
568
71
95
399
54
24
173
47
271
371
10
155
108
62
17
170
241
320
243
639
14
58
61
289
121
499
17
613
226
240
493
90
108
144
193
19
419
238
347
355
253
184
1
12
78
30
279
173
9
115
186
103
122
110
71
99
74
105
274
215
31
164
195
52
63
78
428
365
40
198
11
116
557
10
210
74
240
189
168
66
518
159
295
5
103
192
33
422
200
68
391
38
253
127
4
151
79
1
16
30
329
219
263
96
20
386
233
468
120
259
37
135
218
632
125
303
325
458
99
61
21
67
957
150
10
60
88
59
95
545
352
392
438
37
157
89
372
325
160
73
590
24
110
92
151
178
223
124
6
501
335
470
87
48
114
189
55
88
23
258
41
175
131
256
5
17
100
105
338
282
98
335
8
836
106
108
294
123
21
245
471
508
113
148
1
957
44
31
403
300
702
194
128
144
20
67
67
580
103
497
186
225
14
171
6
37
115
130
182
224
35
1216
272
276
130
37
200
198
1
237
767
30
381
632
580
95
122
596
47
465
482
190
300
191
39
173
243
15
4
272
44
115
2
218
75
355
103
56
314
50
72
224
19
205
424
21
62
517
14
684
318
228
130
168
402
257
4
216
74
235
450
274
249
10
137
408
386
44
407
136
1298
684
59
83
40
20
105
273
16
1
30
113
151
185
427
44
94
56
192
138
164
200
5
90
63
439
45
201
17
127
295
1
270
34
276
311
243
428
1121
585
684
159
192
63
87
178
26
60
299
142
253
188
208
17
176
333
626
121
112
331
36
390
48
47
128
37
98
681
174
1
115
21
149
178
35
63
225
32
105
392
142
596
304
90
51
350
692
215
355
76
42
21
284
39
146
421
193
132
133
216
45
6
264
536
67
58
29
10
96
98
40
118
770
19
894
668
107
56
315
335
497
32
49
10
732
346
53
30
170
220
19
138
110
31
23
151
284
282
205
16
340
1
19
326
169
158
55
127
333
74
437
149
48
250
695
9
103
317
25
118
239
97
601
622
170
24
1216
76
111
107
137
216
329
69
1
16
196
6
33
296
129
176
74
99
226
414
193
77
19
229
33
187
78
101
162
87
118
71
15
12
265
198
51
626
202
30
4
263
123
84
12
191
546
53
77
85
56
174
11
587
164
220
154
300
277
160
20
375
73
215
47
399
22
462
17
654
13
4
118
183
88
98
4
172
43
1
107
227
341
427
435
382
329
151
236
118
56
314
131
119
437
272
139
43
482
350
7
147
74
3
327
368
169
33
323
19
250
58
71
3
62
496
118
317
69
202
60
121
9
36
86
1
100
239
64
365
146
19
297
75
15
309
379
696
78
256
475
110
114
484
461
78
112
502
302
97
544
614
18
761
89
315
12
46
136
60
11
587
57
130
244
409
143
184
157
362
321
66
157
236
284
147
91
492
23
49
211
14
31
9
59
159
88
478
221
180
79
286
185
1
98
387
614
168
61
75
15
204
37
21
206
388
166
47
12
121
18
54
160
31
297
11
11
7
41
356
750
158
138
27
445
364
45
45
91
193
110
92
359
497
158
156
381
252
42
237
161
558
23
132
227
275
37
259
1171
204
610
725
135
68
19
416
25
196
499
168
140
18
166
333
122
163
8
15
155
506
118
71
218
252
425
170
631
399
27
105
341
528
274
372
115
439
208
26
227
419
265
26
208
408
255
66
299
307
245
56
315
631
192
519
103
129
20
47
7
77
510
7
126
323
188
9
286
60
40
170
49
124
341
22
322
257
103
2080
385
39
175
245
108
36
119
18
3
57
100
41
59
302
71
26
23
139
166
62
28
34
39
150
171
173
73
391
228
54
175
323
692
205
224
45
548
248
35
409
595
106
104
101
250
286
123
321
29
189
181
73
510
38
177
422
345
303
71
352
260
364
246
21
192
118
589
166
180
196
114
733
442
231
248
343
45
194
18
302
32
15
216
7
57
286
353
26
56
624
406
156
21
338
233
464
144
42
85
255
86
293
113
230
262
29
409
155
54
164
80
93
704
32
230
116
499
46
318
79
84
85
13
194
219
69
473
342
180
338
302
240
433
384
293
411
176
37
107
257
10
194
319
130
213
124
163
176
131
199
371
40
373
148
438
310
6
51
48
10
2
195
26
191
184
112
158
4
306
154
354
204
183
237
175
178
122
780
31
202
43
4
323
572
236
108
79
385
137
113
521
96
29
56
51
227
190
447
77
40
424
82
177
207
162
144
54
324
394
2
64
378
6
40
649
133
9
70
78
258
22
167
360
46
161
210
451
43
285
133
26
5
207
1
25
43
75
210
299
318
167
43
276
173
231
306
19
60
66
288
316
103
182
27
44
140
18
38
518
164
181
69
119
326
14
79
337
355
745
150
240
379
135
150
81
62
173
81
110
76
1
303
198
722
120
119
264
370
275
127
14
63
100
53
63
91
87
112
12
45
96
105
650
357
294
88
292
121
370
39
214
72
5
207
226
200
382
258
205
101
317
163
7
468
33
19
5
32
528
301
40
7
14
102
998
48
289
87
283
295
80
142
672
121
96
1245
290
214
246
779
175
516
236
307
149
32
170
126
189
42
117
43
137
34
74
120
236
9
10
158
742
582
188
90
882
185
80
351
230
110
205
19
235
305
26
380
43
295
20
355
105
25
282
354
64
136
18
89
110
740
106
73
14
320
709
196
358
39
83
124
43
102
1722
292
167
502
831
317
223
206
395
132
60
33
607
43
284
12
22
285
4
61
404
85
206
56
111
3
16
43
23
170
5
32
374
172
64
419
105
1
161
257
274
167
127
24
81
26
37
657
308
30
309
268
211
252
67
67
240
22
288
61
157
40
409
78
649
499
88
315
259
45
103
14
81
15
346
104
109
331
230
105
64
341
137
364
47
345
155
6
54
71
106
180
301
208
104
224
375
9
338
101
140
125
283
343
519
362
169
8
596
311
122
236
110
704
99
178
48
105
527
219
46
393
1204
895
34
223
60
10
256
8
29
3
146
46
25
52
161
153
111
187
426
553
185
46
341
188
39
189
159
163
555
134
133
435
780
369
57
74
7
96
149
373
57
163
287
41
605
195
603
233
172
73
100
129
49
111
281
178
7
26
77
244
5
416
230
78
65
30
363
596
75
241
483
55
170
158
121
142
245
114
177
217
227
484
414
660
87
559
58
191
189
514
384
197
188
74
25
595
65
125
530
80
197
30
60
370
929
17
6
193
308
42
205
219
385
332
578
76
8
107
8
52
5
111
237
115
19
87
350
103
366
957
277
149
135
468
217
27
384
388
30
74
169
140
2
277
239
704
115
300
62
192
169
339
384
192
186
185
350
223
169
34
69
135
267
668
98
77
537
100
770
38
214
251
103
18
75
335
63
648
102
587
1444
104
5
191
35
20
166
533
33
6
352
150
112
79
162
107
282
304
185
323
213
491
223
75
185
267
432
180
21
564
22
290
39
263
68
239
122
7
297
168
89
63
315
225
144
120
17
819
5
317
516
87
204
165
136
518
121
91
306
225
41
218
8
144
234
207
710
835
271
49
212
2
257
83
97
189
66
109
107
28
167
614
403
424
34
41
210
253
46
608
305
134
1064
129
487
340
108
67
104
55
129
3
363
20
131
66
52
40
535
94
413
209
273
575
25
16
452
122
439
45
17
179
94
72
126
77
211
210
42
426
203
15
174
98
41
1
358
51
229
16
30
11
965
231
424
158
18
126
6
203
39
52
62
123
295
52
1
260
103
78
344
293
114
524
123
454
292
60
639
101
337
363
8
309
150
256
62
202
443
111
40
173
237
996
526
350
465
52
132
357
150
137
18
91
65
23
715
238
429
263
1
25
109
370
55
140
120
180
34
40
97
37
121
265
374
9
43
14
109
23
56
88
188
38
259
42
94
270
123
151
9
202
15
319
1
77
345
256
612
127
309
56
28
282
109
31
59
59
33
199
232
142
20
188
120
235
123
370
207
341
257
268
736
150
57
595
311
81
80
162
119
406
88
786
103
20
24
118
288
393
407
17
315
512
78
142
15
275
660
8
263
36
7
59
201
73
175
38
261
314
298
245
167
212
5
205
46
517
8
405
111
114
98
14
157
230
222
161
246
93
448
166
1106
118
29
184
41
48
20
36
133
123
206
131
33
6
536
169
61
374
39
54
149
435
242
78
125
691
89
369
344
570
406
75
146
39
53
473
4
366
293
246
116
531
433
295
64
154
41
45
2
69
680
690
162
132
309
232
316
321
16
14
19
40
130
64
19
252
2
425
265
25
165
234
240
209
512
14
50
16
378
15
184
155
79
16
53
344
175
20
138
9
688
144
103
32
65
146
53
62
188
359
37
77
102
18
17
462
207
118
136
431
720
319
491
248
201
36
134
382
1194
164
59
102
221
12
417
58
311
50
40
401
209
220
87
13
39
676
27
341
106
176
339
154
167
22
158
298
270
112
131
400
481
46
125
113
62
38
373
57
145
208
433
105
48
417
163
76
275
137
19
94
9
282
29
640
186
323
328
156
669
219
174
137
36
56
56
151
78
523
395
51
497
34
5
196
389
160
60
96
601
526
625
99
369
343
185
109
8
317
261
218
21
61
94
254
173
723
113
551
405
766
236
199
111
44
790
19
184
94
36
475
175
193
108
148
169
54
187
150
307
18
14
205
99
44
226
394
546
319
174
266
103
174
81
55
117
78
412
52
555
196
41
444
107
3
436
66
124
11
271
54
260
292
67
335
169
9
144
176
852
46
685
383
438
175
782
42
83
37
149
70
349
38
123
222
40
207
139
3
49
482
349
377
257
6
169
91
359
687
28
462
121
306
176
13
291
111
15
553
120
128
134
103
236
131
85
518
176
33
24
486
2
11
450
1
180
31
360
80
369
267
1023
36
6
48
31
723
569
31
56
74
19
13
5
139
115
188
109
229
73
59
68
4
129
75
46
234
28
137
243
171
260
242
312
14
93
61
15
11
310
89
92
121
150
384
27
98
111
48
129
74
833
303
77
46
256
24
51
54
20
159
147
342
19
335
109
214
22
324
148
181
32
73
148
419
2
404
133
236
135
151
147
145
54
204
49
46
80
127
210
75
48
398
85
196
1056
189
1
75
350
315
90
278
80
314
2
111
279
48
153
476
550
105
313
91
202
364
245
172
84
1600
100
563
41
21
663
100
853
54
431
288
23
69
39
143
24
53
87
68
546
19
106
88
154
64
266
58
268
131
54
270
65
483
173
131
227
2
418
93
14
108
195
18
128
116
64
244
278
197
67
1044
249
320
739
46
151
35
5
504
13
285
674
597
24
1
165
203
80
111
72
213
251
129
970
233
113
132
223
3
641
171
292
111
45
259
330
126
198
230
155
124
19
663
307
72
72
220
465
123
270
70
40
39
410
81
1019
82
121
283
26
637
517
62
751
321
135
89
46
1
2
13
100
73
65
130
69
272
292
448
100
83
133
208
36
250
601
137
369
28
774
235
17
468
72
133
74
229
203
64
41
143
78
22
473
51
11
300
331
12
458
62
7
3
23
185
200
445
359
15
705
146
108
332
260
12
48
191
95
755
222
31
131
154
226
46
196
83
330
113
95
417
161
624
10
164
24
98
228
39
411
288
7
69
32
261
670
128
59
196
3
566
175
260
157
127
218
92
75
24
473
22
279
224
12
267
423
103
808
73
25
422
431
391
462
174
142
35
106
10
132
17
63
37
83
447
161
157
82
40
582
88
226
162
107
293
46
690
43
74
37
293
131
33
35
57
219
406
347
466
102
145
113
30
108
182
404
179
100
353
48
348
261
47
109
200
163
78
62
188
391
99
17
64
4
1015
119
104
201
749
94
395
871
127
21
165
569
143
16
400
228
58
68
17
17
38
104
67
20
84
682
48
801
22
24
108
239
57
808
106
83
15
107
6
595
80
591
234
163
153
352
390
269
168
4
76
201
18
402
157
219
225
145
490
422
57
189
425
47
181
122
531
147
214
36
132
301
93
508
126
41
205
676
325
193
99
81
137
58
27
3
160
192
3
173
123
18
631
464
120
645
168
6
51
33
180
332
105
230
245
110
111
692
31
71
6
18
37
200
40
1583
340
3
150
5
459
71
40
88
260
66
1381
16
155
81
33
105
16
146
17
183
70
78
239
66
241
182
623
196
44
302
147
40
7
4
317
223
246
65
1111
217
97
1375
138
103
257
127
34
241
204
106
391
38
567
674
1
236
75
188
22
116
191
24
61
73
810
30
291
15
219
183
114
44
22
70
1
139
40
2
66
209
39
177
48
293
69
36
216
3
79
10
15
121
104
112
273
21
51
120
602
120
367
328
184
94
101
90
226
211
342
810
36
20
481
24
234
131
356
44
173
62
113
182
170
74
99
1
463
146
215
2
592
282
32
488
47
342
29
92
290
392
97
472
8
19
108
4
570
23
459
334
61
228
215
475
102
90
56
173
61
260
150
348
122
210
81
104
160
97
143
119
191
368
125
277
259
508
187
73
249
39
222
52
325
256
98
182
116
236
129
91
567
25
109
446
60
146
1
53
150
29
17
246
215
8
138
637
206
18
273
609
357
533
37
29
458
13
82
60
230
22
118
8
216
69
62
37
55
124
186
334
197
87
266
50
113
184
290
119
323
69
113
451
54
81
59
226
357
183
169
117
46
22
87
275
257
16
83
168
96
72
109
8
523
159
249
5
163
106
98
180
330
130
190
9
563
13
204
134
132
119
137
228
39
543
56
23
8
145
62
978
274
174
172
63
23
117
178
28
279
13
81
58
394
318
175
64
15
144
417
215
78
553
402
125
395
158
1
46
19
409
1369
73
139
161
11
81
114
758
69
148
356
402
105
267
279
194
714
114
352
333
90
275
107
195
300
61
195
190
92
178
750
196
382
80
468
44
220
146
295
76
17
31
241
386
63
365
406
156
288
83
149
311
81
308
110
64
220
139
482
149
486
68
96
129
128
408
73
47
17
181
172
362
172
489
89
303
107
338
43
91
64
295
163
1
414
64
183
414
77
176
64
100
12
307
173
84
386
238
33
2
318
319
457
30
262
252
453
24
41
99
70
26
39
133
107
260
494
39
314
204
392
429
86
10
13
10
116
91
82
156
785
254
37
346
97
7
365
105
141
8
288
285
84
12
127
45
231
618
52
534
117
921
285
266
413
7
8
139
113
449
183
24
111
45
98
374
63
167
158
331
125
124
41
175
22
204
145
189
10
102
110
118
175
172
358
119
225
191
537
9
187
143
219
18
48
5
134
141
98
811
364
250
33
3
76
1023
512
160
2
93
64
133
660
19
373
60
55
70
224
305
157
8
196
1
477
22
35
130
88
472
36
288
9
423
6
8
419
180
284
237
942
24
53
92
33
244
120
26
130
149
434
55
142
77
259
99
8
301
40
168
247
198
190
182
364
8
219
179
112
120
33
43
374
112
431
483
28
187
49
125
100
86
109
104
74
44
279
456
24
234
68
5
26
253
88
100
55
435
249
125
93
22
53
97
72
430
67
244
441
170
159
333
39
603
131
110
64
114
30
758
151
98
173
70
1
232
180
67
185
20
509
34
630
161
268
356
112
3
172
11
63
384
121
455
91
132
91
33
166
66
473
71
7
100
58
155
187
147
28
193
205
69
30
425
65
66
901
75
207
79
2
754
555
36
151
230
350
13
123
38
46
116
229
276
250
42
178
206
8
221
88
649
101
18
70
174
61
53
471
342
247
67
487
51
111
237
684
84
309
300
57
302
9
20
227
114
1
53
756
48
53
12
61
21
62
10
111
489
237
335
1129
170
259
80
254
59
19
20
161
64
332
232
76
957
309
437
244
225
222
582
449
165
810
14
113
8
803
258
213
59
44
482
93
1
30
417
605
58
31
136
216
19
325
340
79
158
762
558
35
5
366
260
478
267
498
165
8
1481
198
194
46
238
54
413
256
293
272
71
52
23
204
131
62
193
4
36
10
443
2
356
9
54
717
554
231
136
143
403
375
112
196
50
95
11
26
148
85
267
222
563
59
118
128
25
548
503
11
233
84
46
22
193
576
70
417
473
760
74
17
302
52
784
269
679
178
386
2
31
28
1600
102
26
366
183
97
540
353
60
366
79
35
94
84
347
9
103
240
540
206
96
311
166
29
156
18
66
82
88
448
135
161
403
280
27
426
197
612
528
240
27
221
723
158
3
207
115
26
713
550
68
194
194
206
596
25
46
25
157
48
149
193
316
234
401
452
45
93
72
190
169
446
52
36
141
206
118
298
496
158
208
111
46
615
218
135
31
77
69
199
25
462
10
408
274
46
272
83
170
100
25
201
317
87
136
70
283
230
257
84
43
67
66
85
442
297
398
5
335
132
81
293
75
42
82
39
143
91
125
540
113
28
67
28
2
190
14
95
154
1163
189
313
218
442
593
52
148
73
69
303
21
547
19
4
113
587
143
475
252
5
49
420
536
379
262
12
17
325
74
14
195
2
182
110
43
148
578
540
55
410
265
31
188
186
150
48
263
32
108
67
125
197
101
249
47
516
23
50
90
207
329
92
282
51
423
93
25
507
304
228
34
429
243
81
109
2
374
148
117
376
194
91
79
50
200
78
86
335
309
62
212
121
90
196
212
60
98
194
55
112
42
5
88
378
111
109
17
61
121
124
284
47
103
11
83
115
287
545
112
15
380
230
56
31
901
150
1071
340
281
1126
353
764
25
394
427
93
372
76
182
15
750
454
381
129
287
21
2
144
373
27
128
84
23
330
414
47
542
23
114
236
86
38
200
21
267
116
283
31
198
298
124
266
63
7
385
980
109
19
74
62
35
324
134
94
16
339
293
281
211
272
179
300
56
211
384
470
114
85
686
618
35
102
193
33
100
106
410
45
336
125
230
26
46
53
118
1319
1
261
189
128
340
34
11
11
55
323
39
25
337
144
127
233
154
199
137
325
203
532
744
198
22
139
10
17
235
3
67
32
381
106
163
206
80
104
94
184
377
341
272
9
244
48
42
78
177
280
762
299
141
349
48
461
35
78
308
283
163
21
491
371
72
170
52
32
71
464
18
178
75
276
38
174
32
14
3
507
373
463
111
272
256
226
176
266
172
447
271
85
608
297
49
46
275
289
254
123
12
102
227
68
173
130
160
53
104
7
332
212
171
10
218
747
52
104
16
583
224
6
55
205
59
225
6
115
75
97
179
206
36
920
193
11
79
271
112
17
623
111
105
300
275
3
888
83
41
66
203
116
131
95
14
6
10
303
39
376
356
221
413
89
95
25
83
81
563
25
350
337
141
437
188
204
13
121
37
67
700
491
40
48
273
116
129
135
31
107
114
362
393
245
14
389
239
164
55
229
153
4
55
247
691
108
40
234
547
424
111
397
41
61
181
89
556
163
43
182
169
54
164
449
223
110
29
933
79
118
236
267
554
247
197
201
133
87
385
125
138
205
129
256
208
192
263
14
58
494
108
147
172
61
65
187
61
177
145
45
235
56
7
53
239
72
107
12
106
93
84
182
185
523
130
21
99
197
107
194
176
157
328
4
197
371
63
212
83
339
25
145
115
295
168
1189
16
273
139
7
77
139
77
335
346
300
17
350
221
64
115
99
169
75
137
119
103
226
45
329
82
169
74
169
112
41
173
608
14
357
59
49
1
23
111
540
118
15
98
80
624
444
162
374
160
565
17
283
333
324
238
544
102
33
539
176
277
864
73
24
91
46
141
378
130
479
64
410
131
153
715
195
584
33
140
160
177
879
202
135
710
186
88
1133
101
241
73
95
241
5
645
178
102
84
164
299
707
633
118
201
211
265
435
79
160
15
758
35
125
391
239
304
52
335
268
10
500
48
46
88
322
131
263
174
73
168
42
112
552
214
134
79
106
17
206
205
450
3
207
110
228
321
63
90
29
138
97
55
63
148
416
148
312
447
291
98
595
12
202
356
9
274
515
30
503
359
51
93
81
228
31
41
123
465
353
163
127
16
315
329
127
73
9
130
197
30
41
102
474
344
187
188
39
76
55
89
13
19
17
483
111
26
14
95
264
22
78
67
54
74
115
19
62
18
428
106
134
115
16
21
130
252
67
730
116
320
432
94
116
314
30
57
656
261
1
8
36
40
34
11
207
71
283
147
26
50
13
23
291
87
139
14
224
118
75
266
36
673
69
215
94
260
300
651
593
55
132
69
27
284
50
694
28
134
35
191
47
513
236
582
17
313
130
693
54
160
330
70
435
560
377
305
475
150
398
53
187
265
4
87
247
72
389
264
85
223
6
1085
114
58
95
458
59
2
2
173
189
110
89
210
94
40
505
106
316
219
256
346
95
201
20
153
264
26
443
203
37
839
240
93
107
20
38
153
86
181
11
276
758
69
3
98
188
138
362
71
145
124
32
22
518
246
34
57
261
93
188
168
226
471
137
159
133
43
186
2
199
137
158
114
52
54
70
236
311
8
454
71
61
16
104
5
27
14
192
802
576
11
290
1
43
59
240
110
242
29
229
16
178
887
98
230
668
38
44
84
81
71
93
89
615
143
52
30
17
36
402
83
87
1176
178
4
54
44
166
853
366
84
398
19
531
243
118
202
149
398
39
244
419
25
136
143
51
194
338
179
22
322
60
2
203
462
294
67
163
56
74
79
99
19
19
780
175
188
165
148
600
507
36
276
66
221
128
448
110
21
370
26
265
25
24
286
47
68
129
12
26
57
27
194
167
136
289
69
235
4
156
225
3
316
161
6
191
133
131
263
193
131
119
12
258
183
257
131
43
152
81
44
24
105
38
31
71
142
287
33
193
181
36
145
43
299
49
242
39
114
216
85
187
31
54
80
10
17
87
28
113
379
118
33
546
61
173
61
53
561
110
65
596
82
37
162
236
2
132
142
129
259
28
32
450
76
68
120
457
261
52
298
135
72
96
642
47
236
116
115
270
114
165
843
133
176
64
105
117
126
35
313
57
502
640
207
246
14
32
156
232
14
157
169
210
313
39
61
298
542
342
50
475
131
122
43
56
8
35
295
16
833
144
132
115
488
47
116
974
73
349
72
8
598
128
291
484
14
83
68
236
162
280
62
155
106
388
101
126
254
129
118
628
52
69
24
49
606
443
52
107
308
333
8
330
178
32
245
1036
253
375
394
56
128
56
74
35
104
765
239
189
3
374
78
36
248
241
317
688
196
1029
320
89
24
11
203
12
151
224
350
83
41
31
102
495
570
61
42
3
133
143
307
87
202
390
97
137
312
109
58
73
391
129
7
508
256
730
181
16
217
27
215
21
269
29
486
114
170
276
358
12
144
186
574
177
211
14
245
126
220
182
310
10
539
60
476
530
474
124
897
92
52
154
352
33
143
47
2
260
74
190
63
736
45
437
11
112
128
1
125
75
98
374
73
56
125
54
136
508
317
416
137
213
323
523
11
19
124
49
430
602
116
262
187
37
20
120
177
47
371
34
505
843
360
59
72
33
108
63
610
34
90
9
97
425
74
64
32
53
104
129
81
130
185
597
14
277
183
386
188
131
402
926
115
36
275
93
397
59
21
42
158
188
111
59
146
46
4
147
3
184
960
296
271
448
297
18
568
164
599
28
304
3
753
569
125
53
239
51
226
58
34
320
194
750
209
66
88
2
155
177
210
624
257
91
20
3
65
508
204
34
53
300
88
321
640
106
160
72
23
72
4
13
174
396
196
225
153
87
568
439
351
90
34
288
559
764
618
395
298
48
208
325
93
286
40
9
563
289
82
46
55
165
283
347
252
26
20
364
113
37
521
218
40
236
251
48
348
329
139
232
66
224
160
140
31
147
239
37
99
84
161
133
45
115
90
443
56
64
219
76
154
472
158
92
56
105
188
47
106
144
134
613
32
1
7
667
34
623
558
351
26
121
7
107
555
341
431
368
41
1
13
229
433
45
200
60
1134
71
49
94
167
52
64
86
14
384
395
193
407
118
154
421
70
94
235
708
59
17
802
126
477
583
22
51
89
35
188
326
299
26
1122
13
3
161
330
294
19
387
476
190
179
356
249
105
106
85
160
399
303
10
460
302
28
254
246
601
227
90
138
242
58
188
147
80
73
162
200
85
177
187
29
340
125
111
66
250
76
177
251
145
1
7
130
3
470
461
419
179
108
381
481
393
117
123
116
642
379
298
427
106
71
221
177
341
131
1
211
77
44
65
99
13
57
323
32
190
201
9
252
179
777
31
12
106
247
82
142
121
454
50
69
150
70
173
109
502
128
340
355
653
176
166
408
93
229
183
544
59
12
215
109
24
198
51
262
240
282
421
166
7
154
89
39
128
819
364
418
32
25
176
107
184
91
171
159
4
78
29
125
339
63
55
65
9
124
155
81
70
200
234
158
200
242
31
125
56
29
500
69
55
542
136
180
106
276
100
474
70
5
175
590
107
237
56
220
781
109
3
375
777
262
84
134
478
39
809
216
12
369
60
19
220
69
43
34
311
73
16
149
52
132
181
44
91
24
19
15
58
69
7
390
289
308
95
143
55
172
285
411
86
164
64
322
184
101
334
128
86
566
212
15
158
59
68
188
49
204
38
11
439
245
124
156
405
420
74
362
255
94
346
320
290
16
80
8
585
72
569
148
504
478
25
76
244
253
55
41
264
270
384
67
214
30
195
218
265
113
188
299
36
417
985
262
41
149
305
144
77
471
207
409
163
325
113
25
416
24
143
142
444
50
126
145
7
477
75
179
5
48
264
265
21
55
163
163
238
98
579
6
12
578
119
226
152
166
151
109
604
142
194
292
449
52
75
185
47
39
314
65
192
82
20
48
303
124
64
282
187
131
22
133
48
1
87
238
80
128
75
66
157
350
164
268
35
61
213
135
21
588
321
65
189
58
16
325
39
97
91
104
119
713
140
414
166
144
349
64
217
34
210
362
743
358
311
313
79
34
264
49
84
15
153
260
78
284
8
44
717
233
150
37
661
94
93
66
183
269
325
86
120
177
95
78
72
29
54
443
57
19
279
482
69
56
220
94
69
1
72
37
173
475
507
73
26
154
455
432
153
322
235
123
373
16
74
13
67
39
71
181
1118
180
437
325
2
1099
83
158
62
126
34
181
26
107
40
226
22
216
55
638
71
213
90
265
47
68
49
132
105
61
371
12
413
153
67
48
69
250
34
37
51
799
394
119
117
110
104
261
76
67
150
410
156
22
35
451
26
49
368
20
422
149
46
5
98
26
10
162
209
193
44
284
88
256
210
309
23
1058
36
141
95
68
386
17
199
317
442
60
99
47
467
144
193
582
41
356
63
494
62
82
72
304
2
114
16
46
253
293
101
8
137
205
28
476
68
31
210
49
368
265
6
625
18
114
63
88
12
108
127
338
847
34
46
24
183
455
2
69
54
206
74
69
470
92
200
249
395
246
105
245
284
348
65
136
7
215
43
108
164
72
35
14
52
247
3
91
122
121
1
41
81
280
168
88
92
142
36
191
172
144
112
115
391
198
183
43
92
16
124
210
470
191
254
58
715
311
25
31
153
928
28
114
25
154
189
215
80
131
50
422
105
102
617
113
353
363
219
301
227
222
418
106
296
14
287
73
41
64
192
429
57
1
223
536
215
149
180
133
242
71
146
23
69
69
586
163
347
265
94
75
149
147
625
451
74
645
24
140
302
31
82
421
135
168
29
493
1
83
100
618
403
165
920
56
30
48
19
146
126
45
362
46
114
318
545
34
27
47
330
125
214
124
330
60
194
91
56
660
35
244
184
8
225
129
313
174
346
67
296
408
381
245
99
45
450
288
290
15
76
71
25
33
226
102
71
1035
125
215
558
1567
23
112
153
154
118
352
69
280
44
251
27
2
155
77
173
104
95
305
26
97
111
78
147
405
223
48
303
477
76
76
96
70
313
108
51
24
658
2
18
270
16
330
725
39
164
238
40
58
74
73
100
217
131
671
252
63
116
57
603
215
559
313
602
120
29
223
108
61
134
1086
735
398
54
652
426
120
105
20
40
149
20
419
234
80
699
140
195
84
275
616
52
281
169
30
57
113
4
68
177
79
274
91
1025
310
115
222
26
289
12
90
310
86
21
31
369
209
387
329
96
113
82
410
268
156
481
1059
18
152
70
118
507
135
528
67
99
148
102
145
228
435
570
544
112
44
220
354
102
259
166
84
83
48
472
199
83
49
28
187
139
101
312
114
79
304
241
143
196
110
334
40
65
114
681
383
274
431
22
296
195
144
1008
36
17
252
30
627
184
334
400
323
277
2
71
195
112
16
43
104
97
41
81
115
83
397
141
271
187
167
230
437
139
325
143
526
102
74
221
223
335
48
52
1
73
239
171
132
170
18
1
485
169
374
180
33
4
130
103
351
20
274
212
44
267
55
592
422
71
241
25
234
817
31
317
54
394
30
87
171
343
95
47
172
74
318
41
68
39
110
655
511
142
63
51
321
281
71
189
387
4
603
12
4
367
36
189
24
79
87
79
162
617
86
82
154
544
285
226
450
104
235
717
116
92
78
175
473
237
73
64
69
2
124
9
281
354
238
42
357
352
236
37
39
130
58
102
147
3
333
184
27
2
25
228
96
107
116
416
334
108
115
38
49
529
700
180
21
25
947
145
46
254
408
141
65
186
39
412
380
76
91
123
50
2
92
322
84
185
139
51
474
138
241
4
57
226
169
43
83
175
33
8
192
167
533
597
319
65
12
240
119
372
40
259
143
33
765
147
145
25
256
254
225
55
621
882
183
88
235
71
386
355
25
230
13
33
63
15
293
34
223
69
344
336
90
365
114
459
74
138
234
84
222
108
236
213
466
265
18
68
23
82
27
41
223
360
26
132
192
107
76
186
209
152
16
214
89
47
142
113
166
381
55
452
59
84
201
131
19
93
21
4
558
237
255
228
121
88
671
306
12
132
213
263
120
295
492
6
614
48
86
207
321
40
30
191
256
135
61
38
452
131
206
74
209
268
72
17
532
167
93
137
4
287
22
84
98
352
197
319
69
43
224
35
485
155
594
158
223
347
116
452
165
25
73
31
9
322
199
390
111
63
237
65
59
239
12
690
191
899
21
12
366
128
66
75
205
124
363
652
9
65
25
160
36
326
63
252
63
40
161
48
21
257
453
3
441
246
6
399
28
3
334
25
112
80
15
35
169
578
162
87
25
279
83
271
191
152
76
121
347
31
4
12
608
219
150
317
94
39
184
1169
296
27
366
140
51
4
7
128
28
123
119
110
147
25
57
323
230
287
327
871
157
514
14
5
367
71
262
583
140
123
126
12
53
3
379
651
261
285
60
273
175
552
122
21
51
47
17
298
737
109
249
39
189
266
347
126
122
68
56
1400
111
419
105
119
7
380
22
124
323
274
505
43
11
309
25
151
158
365
35
112
569
466
179
21
161
275
148
123
81
300
102
248
194
257
70
71
160
61
123
41
203
29
71
267
137
424
165
16
30
304
478
58
421
17
180
8
53
23
131
309
383
94
26
11
510
60
21
121
1
86
89
154
302
11
279
8
249
165
142
78
1
302
373
116
508
67
126
145
403
506
24
643
55
34
534
49
140
249
427
128
118
229
381
30
23
182
276
121
86
204
64
15
136
160
172
506
12
76
160
61
3
64
511
47
167
218
566
191
426
66
322
204
309
71
169
349
387
358
364
17
460
101
291
83
69
295
328
82
22
121
299
50
168
49
146
128
267
496
391
418
498
29
22
620
296
243
276
218
180
317
223
250
238
174
136
92
112
21
81
10
268
114
223
168
299
287
177
110
144
102
807
379
338
103
29
31
1065
412
47
525
54
133
918
431
486
105
160
192
68
33
8
28
128
126
90
233
52
463
517
115
135
12
47
185
27
44
80
200
442
58
91
25
8
418
199
359
171
168
199
284
175
144
499
96
216
53
162
42
381
179
106
195
24
76
5
109
268
175
51
177
267
279
54
576
190
474
146
148
157
48
4
234
97
275
9
78
141
417
165
439
514
279
5
321
221
14
144
329
443
187
115
427
213
282
109
85
464
133
228
201
152
675
177
149
20
95
177
40
11
3
68
366
14
66
351
141
68
216
85
134
36
66
234
24
191
25
26
129
44
136
53
166
19
511
336
182
127
458
338
499
42
265
51
72
53
8
937
1
581
532
319
103
130
173
316
176
111
32
27
241
28
295
98
113
190
206
290
123
186
298
18
46
210
176
123
279
269
385
296
61
123
38
260
249
22
120
214
83
270
202
351
191
230
30
118
16
84
34
22
417
551
116
384
112
2
180
230
452
53
151
147
852
135
31
180
320
210
339
65
27
12
372
46
6
39
95
329
10
90
645
16
368
58
69
218
242
229
57
37
210
244
358
229
177
157
18
118
60
16
164
277
105
254
137
351
694
65
55
665
194
184
6
151
166
222
240
34
384
556
141
308
33
137
139
316
45
697
238
530
479
223
153
61
96
481
306
404
230
911
120
140
315
350
309
487
126
221
2
14
114
429
323
1
282
67
55
135
224
652
32
67
310
18
165
19
577
216
93
18
202
224
240
22
65
214
32
60
44
13
145
51
243
126
6
412
8
21
256
138
174
163
16
82
32
73
115
190
262
366
99
362
143
5
205
154
137
160
133
42
192
1538
142
157
212
133
160
11
317
74
180
203
48
202
179
146
124
214
495
72
17
37
116
15
48
17
471
221
185
328
204
541
332
976
51
10
809
172
47
308
8
194
125
341
172
506
64
369
111
337
264
249
13
46
179
79
397
52
19
125
126
171
508
73
17
429
419
371
25
50
71
486
974
21
494
11
103
799
36
520
574
318
175
141
119
87
96
272
323
44
285
733
224
372
24
252
578
393
212
29
44
274
183
402
25
30
138
116
28
53
303
740
33
660
29
112
275
392
336
11
178
12
119
86
151
120
124
37
32
122
241
48
18
78
86
224
16
132
262
39
528
512
22
314
101
5
5
79
39
341
92
172
1
50
214
355
12
14
231
60
202
159
31
129
87
648
60
624
280
50
21
159
230
35
177
292
56
4
378
29
224
36
861
54
8
121
391
280
1306
49
693
40
182
89
13
103
73
148
140
525
61
309
12
563
960
421
33
444
130
84
42
431
452
226
18
153
482
390
136
159
341
62
699
251
110
119
147
169
616
243
263
102
509
608
7
353
40
409
40
274
23
267
176
243
50
750
155
176
12
421
703
266
238
110
333
56
258
260
157
213
8
11
13
291
66
364
108
306
67
291
156
141
87
65
159
329
269
152
242
18
28
74
220
543
151
269
18
269
83
119
27
109
2
615
16
7
21
472
171
126
13
9
163
564
215
98
161
143
63
212
101
79
1941
65
530
386
550
24
381
292
76
46
53
257
9
207
356
305
88
652
359
204
1047
2
5
107
231
361
11
49
82
136
467
44
285
63
16
73
59
66
206
134
509
543
312
147
5
44
374
45
59
35
137
33
65
362
45
426
75
264
124
111
44
11
831
38
251
22
97
39
156
353
122
212
211
513
245
384
167
152
24
14
48
831
351
575
345
150
352
449
201
153
36
264
341
37
399
80
102
585
23
125
167
41
286
189
48
319
376
404
1363
107
19
275
405
67
14
13
62
526
23
182
724
8
146
347
438
151
54
82
161
74
129
59
349
193
135
73
150
150
12
317
93
119
247
47
16
53
109
201
623
266
242
259
399
97
369
131
338
218
61
122
32
9
222
260
151
57
11
62
272
111
29
658
119
19
91
3
485
89
12
435
690
133
285
192
13
13
113
173
258
571
172
156
89
84
383
34
189
6
77
197
51
34
394
316
249
197
513
73
221
152
28
31
20
164
431
43
154
459
158
18
123
176
65
9
183
278
34
468
252
287
201
23
162
247
791
326
93
45
255
362
394
653
273
335
359
40
34
691
132
15
107
13
176
211
537
1
134
34
219
115
49
21
330
5
153
116
47
184
85
317
163
578
49
47
809
105
110
108
25
14
75
20
53
220
96
9
175
12
398
302
122
73
43
149
26
68
41
7
51
436
65
54
247
166
234
37
450
149
324
40
303
41
211
356
38
32
379
143
264
114
308
45
163
35
121
95
78
103
269
149
228
124
149
42
493
50
118
19
138
396
205
52
201
198
87
133
90
377
248
206
89
637
153
80
708
269
149
356
198
125
218
69
44
48
38
38
98
7
411
161
304
47
77
34
197
69
132
186
487
47
103
420
471
11
186
111
224
428
209
478
259
36
199
11
90
27
2
156
320
256
172
138
240
118
559
106
40
217
78
17
449
281
17
136
67
257
249
21
183
146
308
129
294
309
154
403
264
65
163
137
72
179
97
43
39
159
79
65
41
344
97
34
86
25
193
190
420
173
314
68
217
222
192
55
98
48
136
33
362
363
11
18
143
157
83
61
23
178
3
437
1069
118
97
102
68
2
192
45
154
337
1142
68
267
121
156
278
218
487
361
211
37
16
117
42
143
16
241
219
86
262
62
49
117
323
63
272
233
57
98
15
173
52
240
263
222
17
225
106
37
614
25
126
42
86
105
159
384
65
604
248
268
53
12
17
343
281
44
120
139
263
625
413
313
45
134
183
65
384
391
121
511
1071
21
7
81
24
82
264
166
351
315
10
16
116
17
30
447
286
160
30
204
127
17
24
114
250
39
48
85
38
207
689
114
69
305
30
1567
479
82
37
28
2
31
219
26
327
285
462
449
409
515
279
940
159
52
26
52
84
308
54
194
152
74
424
218
234
92
466
166
96
55
24
145
235
30
477
193
399
50
252
149
262
30
182
106
35
176
19
93
60
168
229
353
144
369
642
11
200
67
323
89
61
179
223
32
83
30
122
64
58
77
300
630
171
52
76
255
174
13
9
149
48
892
460
216
317
631
347
139
33
38
208
236
96
215
325
497
2
250
81
284
232
195
26
354
54
119
440
250
42
66
393
343
170
262
178
296
34
18
528
97
416
467
181
371
216
112
71
44
88
216
472
253
1129
110
197
58
31
64
211
32
121
177
59
390
66
239
311
316
122
95
173
159
6
162
33
12
24
184
317
345
194
902
443
288
20
262
4
318
75
100
65
280
540
10
309
246
418
2
433
78
217
238
504
72
112
113
35
157
375
185
299
20
208
541
84
129
831
64
405
144
89
252
302
52
68
116
394
471
140
2
186
501
350
199
568
110
133
11
333
134
15
171
168
306
404
568
217
104
295
135
176
494
133
95
148
56
61
62
258
124
437
60
5
26
21
134
130
36
44
34
202
8
16
94
83
29
75
230
180
14
209
161
110
853
137
258
47
111
245
273
127
374
88
150
161
113
251
69
47
55
37
239
143
77
58
174
22
385
181
10
51
611
469
85
133
39
306
78
439
98
161
338
7
2
345
343
606
77
4
304
209
364
175
391
214
108
18
136
253
26
545
29
802
146
510
125
248
106
83
628
619
239
359
30
42
89
323
86
80
51
114
110
37
190
53
7
204
98
35
28
431
177
31
65
209
41
40
54
439
15
268
201
31
455
225
17
165
299
101
160
27
164
133
101
741
235
135
356
91
60
29
50
32
90
190
3
82
84
56
238
210
5
36
172
152
139
70
273
194
191
74
16
29
241
312
182
27
216
82
19
18
5
307
50
448
7
86
23
144
90
302
187
127
179
95
52
158
809
1
565
225
237
351
318
135
962
13
209
141
176
79
393
101
210
675
74
89
212
550
155
804
168
158
117
218
168
276
57
606
317
47
45
423
72
369
325
224
279
21
428
398
1038
198
106
55
14
200
92
190
274
164
143
451
62
100
103
100
51
53
145
396
87
105
300
53
42
356
105
140
61
324
89
304
438
945
53
445
38
353
3
175
72
1114
116
274
251
62
102
221
67
95
28
262
9
44
202
169
178
408
29
32
299
37
374
232
264
291
7
852
370
239
169
6
301
192
671
93
35
46
14
82
630
80
104
88
49
62
127
175
42
197
265
24
145
64
369
378
125
446
264
135
489
127
19
161
23
98
568
610
325
83
282
18
485
349
428
423
44
99
228
321
35
90
37
59
222
73
163
98
134
472
133
254
43
130
83
191
230
395
118
4
344
456
155
123
68
45
76
311
66
119
102
179
26
524
196
292
102
153
504
59
227
542
211
80
122
30
321
140
94
44
292
113
88
45
47
360
235
94
224
489
255
104
125
39
41
301
141
44
354
80
175
60
