189
686
159
41
207
42
40
178
691
61
341
29
415
45
57
138
258
40
218
106
365
53
122
263
19
400
60
197
68
61
40
60
599
84
154
944
168
90
462
176
528
66
399
71
200
208
75
119
84
33
172
73
519
201
73
413
4
275
101
128
34
583
347
185
2
22
262
19
486
103
181
484
32
283
366
294
45
132
261
304
141
104
413
78
328
38
48
127
253
544
316
1184
171
38
56
114
41
344
38
22
155
135
132
211
29
480
365
3
531
105
33
68
178
166
122
146
15
337
1
295
39
43
479
181
29
535
44
49
354
35
190
144
295
100
2
52
92
11
225
82
206
250
119
22
574
81
564
306
307
28
269
95
90
96
485
137
429
341
223
275
67
417
154
201
105
129
357
105
72
177
423
445
196
68
249
245
428
147
219
394
129
66
231
50
46
121
237
296
86
3
399
41
367
344
30
197
250
235
359
72
84
4
244
230
200
190
58
494
234
5
230
81
30
3
80
178
187
121
401
86
146
71
44
5
296
566
80
138
109
181
24
91
432
545
25
159
440
284
181
460
192
358
295
199
57
231
97
23
116
148
282
858
380
8
72
20
76
65
276
21
260
80
814
101
66
6
330
38
20
101
134
37
436
8
109
4
267
52
293
276
155
453
106
70
65
44
8
175
223
615
272
26
74
199
823
153
377
17
41
19
104
305
456
170
235
333
370
193
2
41
202
348
250
464
183
255
44
83
131
3
5
46
99
21
73
355
406
64
432
631
92
217
122
301
2
75
41
113
695
98
562
226
85
981
269
649
328
165
127
190
506
60
141
86
128
108
77
390
189
115
210
203
47
25
86
353
51
516
138
62
119
27
411
113
131
60
90
178
53
619
114
289
416
149
54
321
140
71
114
53
103
45
93
40
62
142
210
770
36
71
260
294
210
130
192
286
370
645
70
101
326
430
445
29
15
94
69
13
245
333
43
13
213
17
57
268
347
272
102
399
221
215
550
140
214
556
121
173
121
316
50
18
35
39
25
213
125
242
259
270
7
402
187
12
1087
548
118
166
426
168
21
251
321
173
35
24
65
366
28
98
160
312
308
119
217
137
381
384
49
281
162
151
31
50
36
145
65
748
21
1
35
171
261
88
358
716
103
83
8
89
403
67
180
79
192
96
98
89
72
381
254
26
290
49
109
128
334
81
165
276
76
134
20
45
264
45
63
22
201
4
39
146
86
642
60
26
72
397
30
27
33
90
172
260
76
231
700
14
737
1471
30
32
37
161
374
254
5
62
341
169
315
18
212
40
261
241
115
55
100
750
110
974
155
238
192
385
27
482
190
68
156
181
144
103
237
343
68
60
766
34
109
79
313
161
34
12
200
97
57
19
109
445
131
2
19
280
422
26
19
665
434
62
407
319
104
21
476
3
4
306
121
14
51
212
141
158
17
237
34
132
4
111
417
415
63
12
424
7
199
133
16
2
11
765
308
410
285
34
310
551
84
22
290
317
184
43
303
63
156
138
380
13
74
82
52
67
121
416
127
192
86
59
477
73
18
56
176
231
267
373
66
140
71
416
242
258
32
506
114
7
96
241
282
305
425
63
470
169
113
8
423
44
264
18
99
45
227
254
7
234
251
300
73
248
203
181
147
362
219
35
57
54
33
99
92
458
260
1
74
67
74
645
183
10
244
652
68
31
59
491
90
564
70
470
274
211
349
184
571
244
42
171
731
91
27
135
211
60
12
217
334
13
500
484
178
8
103
52
83
219
561
40
65
17
69
150
122
144
11
18
37
137
642
39
83
2
71
300
10
72
70
255
277
204
327
1056
65
200
40
167
57
105
179
242
566
85
271
68
61
173
52
15
388
716
119
77
6
368
96
394
123
13
18
945
113
374
54
36
165
444
189
1140
236
20
301
149
1
170
461
38
594
50
722
114
31
135
82
237
241
207
328
46
60
37
69
201
28
184
44
48
329
126
136
445
76
156
311
149
166
40
55
143
67
472
202
439
194
1147
149
86
833
66
255
23
68
374
1290
32
20
511
98
301
379
186
359
662
258
221
202
112
46
43
121
733
1001
45
65
1199
91
8
31
218
131
248
940
251
394
479
142
96
154
498
54
85
962
31
406
63
141
130
9
325
677
50
121
176
300
284
228
36
481
273
147
93
274
887
47
5
282
292
84
146
204
311
426
54
2
145
10
46
46
16
122
13
92
129
91
240
71
81
85
202
62
382
51
154
78
62
224
388
51
111
54
21
161
360
41
195
29
278
8
147
85
212
9
122
100
277
156
5
44
285
136
141
471
229
7
175
246
302
107
461
775
131
32
954
102
118
256
146
18
126
257
71
105
139
229
19
135
118
158
186
16
804
13
244
297
34
559
62
94
404
37
224
48
27
59
111
61
22
316
303
8
427
49
716
381
1583
790
472
175
157
37
367
140
7
243
4
67
299
35
232
289
643
103
155
170
30
599
630
46
97
108
24
203
324
363
77
22
199
60
233
12
200
105
124
6
6
321
13
76
214
29
71
67
174
71
247
42
472
383
139
58
668
78
11
1
199
29
121
160
626
162
15
298
429
136
160
34
44
117
74
51
136
141
433
76
85
276
53
211
101
314
73
100
188
691
935
253
90
400
368
164
209
199
149
13
14
396
152
91
371
119
14
343
173
34
177
44
657
94
2
5
39
344
660
182
39
150
36
359
176
3
68
123
123
628
92
248
159
40
37
23
95
84
133
102
321
37
422
58
56
145
299
354
105
47
109
318
191
434
208
416
133
303
573
160
55
266
291
892
66
78
171
323
72
96
169
251
203
383
176
286
16
51
25
16
370
118
610
442
757
216
88
358
367
175
72
22
558
423
256
199
338
99
46
352
45
153
35
950
36
271
406
743
124
64
125
51
352
54
43
277
103
39
12
37
4
12
45
86
180
5
18
359
71
241
390
157
293
133
544
519
10
174
56
26
131
35
17
48
73
143
23
48
27
131
88
326
858
13
346
138
82
145
161
64
126
310
226
63
309
208
113
227
160
81
162
97
76
20
19
119
333
107
3
19
126
83
243
31
72
223
236
259
100
113
212
18
212
105
32
71
27
31
4
427
150
41
2
508
54
1
118
325
128
74
167
33
389
55
101
10
25
40
226
38
18
164
298
423
304
153
20
443
284
334
488
202
112
155
31
402
190
154
596
194
2
299
291
31
330
98
170
388
39
21
907
604
347
105
30
264
93
89
240
65
272
51
39
143
70
4
362
75
470
14
58
247
271
194
662
306
528
240
48
93
344
35
42
31
26
46
335
43
154
69
129
212
55
217
249
157
288
123
79
79
220
227
365
87
174
393
373
278
513
344
31
393
815
74
38
320
169
450
248
63
821
645
67
42
136
26
63
55
14
514
39
558
158
39
10
71
5
266
118
240
177
24
7
15
43
255
41
543
416
31
177
119
3
50
80
3
380
79
115
172
5
235
75
34
68
18
11
286
39
244
30
56
333
210
102
47
167
303
337
155
344
82
8
228
147
28
35
55
277
248
210
1206
12
60
799
588
255
208
419
113
256
117
207
760
173
54
180
607
344
20
965
167
69
169
144
98
933
795
222
544
254
114
42
108
38
83
319
59
303
347
98
124
598
375
6
122
691
96
344
120
62
134
997
564
60
222
70
123
142
65
20
31
97
93
40
48
792
404
242
832
134
71
68
129
268
6
242
47
33
78
27
77
323
1
115
164
320
39
145
59
276
271
3
410
125
26
175
54
228
1264
863
4
651
125
29
168
164
78
106
258
101
3
101
206
514
471
68
66
15
86
32
182
770
76
87
22
296
870
48
331
13
22
68
44
106
117
77
71
131
66
59
127
12
28
90
729
257
224
373
545
82
35
3
307
14
35
94
307
48
3
256
253
144
295
174
84
31
15
19
239
34
222
224
421
178
13
184
82
428
2
291
79
568
74
292
174
124
213
237
357
308
557
188
50
3
335
43
53
159
474
147
61
375
132
118
86
155
492
152
50
227
350
9
49
82
47
511
50
50
102
62
29
176
55
48
8
29
60
304
195
27
50
158
659
101
517
242
59
158
149
109
175
815
63
3
86
12
1018
348
104
811
48
98
155
319
23
257
92
11
86
90
53
124
1
546
54
57
111
480
534
85
114
93
389
61
233
88
111
268
146
220
72
937
27
240
415
243
116
37
409
146
161
68
283
53
720
73
804
114
197
432
232
290
483
83
555
168
217
21
26
22
87
134
162
16
100
42
535
228
406
108
229
444
163
59
379
48
162
23
174
175
100
308
319
260
564
24
43
164
812
189
17
733
306
37
63
216
135
42
127
43
268
42
102
27
61
72
31
62
462
212
407
506
331
25
142
57
52
82
121
131
219
185
495
62
345
112
5
291
24
92
50
329
24
9
20
280
312
338
52
88
420
18
36
61
39
250
7
113
43
134
5
37
551
29
47
808
44
366
399
2
37
276
419
39
291
98
71
506
132
149
224
155
15
100
55
3
3
299
162
133
764
449
227
12
58
184
140
52
86
337
73
176
305
233
24
11
47
125
5
88
452
139
3
634
311
106
86
41
12
357
50
244
118
260
214
39
64
277
79
44
119
187
79
74
75
445
163
65
214
92
273
95
334
34
276
393
11
339
47
92
64
285
34
131
38
1201
222
32
446
221
34
40
95
77
96
166
76
106
338
309
10
7
104
476
51
60
87
173
188
28
1
282
353
302
119
71
121
167
449
40
49
310
121
162
267
438
100
84
177
201
125
191
8
55
109
123
87
461
61
157
494
253
99
29
27
121
33
262
75
28
764
18
168
427
206
323
377
23
275
52
27
72
9
434
2
188
219
29
197
154
444
65
34
309
136
425
298
236
70
122
129
54
8
62
136
15
25
135
279
185
73
100
34
134
13
340
9
188
138
200
242
628
191
102
51
100
462
693
188
276
410
54
103
63
215
254
277
340
55
66
47
382
100
187
26
194
1803
256
673
160
263
57
120
70
301
191
274
112
227
666
229
48
375
523
62
125
444
7
78
524
82
551
233
38
329
54
228
126
74
1
73
176
214
398
653
6
240
264
11
201
88
6
61
6
33
134
605
460
61
98
107
160
249
73
101
258
332
54
251
30
102
37
74
248
7
661
158
758
215
211
45
181
532
482
365
131
233
653
16
136
283
165
115
41
200
81
55
145
29
33
78
18
216
323
588
296
16
194
263
75
484
90
652
269
408
651
26
42
79
135
676
2
366
531
7
216
82
12
388
100
839
29
345
24
118
181
485
121
135
140
62
155
227
587
359
82
24
27
7
28
464
74
221
10
115
121
12
36
6
191
183
11
7
503
274
88
17
80
187
66
114
409
24
144
33
179
6
140
12
525
255
189
52
270
602
14
589
236
174
50
424
52
154
6
106
365
381
73
379
422
35
199
155
174
121
113
133
166
127
44
177
141
159
71
16
48
71
90
54
319
468
237
9
49
123
241
266
342
24
312
5
48
107
252
473
17
238
355
333
54
333
50
8
174
21
42
42
54
485
15
203
145
154
325
193
1013
416
71
17
95
252
835
345
100
535
184
22
107
124
184
51
13
110
50
50
125
39
199
68
110
253
38
615
41
47
22
238
15
3
430
853
198
17
105
119
170
1105
42
38
49
178
677
312
184
98
230
109
15
318
74
10
128
88
136
124
270
408
136
78
10
342
94
129
66
354
492
15
2
188
51
191
253
31
140
157
139
143
591
97
465
45
61
27
42
41
243
452
246
235
49
145
193
624
147
6
198
337
252
341
7
134
72
105
272
100
26
133
140
77
43
79
12
373
394
29
121
67
77
127
47
13
392
61
170
331
517
180
170
22
89
324
20
15
387
1080
248
366
18
177
117
12
113
538
51
106
354
222
59
122
237
397
631
173
89
146
315
131
7
181
182
762
264
19
255
147
37
69
200
45
1201
313
58
227
153
90
235
308
53
68
222
47
7
50
61
16
803
47
59
312
27
509
309
587
16
261
153
243
88
226
24
105
326
1
582
411
48
55
82
19
129
143
410
307
94
35
6
181
88
52
6
66
81
537
337
264
699
258
59
50
98
1
85
192
318
23
210
7
3
211
197
213
75
361
27
29
190
288
273
102
115
114
66
46
202
121
605
65
82
12
235
96
16
177
28
44
187
564
170
66
82
37
202
6
362
259
310
526
130
177
142
672
153
218
61
158
379
301
13
269
117
226
282
50
16
49
383
268
49
79
4
120
108
330
4
870
135
191
76
165
158
210
1082
1184
71
248
81
1121
202
225
182
139
459
138
118
134
420
33
135
11
583
9
97
21
85
17
7
145
11
468
58
31
54
119
135
107
257
86
528
723
138
94
190
35
217
105
381
212
356
24
194
37
124
372
36
139
9
576
149
346
212
649
55
140
333
548
390
87
32
74
182
188
312
173
279
153
6
61
36
470
26
71
105
80
296
122
556
208
68
369
542
82
286
27
2
41
96
158
167
36
57
73
665
282
242
123
58
215
207
421
218
33
294
92
190
1
53
166
100
58
233
226
70
239
43
246
100
123
446
38
224
113
11
1
286
843
63
212
577
309
136
11
258
3
214
122
181
408
154
350
71
270
246
346
55
298
22
761
75
74
32
41
354
567
525
11
326
177
95
64
59
101
464
158
337
364
137
35
72
366
261
414
148
63
208
26
845
209
953
41
300
116
297
106
67
249
179
13
2
169
274
445
46
38
159
18
138
235
375
161
64
7
43
72
5
240
210
433
87
194
248
157
465
64
61
36
410
706
21
189
97
216
578
163
104
7
120
92
112
87
25
37
210
306
212
226
390
195
247
447
278
48
118
53
439
593
543
47
6
38
374
59
6
73
98
305
13
22
663
13
89
78
159
3
35
215
42
151
39
84
215
101
40
36
262
104
7
80
653
309
305
751
174
141
30
220
79
161
769
265
321
326
27
342
54
167
27
113
46
91
48
426
39
23
56
112
116
40
259
969
89
189
280
66
99
386
1
200
396
76
159
135
1
44
225
307
25
294
125
22
128
213
75
833
303
49
28
41
318
208
120
54
781
391
34
41
242
283
1
324
559
1108
283
35
669
337
7
413
686
8
236
431
19
364
455
25
365
95
193
353
90
397
308
16
151
39
319
3
70
203
194
138
84
804
42
274
111
45
79
124
107
57
486
48
140
79
137
119
164
251
21
740
10
384
104
58
159
229
17
77
68
434
108
284
245
29
4
128
124
391
296
207
495
280
346
270
140
135
256
438
996
344
152
122
22
191
14
47
112
627
1
381
31
406
13
85
139
296
3
305
138
64
230
54
312
94
252
83
52
231
68
11
8
283
136
78
27
24
204
27
101
12
34
183
220
492
75
262
9
240
155
82
72
448
125
288
42
102
131
22
33
50
1080
64
115
11
30
373
11
64
15
442
153
141
250
287
2
79
4
25
139
39
161
3
826
29
193
132
23
173
180
81
21
97
275
188
291
245
50
144
37
1275
104
25
286
68
124
283
217
91
27
106
416
548
185
482
1525
96
266
89
100
31
29
166
53
110
152
361
123
42
18
7
20
36
311
29
362
409
293
51
126
64
222
58
4
41
360
86
32
849
141
18
258
310
286
155
13
166
115
118
308
112
228
81
332
186
120
804
93
40
183
3
184
59
311
947
193
176
866
391
169
65
245
14
202
223
273
52
118
1009
203
208
393
364
154
163
195
28
257
115
335
189
143
47
181
134
245
241
50
67
100
45
278
156
49
112
138
112
548
334
172
414
107
93
205
69
304
15
43
143
5
758
123
7
214
21
75
24
272
37
44
432
712
84
149
9
1758
3
149
35
307
237
1049
81
27
63
537
27
30
121
148
138
410
333
119
298
305
43
680
55
75
467
297
126
58
131
13
1
27
98
304
113
82
138
178
124
55
248
96
34
522
143
628
325
412
391
285
208
52
52
25
598
506
29
5
172
82
5
417
200
271
354
37
67
50
13
175
81
74
302
128
215
11
61
41
23
263
287
51
498
516
33
217
71
38
325
385
52
558
185
360
19
22
85
115
50
224
119
160
721
752
66
157
98
4
573
55
13
56
424
141
80
103
28
373
71
284
174
5
461
89
14
31
143
161
210
39
50
146
540
105
99
939
269
295
163
525
4
137
69
72
70
26
19
302
162
59
550
128
372
28
160
135
131
84
1
150
41
340
259
38
3
108
162
41
102
40
385
126
34
226
95
437
321
111
426
296
7
344
38
43
242
191
182
342
28
81
202
162
22
209
211
206
104
39
104
135
50
198
114
506
59
375
423
17
487
194
376
233
97
344
523
453
698
293
529
113
147
85
121
62
67
307
94
156
9
200
380
517
430
354
508
37
113
106
79
11
408
280
186
113
213
411
21
213
43
254
472
1131
95
654
125
94
77
44
278
13
16
17
294
189
312
82
105
231
4
27
48
13
197
248
55
136
23
553
156
200
195
117
87
312
205
23
210
238
148
237
20
1
426
33
2
283
12
157
121
153
165
17
1108
131
380
51
73
688
51
79
20
18
56
282
168
223
128
10
631
29
528
532
45
274
10
350
98
220
145
235
19
94
360
253
25
278
552
408
345
154
245
228
159
91
275
78
75
21
58
100
73
233
68
104
76
64
97
112
227
270
261
396
336
124
353
344
711
111
1047
15
67
130
126
1
228
499
160
207
345
26
171
21
171
121
14
122
38
34
502
192
207
127
681
843
181
207
278
146
537
31
384
17
208
216
210
197
51
66
307
16
319
98
61
124
194
191
121
63
646
167
458
105
1
115
51
357
407
90
5
64
82
201
13
4
83
160
187
54
428
19
73
325
106
28
86
28
63
122
89
420
86
61
312
33
118
79
48
4
156
209
71
477
135
262
426
352
61
46
492
380
82
14
228
408
71
40
19
18
75
87
104
33
124
185
65
158
198
475
90
1294
844
29
114
172
224
88
72
74
304
65
92
373
50
7
45
34
169
678
611
212
142
294
550
329
468
152
60
199
41
11
343
17
9
9
146
305
27
146
6
20
260
3
740
530
34
460
419
96
326
143
204
146
177
64
4
104
272
181
398
314
243
249
122
105
6
41
374
92
14
81
129
219
105
58
715
36
251
229
114
25
10
109
11
233
57
144
114
86
147
531
112
283
282
597
390
689
252
750
568
150
224
1
314
88
180
112
329
562
121
129
77
300
329
472
80
150
33
57
229
437
54
62
144
182
413
483
80
183
90
109
158
311
22
344
362
80
149
167
32
2
438
130
238
190
16
291
333
272
564
75
776
24
93
514
450
262
164
363
449
759
225
24
189
7
126
40
42
183
481
68
429
123
141
734
119
259
71
102
15
96
49
209
63
629
402
349
170
489
67
14
71
196
377
55
77
129
392
166
31
6
532
330
26
252
287
87
40
12
101
308
437
358
162
68
46
46
30
131
285
58
135
5
1182
466
153
181
13
230
83
160
252
74
53
550
40
164
17
18
47
102
287
144
64
363
136
87
36
128
13
1031
443
43
175
54
40
5
390
161
122
167
522
333
208
971
536
16
188
23
388
271
172
95
59
282
118
128
157
13
56
52
983
14
194
149
575
77
267
8
106
18
81
94
195
24
98
126
190
49
37
342
120
903
9
125
44
67
378
36
42
261
58
310
277
901
343
97
498
790
69
372
59
285
271
241
98
74
23
639
80
611
370
141
44
175
18
826
97
123
32
225
406
285
254
71
194
210
174
57
341
7
40
40
499
266
629
134
34
90
242
160
186
127
352
76
98
95
449
20
18
54
48
26
2
212
467
287
89
150
47
556
536
91
122
200
103
291
126
4
347
74
302
35
112
155
158
271
71
75
100
326
7
37
33
610
891
1
294
4
43
237
54
195
143
723
451
195
38
45
734
493
62
70
222
159
60
153
199
195
35
112
47
640
110
103
65
718
37
138
2
281
340
345
105
331
297
577
901
112
37
755
107
34
78
162
109
79
6
110
565
31
41
393
238
59
539
222
27
78
396
497
5
138
100
38
233
87
491
122
601
35
310
201
511
10
316
107
316
558
28
283
160
342
157
358
519
52
240
74
120
133
92
30
569
194
161
180
61
119
19
305
248
303
486
71
408
58
125
71
66
232
114
237
281
151
96
220
233
60
80
55
52
70
589
27
188
83
101
157
154
202
112
69
494
19
426
235
363
294
15
253
18
245
63
749
14
131
329
299
136
168
464
848
209
505
351
562
178
253
135
12
28
323
6
116
548
264
141
28
197
585
81
67
27
777
118
585
48
53
470
220
166
53
651
215
26
429
46
273
36
213
417
301
421
39
593
307
390
45
14
149
59
128
534
241
9
81
53
154
32
229
257
565
378
34
149
664
66
9
57
306
80
467
13
536
378
79
53
734
133
355
75
95
674
96
145
287
45
115
93
64
7
16
66
70
3
20
15
46
702
185
20
104
331
11
4
85
76
38
410
279
85
317
124
312
49
9
246
90
225
323
15
65
62
1233
166
145
116
211
161
64
61
25
369
9
9
154
42
113
301
689
375
598
227
26
44
119
227
42
20
131
62
309
2
62
119
98
150
134
53
63
101
214
114
127
169
51
41
202
136
47
596
79
20
139
119
218
226
205
59
413
54
45
135
180
81
156
104
142
21
41
48
53
132
116
1290
462
77
175
24
128
73
65
289
41
148
111
81
31
149
57
11
143
213
232
174
62
216
3
40
890
37
227
489
224
39
70
226
952
20
355
108
3
132
359
95
363
3
369
263
22
356
264
105
377
378
48
135
235
16
38
7
310
183
29
184
168
71
136
106
219
428
305
107
15
83
226
35
506
104
649
288
578
35
38
407
836
66
28
451
185
29
23
120
48
51
327
58
262
33
455
89
42
198
85
29
70
217
43
240
106
148
19
62
474
155
50
48
89
96
452
41
172
381
141
28
486
364
10
163
348
137
669
467
38
57
145
81
41
249
88
329
200
31
193
315
16
127
28
110
279
161
12
127
7
258
207
895
426
48
73
549
89
167
274
206
168
197
98
129
18
48
274
144
57
4
10
193
93
495
280
246
70
37
58
173
54
249
99
37
123
19
24
147
225
13
430
100
228
194
33
276
39
89
151
13
62
418
629
268
170
77
151
137
120
164
49
12
68
56
48
4
78
36
23
36
726
34
193
43
33
11
18
13
136
331
126
506
10
104
7
394
69
172
136
112
8
8
300
39
32
48
37
25
139
25
3
115
69
133
302
69
641
248
167
9
465
241
484
296
66
60
8
108
824
15
63
94
49
425
387
496
183
859
467
60
90
179
212
198
140
36
315
37
117
90
13
7
27
199
338
148
2
14
378
163
632
202
19
107
133
81
127
823
69
103
223
122
193
45
553
274
82
286
227
142
64
260
28
21
254
221
256
68
192
113
110
33
89
178
284
379
234
185
257
323
242
286
75
563
79
147
416
147
89
80
11
52
125
144
114
3
19
88
289
107
360
483
335
302
38
248
237
45
5
423
348
142
34
362
59
35
431
23
168
101
833
95
25
123
96
96
254
68
132
235
225
123
264
9
38
279
54
57
455
47
2
75
14
680
349
404
149
308
8
128
48
153
126
441
222
157
257
676
354
30
971
35
300
45
261
80
265
20
51
488
679
349
153
4
371
282
256
167
277
243
418
23
20
347
474
78
24
11
158
417
244
140
161
238
885
201
173
55
367
157
217
461
20
54
338
18
203
38
243
24
30
4
353
126
181
400
57
179
113
294
55
229
93
8
573
253
344
738
99
49
506
168
484
395
13
349
108
172
5
53
128
32
140
13
223
746
44
760
64
19
46
242
154
519
638
25
309
23
96
217
187
221
137
84
41
506
57
49
56
144
227
221
168
312
56
92
148
6
125
46
191
221
189
15
147
25
230
364
159
49
91
84
4
720
41
295
150
222
198
55
161
446
91
556
98
197
89
244
372
821
13
72
276
218
109
78
191
268
389
3
156
390
14
447
289
130
239
127
371
38
291
567
549
226
559
49
34
248
113
11
118
39
279
274
979
402
943
24
176
53
436
39
493
79
93
103
77
136
363
296
406
612
348
183
82
322
89
98
588
165
211
189
128
463
96
266
142
156
68
77
157
5
64
171
223
94
287
40
141
74
140
268
42
4
162
239
6
36
222
14
234
39
315
322
110
113
449
41
72
110
381
10
573
134
186
40
211
52
75
278
135
38
233
31
53
351
73
584
209
200
3
174
31
1
52
59
28
1722
81
258
50
248
358
189
176
826
171
226
155
173
232
401
304
75
129
127
61
78
3
64
35
11
192
762
479
819
508
359
302
338
352
248
641
16
690
158
189
363
650
130
399
181
33
135
53
483
10
567
104
475
51
340
428
51
338
6
118
142
113
189
450
11
187
48
12
216
179
187
141
83
205
245
1286
472
162
328
9
29
225
133
190
122
11
595
128
524
6
47
10
117
476
424
85
382
869
4
437
15
196
292
22
273
173
46
35
189
87
49
276
22
259
274
233
74
53
58
525
476
295
261
375
27
21
34
84
80
98
205
229
96
178
50
168
68
367
156
106
66
176
86
55
496
216
21
66
66
15
147
183
419
212
143
355
87
85
36
118
165
74
73
141
31
182
94
112
37
174
942
209
604
438
8
269
206
7
195
417
207
133
302
38
146
95
44
348
104
172
388
160
184
89
616
64
91
88
396
154
158
10
165
197
28
136
84
346
75
137
28
334
35
749
63
229
132
268
31
138
4
78
104
467
125
52
60
264
153
36
151
22
166
178
680
547
316
51
156
104
529
306
30
61
7
205
118
141
99
198
112
91
104
243
44
20
31
246
182
136
184
503
118
224
77
204
210
2
97
137
29
275
125
267
447
59
637
38
806
89
353
7
388
302
55
114
358
10
175
227
16
920
847
23
448
31
444
261
288
28
338
79
363
119
392
67
89
207
19
382
303
75
89
6
557
577
224
345
32
10
254
26
143
145
173
334
96
272
77
132
41
108
127
75
174
123
5
119
49
32
10
165
599
294
139
306
485
471
78
295
38
244
116
21
119
44
268
245
199
12
190
194
143
361
44
214
147
15
353
85
390
76
520
295
350
133
279
168
261
160
63
298
40
876
187
303
31
2
69
13
175
2
280
613
11
45
75
34
6
490
28
42
105
156
68
159
634
161
173
269
14
189
14
516
207
45
11
110
168
297
151
269
102
401
232
99
365
36
188
42
235
702
265
66
242
14
35
161
25
106
106
277
74
218
268
466
64
992
173
94
112
32
51
44
124
54
80
518
197
51
84
272
78
165
113
4
70
755
9
8
70
373
209
32
168
28
298
867
751
90
591
18
29
204
185
133
91
16
168
214
426
255
54
99
592
87
707
452
122
45
474
383
236
781
219
170
226
62
30
10
458
204
464
19
340
181
93
57
530
232
60
294
315
366
133
70
340
87
16
138
42
140
41
115
272
68
318
283
40
42
58
160
100
143
32
5
81
48
238
257
42
246
50
159
62
190
280
50
100
489
115
141
44
141
304
348
19
174
86
152
85
369
4
161
7
1
87
189
58
150
50
272
102
27
57
90
532
479
38
149
90
266
249
235
479
218
15
208
180
4
185
339
34
5
322
246
193
130
36
223
397
108
11
265
7
63
22
230
28
119
83
33
196
391
151
504
131
66
456
27
84
21
322
197
76
93
114
60
34
213
44
26
39
188
288
250
305
335
142
15
507
311
79
210
73
220
133
34
301
139
170
15
201
224
34
15
58
92
51
10
416
178
6
674
493
222
104
70
164
299
37
42
20
82
222
33
271
437
31
119
98
77
413
462
902
522
377
88
21
83
551
142
53
227
47
74
151
3
135
232
136
146
275
299
32
82
95
98
137
181
8
596
189
165
11
192
33
100
7
297
255
121
343
218
442
220
60
84
41
443
1
233
530
271
425
229
70
423
520
230
85
45
225
462
130
488
345
336
15
602
354
252
238
258
174
30
270
207
216
89
286
105
100
236
116
138
39
372
132
470
60
615
68
127
148
203
259
444
94
232
522
342
79
220
78
3
101
32
438
9
415
266
396
140
174
234
329
40
45
70
91
43
306
251
153
140
5
178
345
397
89
4
25
165
173
47
192
3
495
138
215
201
78
614
331
659
627
61
8
148
138
33
76
89
98
14
148
273
174
66
575
7
467
41
59
18
190
1
75
65
59
179
180
155
103
175
206
110
96
174
87
186
174
205
113
413
109
250
475
900
173
79
928
124
183
36
38
208
112
347
398
41
1163
111
122
50
127
67
26
87
39
109
44
383
524
15
149
10
240
575
163
93
90
114
174
8
142
145
504
360
794
150
118
752
44
177
52
132
389
339
254
15
31
31
52
7
846
378
28
8
144
208
167
91
56
107
11
139
35
104
293
180
48
14
576
258
95
61
24
130
403
7
202
270
156
241
80
59
38
129
135
363
193
72
55
319
143
36
122
116
161
175
47
46
3
135
734
86
150
52
148
241
291
415
308
92
23
209
182
702
412
156
176
69
55
773
23
356
107
224
169
66
34
102
586
69
61
547
400
190
23
380
21
844
313
97
323
322
9
28
86
831
117
267
20
17
16
87
496
754
39
6
436
69
460
315
480
353
316
203
216
27
10
21
237
146
32
236
7
264
3
428
26
115
45
367
113
267
66
228
201
19
815
105
193
179
44
72
56
28
108
517
28
81
272
152
99
342
3
6
163
242
37
55
221
337
118
261
253
201
136
341
116
90
1453
19
237
30
499
10
74
383
473
50
283
153
13
72
128
286
149
244
35
19
22
27
652
580
112
93
321
860
334
49
271
83
87
113
287
263
104
287
235
1251
2
7
275
404
82
33
123
162
322
31
86
25
472
12
44
1
98
348
55
388
326
490
35
461
29
466
43
4
127
281
43
487
114
791
5
75
92
109
17
283
501
376
88
379
25
33
305
142
145
58
77
32
143
160
153
66
107
12
15
136
100
556
357
67
407
287
50
239
114
9
68
63
528
109
26
47
279
24
86
77
799
456
9
187
114
89
516
10
50
153
46
133
512
338
378
32
659
38
245
235
64
160
56
81
379
163
75
565
70
55
272
204
507
23
27
349
162
34
188
25
166
18
24
39
65
133
242
418
82
23
163
329
21
12
84
154
221
9
76
211
237
114
7
4
115
78
1
55
75
91
18
277
106
157
9
173
31
202
14
43
172
157
169
103
174
66
41
333
84
291
52
303
94
39
142
87
185
14
367
28
194
984
14
159
242
364
626
168
222
161
363
36
55
166
61
226
412
152
184
114
313
241
412
192
50
160
221
413
124
679
142
190
399
210
134
124
85
929
152
373
135
25
28
43
388
83
403
227
179
246
199
5
486
491
313
68
182
54
55
36
5
273
185
218
441
153
141
300
51
26
38
683
235
321
65
7
499
29
84
69
340
74
155
155
168
171
55
295
79
137
35
31
61
47
115
19
4
114
134
29
39
115
873
80
359
220
350
305
439
74
88
58
23
109
327
68
177
545
44
431
243
44
181
17
29
63
9
155
8
270
5
141
5
56
345
38
601
95
161
418
45
75
72
29
132
260
28
516
293
86
89
68
137
316
513
178
160
505
37
145
46
114
527
49
158
559
52
172
155
42
118
22
60
239
68
88
114
142
113
116
431
61
31
134
547
83
272
195
102
60
68
90
56
18
52
532
139
4
131
128
168
571
247
174
111
22
32
40
501
201
378
38
221
49
225
360
257
130
408
131
153
129
176
60
85
395
36
216
185
13
170
198
128
18
295
309
10
60
110
254
93
168
267
321
351
361
336
147
7
118
84
324
302
370
692
55
40
151
47
283
159
280
48
218
34
209
65
153
111
1066
97
505
229
92
222
87
8
383
28
175
138
16
107
172
514
271
14
38
414
116
9
500
997
399
362
7
1010
61
20
776
364
54
4
173
50
233
118
44
552
19
480
460
53
313
162
29
262
204
50
300
6
156
169
41
168
61
178
9
354
33
71
197
152
1023
5
81
346
296
15
9
31
120
36
45
332
190
124
31
521
21
136
191
252
96
488
564
399
475
84
364
726
27
44
77
254
96
345
219
312
124
300
602
54
610
195
10
65
34
9
196
48
298
222
18
127
19
106
492
120
385
227
105
47
183
74
57
174
181
165
464
451
42
4
78
288
237
260
389
33
197
113
567
58
108
58
117
71
103
197
40
393
58
470
175
299
171
93
561
64
555
21
48
96
772
124
452
56
407
207
429
105
344
701
319
230
406
120
296
226
205
81
33
182
83
10
10
102
211
84
66
476
319
2
188
603
122
1044
288
36
292
60
51
142
30
53
55
24
15
48
3
160
257
152
176
28
122
373
76
62
4
102
133
173
215
182
599
313
359
257
88
803
296
38
350
91
167
1171
216
22
10
43
569
80
35
114
178
461
6
288
283
6
124
557
26
85
21
416
551
157
505
714
118
26
89
242
129
93
230
65
318
47
526
289
41
457
12
130
188
77
175
778
174
328
90
171
19
52
310
173
24
80
25
68
34
729
21
444
319
98
220
68
261
537
534
5
46
186
25
75
114
285
265
101
361
45
231
30
210
51
137
36
404
259
110
111
573
468
210
139
64
266
68
129
421
282
92
308
76
64
197
336
45
170
43
198
110
62
1
227
101
72
16
318
114
315
110
93
194
55
301
1
49
48
470
139
3
28
207
173
219
41
129
15
98
15
289
3
16
153
129
127
62
97
133
94
430
11
72
80
81
67
80
182
312
19
131
56
58
125
61
214
60
21
31
100
336
155
85
188
97
2
382
1453
155
96
294
142
31
134
362
247
173
72
58
45
1
19
165
324
8
32
333
883
541
55
242
73
209
52
529
42
297
33
133
750
376
34
15
148
683
168
102
34
43
153
174
116
240
108
69
136
38
154
793
61
95
72
345
164
102
91
184
55
145
454
75
80
35
161
193
126
705
50
620
147
88
40
121
222
171
275
106
380
323
612
161
427
25
119
289
26
501
29
156
778
256
214
406
44
313
94
272
23
185
360
13
426
180
110
20
665
37
49
58
200
106
233
103
748
149
75
97
37
104
237
5
83
88
72
68
584
102
102
405
531
34
67
408
152
300
102
341
24
386
114
267
333
351
1
136
99
342
996
28
23
103
39
106
662
49
38
67
36
791
93
142
30
293
463
28
800
25
51
10
194
399
129
99
172
52
27
447
232
13
13
10
166
309
226
37
51
614
18
40
207
439
2
63
212
111
135
38
671
38
752
67
252
61
436
77
84
27
59
282
32
33
160
291
94
316
60
375
47
12
75
425
107
330
825
388
26
603
78
558
113
362
247
28
86
650
230
53
268
98
163
81
293
368
702
148
184
996
623
21
251
384
188
449
248
297
629
14
448
4
30
614
159
90
115
67
40
253
86
113
189
48
37
653
65
255
71
30
146
72
297
217
65
151
43
76
892
35
158
314
12
29
32
83
243
80
33
151
179
28
355
333
6
34
43
19
23
51
711
7
196
745
229
94
28
21
272
364
526
234
82
3
104
214
6
328
140
224
321
279
234
204
162
390
65
22
243
54
108
201
480
49
203
195
193
36
55
114
110
273
110
111
438
331
122
313
529
220
297
222
76
525
70
154
105
213
391
69
270
8
17
15
136
69
134
42
138
12
68
55
382
488
177
300
260
87
118
174
126
345
163
552
177
28
578
590
277
419
139
73
76
45
237
138
168
124
81
638
43
37
221
14
27
341
280
137
86
475
79
489
258
291
25
115
130
144
460
381
104
316
31
13
106
159
169
261
123
146
155
171
160
244
140
75
323
149
129
224
48
359
293
148
59
179
535
130
343
85
30
14
223
63
580
359
690
785
271
109
591
372
242
3
98
756
198
49
484
236
146
280
283
176
37
784
18
774
244
244
106
703
87
57
76
282
69
53
481
139
634
14
71
111
197
180
134
97
183
402
616
172
415
146
96
245
200
248
239
47
88
25
5
364
635
473
166
74
298
47
26
44
234
2
52
356
85
822
185
106
234
42
456
5
280
20
120
365
917
734
12
32
3
11
98
133
20
100
26
170
49
13
120
61
27
114
557
53
22
43
122
208
443
589
40
128
173
593
75
253
312
425
181
61
10
42
48
157
186
452
36
304
209
114
259
714
37
93
19
99
91
171
266
296
500
291
241
653
1074
460
61
37
71
96
46
189
5
160
38
271
14
122
78
294
80
76
268
245
120
235
332
214
337
348
22
164
45
21
362
26
408
23
177
25
139
62
58
375
266
143
485
457
291
604
247
653
262
7
57
534
75
24
243
813
89
835
40
417
431
58
113
36
67
14
150
170
21
39
169
49
45
302
9
524
251
23
463
96
157
60
821
47
337
44
364
488
24
116
169
229
368
92
318
498
155
196
71
208
146
180
126
161
208
107
32
362
204
137
579
200
229
3
207
44
273
85
279
175
110
497
359
7
214
116
247
308
34
734
17
158
452
374
248
71
148
336
292
260
819
147
88
528
64
212
453
205
184
327
120
255
376
135
142
16
202
71
110
297
408
209
5
165
21
22
158
128
139
258
113
316
492
118
24
15
219
439
94
99
185
222
106
211
36
170
20
11
323
195
209
131
207
147
58
19
239
94
228
242
126
53
194
79
76
90
220
120
112
290
231
95
234
417
172
70
92
515
14
71
458
539
172
20
211
334
375
187
1045
147
69
45
149
292
314
245
310
50
574
12
84
226
102
202
145
45
90
35
225
210
388
56
99
181
396
102
69
19
413
239
2
55
6
294
1
23
93
106
212
324
81
127
109
89
12
68
123
62
206
87
148
44
427
105
121
341
198
300
38
59
88
7
127
17
2
344
118
93
277
2
602
270
232
403
418
436
38
163
191
156
298
169
165
87
146
108
859
213
127
45
28
168
68
94
357
113
334
85
189
4
69
36
116
143
83
4
35
235
51
277
315
82
172
24
217
59
24
718
190
1513
117
53
49
193
200
175
64
146
137
537
132
389
79
202
182
112
17
67
526
154
214
65
151
321
82
384
497
97
723
431
218
181
17
7
240
86
78
189
227
110
174
291
61
8
33
64
194
215
39
196
13
153
444
200
15
547
328
67
202
162
100
10
44
5
97
90
15
8
60
142
217
13
12
196
91
12
9
5
110
46
90
177
216
30
75
108
99
175
49
129
85
558
194
123
873
248
337
164
8
76
75
106
161
46
98
419
113
275
52
518
202
491
364
77
8
32
64
75
39
112
61
20
316
9
423
44
150
530
76
169
149
34
78
163
101
119
138
135
76
69
495
24
192
133
65
162
265
242
20
21
355
1758
21
103
580
257
89
118
6
318
68
525
227
397
20
64
632
58
307
4
20
50
67
326
113
120
335
199
140
69
15
214
133
223
91
59
837
39
49
130
109
63
185
287
399
22
104
746
259
473
25
193
12
100
129
80
414
43
12
126
76
274
125
605
777
214
35
21
76
556
173
216
87
32
188
317
218
417
1352
42
465
161
350
7
256
6
183
21
120
538
19
177
90
54
140
10
425
4
10
786
164
457
158
121
43
17
25
84
418
150
179
145
106
38
254
185
340
229
267
191
99
272
121
22
13
67
97
20
127
217
16
154
163
67
40
106
6
164
102
76
150
273
397
216
443
177
14
61
70
59
560
133
202
153
35
253
7
272
63
86
273
81
269
970
92
219
146
40
218
492
48
48
379
166
125
110
244
127
187
154
77
875
51
104
385
13
238
268
29
347
73
33
112
195
5
39
63
646
164
142
196
79
297
30
73
89
4
232
532
82
161
159
67
128
173
35
113
516
3
12
111
16
177
553
631
675
91
141
283
112
65
51
33
336
290
304
169
377
24
117
91
156
175
2
311
202
638
201
125
167
152
34
45
98
43
56
135
207
228
923
160
223
190
61
47
56
85
111
155
22
72
289
149
68
371
53
218
283
69
324
300
64
31
27
614
1033
35
233
460
302
87
54
173
203
129
206
130
78
29
597
79
149
24
349
208
191
599
25
594
121
124
267
480
39
44
202
108
131
139
994
306
82
52
117
1406
191
267
132
87
186
52
351
61
404
9
443
230
108
888
34
479
232
84
183
26
58
152
632
150
292
44
709
121
28
198
103
41
56
58
1080
616
134
42
27
460
52
161
78
73
110
144
117
5
288
281
210
98
75
115
619
120
27
43
150
562
328
84
139
254
137
353
133
26
47
9
138
3
9
16
167
477
48
156
216
1100
82
141
55
104
5
226
18
165
35
105
217
1103
408
196
255
108
239
59
85
104
381
69
46
176
21
4
39
183
45
169
18
271
101
89
331
177
446
133
101
123
350
260
126
20
216
45
200
74
144
67
16
18
85
457
20
350
146
270
309
47
210
162
178
102
66
12
465
15
62
167
152
663
112
1
29
107
91
62
104
201
602
201
59
32
124
73
184
36
296
177
30
66
224
520
202
79
224
71
33
245
83
19
264
24
185
13
549
403
2
131
324
396
92
1233
166
74
334
107
291
56
227
401
11
18
50
174
67
19
183
285
66
13
32
234
355
33
84
235
59
17
126
758
39
227
122
7
300
1171
391
183
49
523
100
380
121
187
17
432
41
137
111
19
23
114
170
132
58
165
691
213
163
102
121
89
130
844
61
93
287
91
467
243
38
71
108
309
89
160
457
224
176
159
400
445
160
349
82
8
2
7
36
228
103
430
153
236
58
470
36
184
130
65
20
8
120
216
181
439
412
82
34
58
78
131
739
281
192
676
2
105
257
129
548
126
120
77
23
145
197
300
448
70
790
77
108
97
125
151
25
83
46
22
38
97
359
273
34
51
105
72
1
22
182
4
212
228
120
45
111
361
84
35
149
804
109
322
245
844
48
210
146
68
207
254
26
77
32
2
33
342
25
1089
170
23
114
3
4
620
56
280
171
28
251
360
127
37
7
271
205
167
71
732
223
384
177
283
4
291
415
34
10
6
6
542
339
410
197
6
17
456
293
489
137
82
221
317
134
79
35
438
272
74
472
230
323
28
145
145
255
462
55
70
66
72
153
252
228
77
35
370
53
17
12
83
666
410
248
60
232
438
51
241
95
406
349
37
127
37
2
3
520
93
10
279
193
15
23
219
592
361
194
126
46
10
53
103
186
193
588
216
142
64
282
89
278
93
114
10
175
1102
265
791
40
70
242
15
41
259
76
344
59
67
41
26
18
72
145
46
430
521
17
210
275
381
92
288
497
105
243
33
101
189
124
418
412
59
44
3
117
198
346
565
14
846
191
57
69
80
49
160
24
191
101
22
154
719
298
152
296
8
45
152
140
746
10
409
54
73
26
164
44
24
99
140
249
270
66
143
181
172
269
743
116
696
309
23
87
608
300
1245
12
318
18
122
369
5
119
387
84
682
216
483
180
128
399
243
85
334
29
308
22
123
177
265
406
277
263
711
5
16
64
51
88
226
24
109
240
211
245
117
25
53
179
133
29
767
43
122
729
538
262
38
65
91
88
313
55
40
72
52
244
178
60
733
19
33
196
27
239
265
659
620
77
165
67
509
211
408
108
101
120
73
48
917
473
207
258
363
54
604
37
194
491
255
336
278
155
33
168
139
330
23
122
119
163
428
241
16
80
87
218
411
124
183
76
296
30
196
131
65
99
53
179
25
140
215
26
286
336
18
130
235
86
173
142
229
67
179
104
4
235
182
36
640
160
611
94
65
124
181
138
55
16
210
111
451
221
165
122
546
413
349
131
13
709
516
157
32
311
163
157
11
187
278
54
119
20
757
75
128
242
339
273
168
139
73
26
91
601
163
40
514
147
252
71
43
230
442
17
9
49
23
402
227
69
515
69
368
77
276
210
161
7
146
67
347
266
293
254
32
54
269
285
20
103
167
57
437
351
42
255
69
157
12
249
202
70
44
370
93
70
334
139
528
728
456
62
69
227
17
388
17
275
40
274
153
2
215
54
37
20
141
38
154
184
220
3
413
148
195
134
811
519
40
169
53
98
27
592
693
17
270
289
52
13
469
309
10
222
268
296
63
144
134
53
30
12
231
71
164
49
48
512
84
730
83
35
74
128
80
223
173
151
261
62
394
20
509
196
34
168
6
606
211
125
281
312
39
110
77
231
17
661
649
550
352
8
55
36
52
305
193
410
163
125
135
304
132
22
45
21
23
255
47
125
929
221
457
353
119
12
57
441
9
239
343
106
159
165
73
15
65
47
14
17
13
36
541
77
326
237
230
28
398
1094
115
182
41
42
129
112
126
36
191
51
63
236
251
78
77
353
108
638
612
847
252
515
684
274
118
133
287
334
65
277
22
22
83
52
84
114
2
283
128
302
9
176
330
168
155
271
231
714
565
142
864
238
171
26
408
41
409
130
143
275
392
15
50
178
1
350
320
33
1227
18
107
322
189
127
504
67
34
358
464
674
242
866
77
61
194
131
18
67
152
19
109
29
65
74
84
387
1033
124
23
117
469
290
677
619
416
696
18
33
100
383
586
198
1023
60
23
597
328
478
203
240
50
248
17
611
85
287
71
31
84
316
7
273
35
59
148
344
390
292
1
337
11
33
146
194
176
300
266
93
10
105
67
534
41
77
72
149
378
356
209
151
158
16
171
365
37
22
42
340
10
30
182
64
457
39
6
119
243
181
322
132
51
15
135
77
34
133
24
145
155
2
218
585
169
34
531
384
70
570
319
47
105
628
1306
393
225
126
188
124
12
89
25
175
44
19
119
11
78
96
281
542
30
424
83
37
382
127
151
60
422
144
448
21
91
231
168
61
18
211
25
382
330
72
258
75
308
265
13
33
88
292
242
29
83
27
97
323
71
13
5
406
53
206
274
116
339
96
418
138
320
124
26
215
185
60
417
212
306
98
646
137
95
1381
202
334
316
145
53
75
67
161
62
368
197
58
83
6
28
240
256
560
125
249
485
286
159
211
10
572
597
145
133
322
1155
6
122
2
30
501
6
1227
207
37
84
227
75
87
94
140
29
425
24
72
237
78
138
428
50
141
512
381
3
229
242
197
66
99
68
24
640
71
208
2
241
258
165
51
137
12
65
84
30
294
67
203
14
70
186
180
219
113
110
101
226
156
99
95
287
51
128
373
355
242
221
82
51
200
115
223
90
169
42
418
491
320
229
86
29
263
228
73
101
200
222
560
184
370
10
71
121
62
167
67
67
67
103
329
128
446
246
160
14
42
666
64
242
989
755
40
105
355
437
63
102
488
4
41
111
114
465
133
350
356
86
367
342
68
405
22
34
23
82
267
256
70
43
158
47
738
12
49
97
424
24
179
26
220
7
40
277
57
435
409
350
372
338
65
481
9
335
275
124
123
136
121
110
97
35
161
192
640
6
443
144
61
623
47
134
426
137
78
33
76
215
54
402
337
41
239
1124
769
239
22
10
271
173
61
51
6
442
950
170
280
49
770
51
120
269
489
432
30
108
83
38
287
181
45
351
374
438
158
134
196
242
95
7
81
46
16
33
451
25
106
43
286
36
183
466
4
140
82
38
190
4
77
77
329
310
53
13
204
174
191
286
180
258
195
4
44
46
30
45
284
70
44
12
736
200
49
498
199
1
574
227
16
270
227
16
289
11
206
97
133
29
9
36
182
98
268
12
479
197
10
82
128
180
175
51
873
185
199
182
9
254
13
44
440
57
42
430
8
508
176
19
64
203
71
2
116
4
124
229
197
273
277
134
944
471
207
48
793
66
1204
56
22
374
379
956
2
107
653
37
27
207
12
516
131
102
48
174
4
229
95
445
21
10
147
164
90
369
72
4
265
16
333
26
285
72
76
320
881
84
120
73
197
42
462
27
40
603
578
29
80
32
490
34
228
56
891
109
258
263
76
20
191
199
472
126
11
250
72
338
689
85
121
214
50
57
323
95
10
8
2
439
121
479
84
105
74
59
27
470
75
194
70
95
178
324
126
134
25
116
142
252
234
669
25
157
238
51
68
374
81
197
60
8
169
40
297
11
146
53
56
350
121
65
236
60
49
218
3
90
37
159
127
204
132
609
499
59
510
56
263
37
459
455
436
265
616
435
38
685
115
154
1
632
169
42
323
185
208
143
110
52
155
354
168
43
64
67
237
12
408
34
87
115
43
60
115
24
725
229
83
136
310
279
103
10
39
160
285
277
198
381
460
45
202
315
5
121
172
32
192
38
184
145
47
51
60
80
317
61
19
538
494
116
440
227
312
324
432
70
160
139
138
110
1
90
683
219
481
676
144
611
46
324
64
189
45
167
262
588
42
59
381
258
102
18
210
83
384
482
101
12
1165
27
43
37
204
281
30
100
29
275
308
82
76
25
29
117
18
722
366
39
41
25
488
400
25
41
170
682
197
5
141
44
297
93
54
62
9
104
364
203
122
66
238
31
34
56
150
259
117
109
106
70
244
393
3
417
58
593
282
6
133
282
22
318
99
116
276
20
328
70
393
310
128
144
30
115
65
69
441
468
252
85
392
319
2
120
910
1
345
15
439
43
33
241
39
212
46
4
119
60
392
97
18
569
196
407
182
141
168
81
281
28
41
221
45
103
236
354
295
46
236
239
60
89
233
107
322
67
108
56
206
180
130
180
135
513
46
55
35
389
62
106
273
67
683
293
7
8
248
472
96
36
171
123
273
203
140
110
32
502
16
270
53
29
67
339
32
64
83
771
138
48
591
154
173
621
7
137
166
396
87
163
540
65
4
119
338
91
86
50
133
146
14
179
250
32
53
501
48
56
1
497
427
144
157
231
15
124
43
37
175
57
58
199
206
218
109
50
156
20
78
63
37
277
26
85
39
24
202
261
603
341
3
86
39
507
76
330
27
355
21
172
128
303
98
559
333
36
4
335
174
177
390
2
213
2
335
7
72
262
31
10
250
235
7
8
360
338
414
344
269
339
57
729
50
64
17
63
365
79
460
254
41
369
272
354
134
103
167
30
93
502
277
204
566
65
170
49
482
316
39
188
3
437
822
19
100
281
974
93
49
112
951
479
46
13
22
23
74
285
207
194
59
339
312
57
39
247
718
177
10
225
148
6
27
53
136
24
35
127
31
700
151
125
14
341
17
225
105
41
379
199
33
487
107
301
583
169
11
366
114
78
132
137
161
456
91
283
322
248
68
430
416
280
123
32
264
87
373
79
128
90
568
66
9
481
475
96
57
68
69
55
863
13
10
141
59
3
22
19
305
3
27
230
446
96
298
462
122
431
28
423
121
498
141
235
23
766
99
107
11
9
250
45
146
481
37
41
616
29
331
169
34
193
197
293
54
130
86
425
154
60
34
108
384
21
162
169
861
611
23
449
18
118
54
261
275
119
401
50
80
884
9
62
129
183
80
62
67
207
29
608
26
304
269
55
147
25
45
83
36
30
450
11
102
17
402
161
56
252
278
148
101
65
125
629
33
136
94
142
295
117
44
243
44
55
69
409
203
33
208
31
660
72
43
82
99
135
243
26
110
54
7
52
144
217
343
32
113
72
135
13
291
106
223
115
184
416
334
10
272
89
42
358
162
235
4
108
328
45
576
179
153
818
142
226
99
304
617
11
103
142
1
243
232
10
332
40
2
106
466
258
250
385
48
1089
611
2
1
40
264
236
418
382
229
108
171
116
15
56
328
188
1
11
348
112
69
346
578
224
577
7
280
18
291
263
47
522
3
117
89
263
185
112
430
141
329
120
49
73
590
190
104
130
2
84
128
120
229
40
141
96
294
100
33
146
126
9
279
206
116
199
436
102
42
348
117
412
239
131
5
64
286
115
414
7
11
63
10
47
74
151
3
131
237
192
126
204
258
343
145
418
296
236
1128
257
191
66
26
980
805
89
35
169
178
51
114
94
177
39
59
88
634
57
19
412
295
70
229
67
312
11
62
18
103
48
229
126
83
35
175
196
30
108
104
203
383
122
102
73
533
435
95
283
293
227
117
39
454
136
89
139
60
246
387
115
165
57
152
191
37
308
177
57
131
119
25
29
78
174
37
91
54
232
75
142
49
30
416
258
332
267
214
165
15
252
57
353
79
76
263
90
58
125
837
11
38
253
58
575
23
3
58
324
140
81
152
503
27
490
68
172
21
6
80
622
141
767
130
403
191
105
12
28
19
124
256
619
50
630
90
36
218
29
53
177
168
11
25
146
216
59
223
141
40
355
259
99
43
92
237
425
43
836
415
163
143
3
362
180
129
93
179
23
311
74
324
104
26
152
259
10
80
97
24
1
82
18
309
312
22
252
28
502
219
746
34
137
242
79
124
77
196
198
227
75
197
379
273
220
234
574
198
130
855
135
311
67
227
43
10
73
161
363
23
275
133
301
122
5
42
172
344
44
47
407
618
153
217
12
532
137
208
493
226
932
354
264
734
64
36
7
201
69
44
141
12
381
579
60
524
115
362
475
55
5
188
242
85
276
258
41
81
267
47
159
78
925
102
55
8
197
182
557
63
83
7
125
133
114
41
275
76
56
393
112
27
73
10
45
93
31
877
125
2
614
114
105
184
21
174
23
116
245
195
262
64
57
107
112
2
109
42
11
651
39
339
51
888
63
181
494
31
29
701
20
24
112
52
154
35
34
183
103
262
185
264
230
161
8
6
17
79
118
298
117
319
41
186
83
114
394
36
391
92
84
152
56
465
36
84
116
49
50
6
35
165
26
60
159
190
579
463
15
54
418
194
217
87
115
127
317
33
274
141
144
86
197
422
9
252
411
90
19
186
170
310
94
225
303
96
156
159
113
109
4
196
311
55
504
270
78
1133
173
531
74
51
354
742
10
164
184
960
1302
259
549
270
245
29
6
470
354
25
87
11
38
71
145
132
794
795
447
231
118
26
208
214
209
283
53
270
444
125
872
61
240
250
436
200
83
219
11
41
52
81
28
106
13
183
25
427
698
12
262
135
201
24
505
73
177
101
187
258
219
354
57
33
376
118
79
436
104
82
90
151
215
269
140
139
48
267
86
1222
904
139
10
12
524
181
71
572
220
63
75
184
20
55
98
94
8
442
22
244
12
114
356
14
145
436
165
317
642
123
243
20
1011
47
522
430
179
151
202
268
32
88
39
206
24
189
98
274
177
390
155
416
219
180
74
1165
507
39
405
90
387
394
210
152
214
486
516
12
23
51
292
585
1393
126
137
247
437
49
45
38
149
1
108
310
346
314
188
200
248
364
121
387
221
97
192
288
92
41
13
62
38
78
136
503
517
62
7
60
321
218
266
213
183
343
1219
110
83
88
145
92
116
666
337
153
99
330
2
81
55
119
355
305
246
349
174
22
82
61
5
84
117
479
429
67
67
213
2
87
55
579
304
237
96
131
503
57
51
61
42
427
20
651
42
130
379
15
292
7
92
325
37
185
203
58
138
58
289
234
202
271
298
170
28
45
150
34
46
112
183
49
140
32
135
363
168
341
619
264
284
85
411
17
201
66
109
82
102
356
597
620
159
89
105
179
56
166
180
188
172
26
36
133
59
601
231
5
394
395
183
369
52
289
109
29
14
46
9
31
97
104
125
79
419
162
345
240
314
163
2
70
105
585
298
52
256
50
220
76
115
61
171
292
345
24
72
369
168
323
743
1
47
115
212
144
50
66
512
540
101
10
498
146
155
29
147
564
32
687
31
87
28
60
446
50
33
71
148
530
253
20
501
180
184
135
173
17
211
16
356
229
213
1080
44
111
67
136
241
129
275
73
150
191
56
240
310
60
315
82
334
665
166
233
302
531
61
50
5
114
243
17
436
223
29
123
110
1
110
116
360
4
242
113
690
113
159
3
246
66
72
78
193
89
193
318
232
94
393
96
135
338
97
4
211
732
90
174
479
19
45
713
218
21
36
208
79
689
68
51
78
7
43
121
22
92
400
49
884
198
6
333
44
78
38
51
460
2
377
187
226
89
83
235
32
184
58
83
39
56
37
642
146
183
610
4
33
20
282
85
59
273
93
120
16
439
2
187
200
151
13
409
127
82
5
310
121
271
11
1007
340
23
93
113
103
107
9
103
92
129
48
37
62
24
124
80
316
69
72
229
13
205
117
325
276
96
478
10
831
18
198
42
62
62
158
119
71
58
422
17
14
71
193
63
7
127
367
169
256
34
569
161
195
316
102
521
237
245
26
373
88
155
1
181
60
62
324
106
276
52
394
192
70
45
366
345
300
452
4
101
617
584
65
501
686
299
74
390
46
91
56
34
100
88
38
768
57
134
261
77
147
332
86
229
329
210
45
182
556
336
130
25
73
730
26
16
710
256
147
74
461
58
86
159
34
28
20
45
104
38
96
281
179
324
225
7
17
684
136
621
40
945
219
29
74
100
293
465
257
24
86
17
25
22
651
39
478
322
247
47
196
99
64
476
36
88
30
145
76
76
860
388
96
156
1012
623
47
46
715
435
152
290
16
16
476
142
17
322
31
211
487
11
145
13
104
162
211
661
1
17
110
239
107
379
203
489
384
38
783
56
635
21
516
378
604
68
10
443
39
287
167
75
173
411
104
602
53
13
240
125
143
291
7
657
713
17
63
484
182
126
75
44
110
47
210
412
46
315
7
149
40
2
22
274
156
465
83
220
231
103
34
8
402
243
141
329
82
67
335
225
158
197
187
182
149
130
223
234
4
302
15
149
140
14
467
64
190
128
19
215
35
27
22
47
56
26
474
290
207
316
5
236
1010
148
1052
338
454
283
39
138
163
146
21
378
3
15
79
160
167
1381
30
50
146
98
352
379
310
81
6
50
141
154
405
313
45
27
77
15
205
139
167
361
583
94
282
72
12
272
629
172
32
1
235
135
22
539
377
38
188
285
95
99
1066
6
158
32
101
137
31
108
79
275
124
178
67
331
108
149
117
102
182
241
14
19
220
121
248
22
446
260
310
473
41
87
216
98
125
64
301
310
273
287
901
30
244
864
199
96
36
2
120
585
62
189
3
668
248
538
192
356
485
110
94
94
99
2
145
76
59
8
144
59
28
386
30
455
88
184
5
263
331
20
358
445
46
83
201
110
40
183
166
207
16
137
99
390
218
27
9
25
290
204
265
55
4
68
274
384
234
85
126
187
408
599
326
81
400
61
159
88
34
673
283
217
292
155
337
32
98
69
43
228
13
198
160
40
369
135
60
110
46
132
526
369
180
185
11
631
530
22
85
274
114
99
421
183
182
131
189
27
218
627
98
139
113
454
7
185
289
275
177
193
193
190
87
92
561
494
263
11
69
513
175
224
152
16
16
289
99
183
241
289
75
105
146
213
95
230
50
30
215
40
25
9
396
230
206
46
178
182
125
138
14
29
309
74
230
12
642
13
42
143
744
30
415
295
563
343
197
166
27
139
26
280
237
453
19
872
229
127
567
45
85
290
176
131
121
492
371
54
194
798
59
39
72
106
188
6
132
62
25
125
261
141
124
66
204
710
226
35
76
94
25
27
545
504
102
13
9
385
232
83
189
194
14
476
142
364
136
859
116
388
2
212
755
12
251
107
270
213
47
39
88
51
575
184
61
195
66
78
927
173
183
555
600
214
81
87
100
297
50
77
172
10
232
269
310
34
199
209
59
523
137
88
177
108
854
257
353
27
49
8
239
202
239
123
29
93
659
140
257
216
47
148
27
436
274
227
10
444
226
81
474
90
169
93
291
118
145
107
183
65
108
82
152
219
326
35
25
199
22
239
55
8
178
607
312
5
1
292
186
122
10
207
442
27
223
52
189
444
149
117
3
146
73
234
360
102
128
34
80
463
21
193
209
154
49
321
268
236
137
211
69
28
205
192
407
801
64
67
335
116
258
112
699
432
150
486
484
221
661
98
221
56
153
69
194
434
215
21
190
259
130
76
442
68
19
26
733
67
11
52
6
391
158
351
377
1
592
36
8
100
62
214
140
74
45
17
325
471
47
266
146
160
110
19
37
101
265
418
329
820
502
23
442
4
30
571
135
21
211
562
124
178
18
183
218
83
23
245
326
142
415
113
7
41
5
208
381
4
205
117
114
194
915
73
933
421
93
508
46
872
557
20
100
92
363
240
122
40
135
50
47
242
97
280
46
55
42
1
204
335
178
50
101
81
187
158
453
136
353
280
297
16
80
329
4
519
222
66
210
60
318
5
165
177
40
25
159
519
11
148
44
149
18
123
240
381
81
476
31
3
339
63
118
93
165
193
132
167
116
144
135
187
237
391
97
90
112
294
9
9
618
474
36
1
83
58
339
138
557
324
52
225
90
33
552
127
180
103
480
225
260
106
231
371
15
337
36
75
3
343
30
799
128
47
30
40
70
152
237
43
112
930
197
341
45
502
115
166
184
96
99
268
354
355
106
41
8
78
88
341
154
47
289
266
97
337
240
18
188
17
273
117
3
172
302
411
324
549
181
114
797
25
745
82
289
129
77
115
485
35
97
90
78
254
73
426
240
126
97
380
215
146
377
89
27
1
20
89
85
107
156
125
86
145
240
29
62
435
147
1
56
117
206
143
105
840
191
183
203
55
243
234
153
75
89
203
111
15
589
454
258
102
398
195
153
357
160
466
306
122
185
422
312
200
136
522
160
131
6
212
207
166
30
494
11
298
19
169
302
461
234
44
165
317
197
130
178
217
137
139
138
106
193
213
154
155
62
93
52
148
82
106
95
45
30
545
274
12
81
10
66
779
200
13
43
83
89
42
307
576
125
422
70
357
20
144
228
74
61
236
204
65
324
352
255
60
25
57
397
35
373
157
54
28
12
98
224
189
12
143
188
647
90
18
307
203
3
53
205
116
274
362
239
270
36
121
292
45
124
118
94
507
379
30
39
144
51
38
301
10
43
311
295
83
11
60
71
179
364
40
12
292
638
370
7
295
193
114
364
344
149
49
671
6
9
137
370
205
86
137
1323
476
239
671
44
10
96
203
430
71
139
78
306
128
23
370
1
12
365
140
127
61
199
84
10
3
177
418
47
92
196
156
159
76
786
172
7
104
33
157
73
48
101
50
453
17
90
14
226
30
670
1214
106
2
15
240
272
56
24
30
121
440
47
174
88
52
491
276
205
14
31
103
11
196
98
5
233
125
405
350
370
101
186
368
206
451
23
59
457
549
253
263
806
275
52
784
15
119
368
46
186
7
20
261
77
227
336
130
223
354
268
157
3
11
360
161
87
20
676
14
16
34
748
238
108
347
304
46
13
193
170
61
258
210
256
29
8
87
130
512
173
268
11
255
105
38
45
57
604
25
377
71
164
324
516
221
182
86
538
322
107
53
99
355
5
187
248
76
376
128
209
70
89
18
395
653
782
224
252
198
15
352
501
43
85
197
14
424
174
452
251
110
542
194
8
107
268
557
247
15
23
247
15
25
40
26
40
654
100
74
400
1149
164
114
76
21
35
49
97
34
209
95
29
332
32
667
267
23
80
4
83
70
448
172
603
143
113
112
1
143
6
227
183
58
132
132
30
119
114
3
75
481
71
12
34
322
70
67
38
185
126
170
42
698
2
113
702
43
252
565
65
134
901
52
83
413
27
404
124
301
80
68
295
34
55
153
259
78
82
117
140
42
11
215
334
38
667
128
65
126
398
539
532
408
21
54
729
598
1023
345
81
247
254
38
30
139
107
283
278
101
626
33
85
267
45
234
269
16
1471
275
131
55
489
5
390
262
445
368
398
34
335
523
280
652
45
195
62
31
689
4
23
31
161
636
321
259
55
107
125
572
14
31
224
2
28
39
504
52
200
4
357
283
148
23
247
86
18
123
128
409
66
593
207
296
56
62
110
50
257
524
120
30
364
100
104
391
1041
236
589
197
70
172
40
194
67
198
32
296
103
80
158
16
546
151
39
178
399
74
56
420
110
222
28
23
245
15
239
129
47
53
270
64
171
42
218
45
131
22
774
54
476
264
272
266
274
18
133
888
703
39
288
619
78
111
464
102
302
183
9
29
232
301
14
190
439
87
148
159
243
132
21
357
15
3
312
111
269
64
80
126
363
310
597
71
202
78
31
214
435
55
102
247
168
225
219
42
93
109
123
74
298
15
87
276
16
88
421
75
36
24
109
186
123
508
55
86
309
348
40
190
172
22
44
218
48
185
55
196
407
176
204
254
261
141
168
62
352
306
224
35
131
589
122
18
157
43
153
31
110
278
81
21
25
28
82
11
42
177
125
213
640
430
244
190
344
300
154
283
642
39
73
77
95
132
20
230
148
11
48
72
103
61
408
6
135
28
39
152
70
1036
825
21
529
44
290
107
149
48
4
236
335
57
94
271
283
281
647
61
159
333
24
12
336
381
8
109
102
259
162
86
156
156
106
398
310
58
101
30
152
133
270
201
120
163
604
705
270
33
212
305
133
190
158
51
625
93
11
98
63
106
298
82
35
66
79
662
61
188
206
105
280
190
104
55
212
144
170
31
222
101
268
72
503
118
71
47
87
2
20
28
56
142
189
543
184
190
64
138
320
233
5
110
77
624
224
59
511
89
57
838
22
167
274
657
35
32
188
3
267
71
76
570
40
42
72
37
153
67
302
218
165
270
144
795
172
50
42
150
131
41
118
349
342
15
41
3
52
99
46
55
15
25
358
50
212
124
163
213
371
96
79
274
114
404
169
133
20
122
158
917
60
531
25
173
336
227
146
309
405
239
62
16
151
228
268
117
675
41
163
191
204
81
93
28
4
3
24
496
213
11
79
227
510
94
221
284
73
133
43
250
156
114
120
75
142
163
19
42
29
14
587
384
56
501
83
69
203
631
152
393
62
277
14
251
369
29
854
127
256
563
191
76
112
333
428
78
195
212
477
29
444
205
372
296
45
59
196
321
80
83
231
135
33
195
65
77
24
231
109
105
257
360
36
47
112
422
33
16
243
51
43
8
236
72
357
92
65
326
176
77
385
199
459
172
280
21
116
323
160
80
311
410
39
73
41
23
35
153
78
32
323
390
476
286
248
67
672
53
119
94
163
187
232
32
698
132
263
568
1471
168
230
52
96
272
39
347
931
332
622
145
509
234
42
139
818
60
361
214
291
158
490
24
360
145
6
11
36
36
663
62
95
26
290
93
597
140
6
49
408
50
417
106
601
124
88
113
78
173
227
85
51
18
21
145
235
884
306
88
47
38
161
149
624
11
289
187
258
52
62
211
16
80
236
205
417
327
2
66
315
388
168
24
322
51
201
109
89
14
181
455
74
211
333
146
19
11
92
192
101
175
198
202
346
50
460
132
201
219
15
3
54
80
160
165
110
510
95
2
10
423
335
95
30
83
65
98
22
449
825
535
28
354
18
5
74
16
247
11
199
172
235
598
121
79
101
32
134
272
105
325
533
213
142
81
355
168
245
191
68
123
269
513
163
348
346
2
232
37
10
72
267
220
54
273
52
62
176
36
399
362
3
226
33
251
127
31
1294
61
15
8
462
251
130
332
301
4
56
29
19
392
169
8
71
215
66
102
72
218
78
274
429
595
249
365
343
128
46
6
254
570
166
347
39
257
285
210
89
119
659
67
187
192
205
470
27
404
201
61
99
29
153
424
87
109
53
376
4
113
574
14
153
256
180
136
74
204
409
86
84
280
354
232
75
966
86
101
137
46
75
4
38
93
390
100
154
41
148
184
321
44
200
34
124
73
314
473
125
250
333
211
53
37
458
494
54
202
137
369
36
38
162
241
71
40
213
592
41
288
279
85
39
125
536
14
810
1039
2
63
304
68
71
34
1
142
120
433
95
67
187
110
83
408
343
234
100
118
1
14
140
67
75
221
30
4
53
98
11
231
73
27
91
325
296
68
21
45
774
387
248
302
525
35
251
865
308
243
9
33
245
21
38
123
325
139
206
275
197
166
18
397
721
94
67
309
99
82
115
57
46
113
39
10
109
486
117
331
85
329
327
96
64
58
82
182
11
25
190
196
573
430
742
189
145
58
174
402
6
108
100
61
12
162
231
24
285
101
33
49
190
105
46
72
560
167
188
183
23
30
562
253
255
131
17
186
213
80
63
284
65
138
344
116
233
148
24
19
86
35
512
226
511
60
269
40
218
534
17
653
51
147
135
44
49
79
52
24
82
154
80
65
121
100
8
170
129
662
72
43
74
184
80
60
349
121
408
95
25
17
73
299
440
173
19
75
105
54
248
1248
251
31
242
78
178
278
359
10
1
394
16
257
127
638
100
196
19
114
6
83
231
177
72
256
322
629
156
109
927
414
70
254
39
279
75
466
114
16
125
376
19
153
48
17
99
77
193
6
246
762
194
194
133
412
164
17
415
212
190
658
96
276
49
79
76
79
8
23
123
242
213
157
278
210
125
284
85
187
697
74
433
49
3
390
84
45
9
253
58
1
9
132
249
46
38
124
595
35
268
27
379
342
183
72
56
49
163
84
79
180
432
499
10
194
156
308
327
227
39
22
68
233
152
188
359
116
81
90
25
457
54
53
145
122
636
439
6
177
39
141
10
452
63
433
372
1
146
53
31
60
389
69
163
264
285
15
78
134
84
399
15
149
78
331
17
133
404
214
314
124
828
6
544
708
136
367
29
147
49
26
82
261
122
547
384
142
92
230
124
52
74
100
66
93
283
78
440
195
518
161
115
420
187
299
31
27
103
2
1
225
425
124
19
265
324
67
42
258
683
91
61
99
324
650
118
24
63
81
2
113
45
27
18
50
206
246
152
137
74
44
280
76
260
92
351
282
46
38
317
116
31
27
121
153
415
42
128
284
163
138
48
75
53
140
16
50
213
420
239
17
887
349
466
196
552
9
234
26
112
8
26
11
115
12
131
17
8
66
135
227
69
168
3
143
5
110
683
587
39
115
556
250
237
447
43
31
217
302
155
972
255
469
365
74
94
90
141
66
65
8
380
171
21
97
193
27
12
46
156
340
250
196
67
14
31
1248
172
270
4
712
602
100
310
101
357
70
116
80
108
53
9
382
26
136
179
435
718
18
63
293
315
179
265
300
128
220
146
81
54
206
22
22
51
38
333
257
47
117
19
83
333
427
60
250
17
355
83
22
264
38
16
197
555
92
229
79
678
417
130
228
166
106
658
279
95
7
114
239
70
150
275
404
3
3
73
46
270
77
430
36
64
2
89
426
106
184
648
312
594
467
32
109
39
613
200
178
31
149
299
255
198
220
329
133
13
61
11
138
78
9
267
66
234
13
126
53
397
16
611
312
77
323
24
148
461
149
22
95
739
7
109
309
765
79
199
389
253
21
339
91
63
109
95
294
316
205
50
731
37
533
1
8
235
126
116
163
315
251
82
780
10
307
109
134
79
74
159
270
122
365
103
37
55
51
58
8
26
462
479
962
108
205
112
81
104
204
214
229
27
127
62
86
58
396
71
1
400
289
395
831
128
210
14
401
24
164
300
174
494
366
68
291
496
7
142
171
144
462
290
211
96
14
319
151
44
41
10
25
4
43
362
154
229
153
158
2
923
434
84
1038
33
71
174
93
44
62
138
283
316
229
53
334
64
29
317
217
47
144
26
43
111
110
248
115
253
84
9
266
42
1
71
682
146
642
132
129
1
383
194
672
267
59
919
23
256
206
22
791
84
121
121
45
559
206
235
334
539
291
52
312
56
10
671
66
109
89
35
82
73
209
14
96
162
260
119
14
423
475
147
338
88
124
116
237
202
94
601
448
102
85
56
140
472
142
205
326
809
395
54
335
67
376
904
64
40
14
131
348
23
176
354
177
270
353
590
353
330
135
201
1
469
122
233
320
34
49
176
143
11
234
342
88
84
959
148
2
60
15
111
22
845
227
299
330
240
237
75
86
696
44
383
158
638
79
208
44
40
84
5
125
43
460
129
1
22
676
285
11
35
98
21
48
77
153
15
20
33
8
81
181
380
12
233
8
312
5
218
333
99
105
34
338
229
102
56
100
104
1219
291
625
678
140
297
15
28
363
101
30
270
235
67
139
103
679
42
17
84
123
279
86
108
64
33
340
148
542
197
281
74
216
173
92
135
283
47
39
210
196
103
273
352
77
475
179
314
38
94
90
67
98
101
23
23
30
30
336
115
21
186
493
20
404
44
7
59
79
190
196
84
63
249
324
135
115
107
871
105
60
52
225
940
106
159
833
153
163
52
56
393
78
193
69
59
424
179
303
138
51
226
24
427
138
488
70
150
103
130
105
387
35
248
468
171
686
197
126
740
109
136
199
598
435
176
446
142
72
244
158
42
79
162
510
37
92
165
71
121
107
58
34
646
33
273
5
379
87
148
203
564
655
702
187
175
496
424
79
311
17
118
86
1176
82
409
539
73
69
41
880
140
145
85
30
291
377
51
22
89
232
180
37
33
290
225
436
87
95
89
312
58
139
234
74
81
326
252
192
202
4
66
197
200
183
377
371
154
49
2
74
90
599
220
81
160
279
176
68
170
17
83
16
61
46
68
201
74
28
213
8
245
206
73
171
144
101
75
93
278
165
539
446
356
647
8
964
72
42
208
247
64
227
186
171
107
37
10
199
286
161
250
395
69
187
238
67
154
132
286
101
23
153
315
48
126
96
128
185
300
234
302
34
47
222
109
61
147
247
287
238
57
34
100
82
94
236
382
72
334
65
230
45
152
28
89
248
230
250
46
49
174
46
402
252
374
101
140
249
186
139
39
78
8
405
216
75
36
6
32
63
38
9
8
211
34
228
92
516
190
74
527
130
151
8
288
175
94
9
11
20
494
158
4
21
28
123
602
52
19
17
490
497
34
436
60
50
81
411
149
135
23
90
347
194
214
351
69
7
240
202
260
38
502
46
718
239
54
158
38
26
319
219
125
16
8
287
55
620
206
261
141
28
271
474
149
132
50
165
57
118
119
11
218
70
71
36
242
451
304
175
237
193
32
567
16
221
325
124
84
146
424
194
603
220
323
350
31
133
235
168
97
67
666
1
123
108
631
129
355
165
502
420
91
575
51
106
843
247
33
196
105
32
12
60
129
3
71
372
59
209
287
148
115
25
75
12
41
17
4
146
632
212
145
171
135
487
81
499
107
73
141
263
268
232
102
240
216
40
615
151
463
177
85
117
21
179
64
191
94
108
343
4
209
52
35
217
381
545
826
211
157
217
2
24
22
168
90
84
11
61
50
69
185
142
168
233
9
125
86
506
8
36
513
11
114
113
33
730
240
3
521
32
148
16
148
529
274
343
189
543
38
123
61
98
83
47
303
655
460
172
281
15
209
204
23
8
344
142
148
43
277
276
24
65
127
543
195
46
95
13
8
165
141
12
630
494
166
18
159
77
65
403
114
1039
34
288
91
259
66
311
2
356
42
80
257
62
130
258
187
310
38
143
273
211
142
117
490
344
44
27
216
31
271
91
9
130
660
10
490
52
57
247
16
61
224
155
33
226
185
5
137
98
302
696
12
844
186
19
120
441
196
485
25
39
369
44
613
30
645
182
42
840
29
310
471
234
79
283
2
108
405
140
4
156
76
373
148
228
43
168
187
279
248
194
32
138
18
173
62
118
137
24
372
315
78
207
100
37
269
633
28
267
64
527
200
204
91
29
457
44
197
157
31
429
302
4
41
151
608
346
309
247
98
425
278
305
33
868
35
180
733
246
167
54
300
35
142
498
798
110
37
84
56
294
153
183
197
127
459
9
441
83
11
18
507
316
1163
114
560
195
155
243
165
36
177
377
76
32
155
119
233
447
152
62
83
22
760
14
145
538
37
31
76
195
76
166
389
81
451
169
712
120
177
18
139
17
231
394
308
558
82
33
128
79
105
126
41
132
99
67
40
621
18
67
191
64
155
1006
109
168
712
87
139
122
17
37
60
331
167
457
13
226
51
315
320
20
115
298
3
601
102
23
348
231
696
64
30
689
108
13
72
37
728
70
274
264
143
49
291
68
34
537
785
180
59
761
179
34
126
95
7
205
91
51
25
387
90
56
49
138
87
68
220
101
404
58
459
122
19
86
115
10
182
65
86
3
43
35
58
16
174
318
110
301
87
39
44
324
2
232
29
264
129
12
32
22
362
107
26
460
272
149
31
51
60
178
580
92
147
197
204
1225
15
462
77
230
33
83
223
120
443
113
34
205
197
171
370
272
67
80
153
113
28
158
50
153
255
409
144
36
119
149
20
226
118
472
362
292
64
567
194
76
44
210
143
68
93
473
78
89
357
415
55
143
188
13
134
71
308
127
289
2
445
355
109
119
115
91
12
156
584
11
178
146
83
394
100
349
898
624
196
174
78
67
71
236
64
162
50
110
129
15
97
190
138
94
436
56
1294
40
6
186
25
173
178
282
580
515
709
142
132
128
59
208
333
28
276
196
512
91
38
107
5
247
4
294
195
345
55
181
71
182
294
213
117
66
23
82
401
10
97
224
170
9
42
94
173
79
179
11
18
221
162
92
446
288
70
92
86
234
228
193
256
45
63
130
76
279
19
33
37
298
263
288
238
23
409
41
26
28
319
325
1
133
12
757
284
605
319
101
127
81
445
7
416
503
131
628
356
117
654
233
29
1
19
74
2
576
48
19
34
32
74
337
204
229
361
149
145
83
18
519
141
613
5
31
176
7
80
15
339
202
191
6
63
660
138
532
98
224
183
236
191
79
7
23
223
677
144
444
65
81
228
29
233
182
233
379
448
35
247
430
330
124
103
378
72
55
691
87
111
62
420
43
211
612
372
319
139
443
40
159
95
232
17
67
724
33
713
212
14
61
132
167
14
451
33
109
38
282
131
96
116
150
92
97
204
221
181
21
56
382
103
164
92
136
279
264
7
85
112
205
173
208
130
93
167
282
36
184
8
299
783
523
122
24
390
212
37
118
21
74
267
19
46
178
4
43
27
551
61
285
17
138
29
650
137
211
1
244
44
383
66
489
98
887
53
148
186
762
9
188
30
357
154
233
19
437
77
169
182
117
288
333
107
138
212
46
74
383
318
57
133
51
139
27
176
215
53
20
81
545
72
348
126
35
497
171
4
73
128
276
157
435
93
289
101
145
64
246
208
145
16
263
263
89
144
242
111
27
208
4
54
235
40
22
328
415
409
147
115
66
484
45
72
2
200
260
120
3
85
34
50
62
237
87
23
137
87
70
267
222
96
77
759
2
33
314
373
215
24
30
57
375
66
270
39
199
333
209
129
10
119
171
242
364
51
32
59
125
65
430
74
219
14
411
235
55
455
180
56
67
14
440
339
203
116
149
118
227
449
79
364
65
94
81
267
10
612
993
65
237
281
324
460
175
8
100
724
82
78
159
199
193
430
16
1025
411
129
12
88
37
177
100
93
556
30
31
546
331
444
193
277
45
132
257
56
784
91
117
453
363
157
8
183
195
115
372
19
92
232
41
25
46
74
83
96
420
684
12
422
28
291
179
257
183
93
218
7
146
354
111
1100
430
476
315
253
86
74
41
429
153
181
19
487
952
46
132
202
150
76
132
25
24
5
77
248
21
160
813
546
578
536
177
66
46
704
433
146
589
324
529
195
94
562
76
451
353
28
1105
96
488
380
35
37
600
350
13
237
136
91
99
178
22
442
5
51
27
144
262
141
216
585
283
6
134
228
260
41
23
220
451
78
214
123
39
147
543
13
499
28
41
97
526
183
533
207
217
295
164
150
19
32
346
132
42
66
13
883
161
406
73
24
8
204
718
57
648
198
118
80
353
527
34
100
1004
153
123
378
68
82
4
53
13
437
398
413
178
9
434
61
88
1
1
133
25
793
222
156
70
493
639
588
176
135
844
102
78
559
334
427
149
318
191
13
20
29
74
71
37
112
82
25
9
193
420
145
232
125
33
428
69
300
10
651
334
219
389
196
945
79
47
362
360
141
9
221
812
62
293
212
743
8
97
97
397
245
233
216
28
221
104
8
108
171
94
28
865
309
154
142
112
37
643
150
152
67
178
516
392
195
646
165
483
534
182
25
108
53
71
19
229
211
7
778
129
203
238
514
112
208
98
251
101
500
129
133
293
108
33
506
45
150
233
89
249
203
30
174
205
27
212
241
108
543
47
497
193
63
398
158
71
143
91
27
2
962
58
644
157
216
45
673
356
61
374
20
661
34
280
63
340
68
330
21
59
142
251
62
83
263
346
474
184
24
4
355
255
299
425
514
239
55
338
178
493
17
112
160
20
601
318
437
172
180
459
189
624
357
503
217
130
62
190
206
42
210
138
34
80
195
11
13
491
383
218
153
656
44
148
49
93
657
47
91
430
415
36
69
29
362
311
651
48
17
92
22
276
321
154
200
759
386
160
307
259
216
2
295
350
332
73
73
487
181
147
371
12
573
513
458
54
495
423
56
14
85
74
90
346
238
126
4
34
291
56
49
140
69
239
132
244
16
10
273
226
257
395
234
280
171
186
514
162
555
85
317
488
46
286
47
312
601
49
67
230
192
23
45
125
379
42
15
30
26
27
41
126
232
632
133
729
144
257
168
54
54
536
29
661
295
30
33
416
204
72
194
272
201
44
71
221
466
146
34
2
9
892
1074
523
71
27
7
14
128
435
282
58
192
757
915
298
28
568
107
32
74
363
117
379
4
222
317
4
135
79
174
158
472
45
61
160
364
63
86
251
29
320
28
115
86
108
75
57
77
303
584
145
692
151
96
399
540
302
236
62
25
366
104
78
273
103
312
220
12
452
226
630
33
59
9
121
39
300
63
194
92
85
107
268
23
228
65
929
146
403
246
1214
282
435
471
59
166
83
22
122
37
22
128
37
31
32
173
345
73
39
58
134
61
112
44
107
226
40
46
302
414
93
66
212
386
428
174
185
80
376
118
561
391
175
107
15
237
121
154
451
107
82
395
301
600
474
103
820
20
148
118
26
16
341
166
142
79
365
31
678
863
386
301
801
68
193
100
257
92
61
113
417
213
162
519
291
91
287
371
268
58
307
141
58
36
365
116
233
161
90
152
71
117
98
304
69
16
19
151
155
233
267
138
330
204
271
134
15
101
13
14
326
141
207
23
279
33
33
138
35
96
210
452
426
172
164
384
110
76
127
33
63
32
32
234
174
121
99
332
215
468
697
81
35
229
93
44
158
3
165
11
260
28
137
188
89
53
174
25
292
168
343
330
1
48
379
227
516
211
179
94
354
257
273
189
193
17
350
533
459
243
778
30
11
180
67
61
241
52
284
102
169
397
328
65
43
76
71
390
108
59
6
421
55
210
267
184
375
124
126
235
111
29
105
140
199
5
1194
216
54
84
135
61
487
242
227
156
187
389
9
83
130
280
733
56
418
122
100
255
86
13
85
16
16
42
548
191
322
32
48
363
196
81
62
789
257
11
68
332
96
46
251
579
92
23
73
186
18
416
58
21
128
174
23
459
34
261
280
220
278
34
19
8
425
505
224
158
295
85
15
144
812
242
12
52
44
277
133
78
155
191
563
179
106
42
811
45
71
169
30
165
143
249
101
259
88
316
100
222
224
134
13
69
52
211
448
122
495
169
168
678
63
86
43
291
46
149
334
54
136
143
127
526
596
600
132
178
274
190
44
305
438
391
452
2
64
81
32
188
77
562
48
82
207
257
347
494
261
241
4
129
16
73
48
23
309
128
73
150
20
1
587
7
253
70
313
280
193
860
358
101
9
236
214
115
94
85
277
10
249
69
193
188
248
232
533
37
175
84
102
217
305
168
189
69
74
24
166
344
24
355
13
54
171
28
275
141
146
322
762
439
255
83
52
161
110
87
66
433
270
22
467
83
156
398
56
30
210
18
196
266
569
10
7
63
54
6
489
883
128
202
188
433
37
91
11
114
167
674
2
289
142
283
160
24
117
112
840
436
172
126
747
54
206
306
9
89
44
194
41
163
807
92
366
46
73
85
449
184
382
37
660
5
755
305
217
285
457
289
18
163
291
727
49
64
19
36
133
18
127
196
40
21
30
134
624
257
55
267
32
195
79
164
17
184
18
26
35
66
224
85
419
446
269
314
155
7
139
64
371
270
489
49
25
253
93
119
84
11
471
122
317
67
96
251
98
34
186
42
158
444
404
186
312
88
394
172
258
474
118
38
238
85
53
9
319
269
120
226
129
141
21
455
111
176
280
39
3
12
36
399
545
5
528
638
86
27
83
120
34
142
351
430
248
202
657
49
199
247
140
166
514
28
116
495
48
282
148
120
38
105
53
139
5
82
209
305
37
21
52
2
322
222
461
104
214
13
139
80
187
99
856
128
87
224
106
365
506
54
24
5
40
4
24
486
22
235
35
110
622
460
110
74
52
118
61
240
100
319
16
112
78
284
247
265
146
196
79
124
501
231
68
82
118
107
648
100
12
41
572
43
148
395
219
426
183
22
372
240
408
265
288
8
606
4
343
208
64
38
87
11
36
829
36
330
124
386
302
237
93
28
341
95
289
8
154
261
219
29
553
73
30
132
132
33
66
178
336
131
165
54
134
82
45
53
43
350
348
74
104
9
25
10
608
53
223
47
125
76
297
55
36
98
81
93
1428
51
224
22
150
128
110
118
177
147
40
274
39
272
51
123
149
30
659
233
385
731
81
393
255
173
403
88
138
305
235
119
502
42
21
110
31
350
885
34
84
65
358
13
58
429
115
251
222
29
38
4
95
319
513
47
109
515
131
193
58
72
156
131
236
116
25
194
42
253
134
115
69
271
138
529
473
154
84
46
47
221
180
49
254
389
255
40
148
51
270
102
17
253
73
598
191
372
409
898
149
69
54
16
332
149
21
80
719
669
467
293
90
365
230
237
109
67
19
112
354
346
93
66
917
300
137
14
348
267
25
9
93
215
211
176
28
243
33
120
196
102
42
721
42
49
131
15
91
38
135
77
878
151
234
12
79
43
257
272
73
505
41
143
67
457
55
43
75
344
297
242
95
7
86
21
178
362
194
40
304
178
130
557
134
197
185
280
296
210
235
199
421
220
4
84
35
13
184
366
64
450
221
252
19
7
202
33
76
47
82
19
56
168
241
20
217
392
192
188
92
317
44
18
50
254
30
248
56
37
114
44
291
105
30
84
717
156
100
366
633
73
120
16
216
24
460
74
233
120
353
18
133
58
28
41
361
67
218
1278
27
46
148
205
100
74
16
206
169
213
13
189
609
170
97
199
72
42
487
346
177
17
529
377
378
186
128
259
19
9
76
337
267
26
280
66
181
4
713
479
300
120
36
193
173
508
31
129
287
272
221
185
52
476
46
324
147
108
73
53
40
31
101
814
86
380
22
536
215
113
473
206
351
698
81
269
625
266
82
156
971
229
42
79
75
163
151
12
474
47
322
528
33
44
333
159
175
67
202
30
252
463
162
168
72
51
66
168
12
399
35
801
67
430
179
100
101
25
96
596
287
130
50
300
444
69
12
295
103
66
148
35
270
60
42
197
27
42
347
108
231
197
105
38
63
43
18
505
419
34
344
6
40
233
519
119
29
793
50
29
24
222
3
671
160
315
219
759
165
337
403
76
138
333
127
238
529
112
775
274
1014
236
144
13
184
64
93
80
122
68
824
83
91
59
127
60
330
64
119
1
51
4
106
5
968
224
78
92
176
93
221
111
355
54
248
9
330
199
21
153
64
241
199
72
33
328
80
121
4
539
175
73
14
231
159
1149
144
559
155
49
458
298
207
53
76
277
60
39
522
29
279
445
382
40
5
35
332
12
29
230
152
128
253
236
100
221
125
115
55
325
69
133
431
90
137
35
49
222
184
443
112
25
14
595
71
34
201
62
5
249
143
319
155
13
19
46
363
315
117
55
46
522
82
206
448
341
455
494
33
464
293
355
27
442
401
716
167
149
146
46
337
120
43
93
17
84
149
21
99
378
390
9
67
117
7
93
196
330
197
550
174
343
101
392
40
263
16
585
118
210
79
286
162
482
1131
234
7
110
122
375
97
182
40
40
42
603
79
170
25
625
159
92
325
62
241
13
19
429
247
172
172
93
73
606
624
246
364
289
27
417
462
30
133
293
668
252
131
148
286
93
279
394
195
17
674
161
139
266
243
164
417
67
117
863
70
2
16
110
257
78
502
278
128
439
252
13
416
116
166
235
129
23
62
18
471
215
13
123
46
104
46
571
302
47
92
64
260
95
75
185
280
331
357
165
94
51
115
30
215
373
232
126
45
84
256
36
158
105
501
53
341
328
29
41
251
48
149
127
201
262
105
293
27
99
26
69
106
137
87
202
35
34
563
78
59
378
156
184
305
88
50
179
554
456
90
104
16
415
512
67
199
613
121
104
27
587
418
99
726
62
144
35
75
74
61
46
164
198
132
401
612
55
132
257
281
390
24
235
84
136
110
457
541
34
420
704
30
18
11
303
11
79
73
67
33
628
112
149
196
447
210
102
134
148
16
67
11
17
587
22
20
18
257
632
87
214
123
438
203
27
111
381
52
225
128
160
318
132
13
36
164
17
134
189
479
98
46
100
48
40
300
217
1
95
93
173
68
1
76
161
44
22
202
124
227
157
19
126
128
742
200
129
12
368
311
421
359
263
516
207
47
848
380
92
360
361
279
85
266
636
473
78
130
303
33
548
38
92
175
145
134
58
118
64
108
10
232
159
715
39
28
22
183
162
290
40
119
197
22
75
68
140
9
152
54
202
69
15
14
332
253
31
57
369
216
380
146
314
216
541
28
11
164
71
161
34
124
8
317
205
136
1567
27
362
409
130
80
395
50
29
79
278
186
287
59
1178
63
646
373
97
151
78
46
109
322
51
339
64
50
359
514
136
373
103
5
95
436
113
238
94
566
385
137
68
242
290
22
233
26
354
128
85
125
651
42
11
65
87
271
194
220
117
723
141
515
730
88
289
527
198
95
332
73
115
257
269
328
140
130
183
446
33
14
113
704
17
36
116
61
191
63
27
298
243
40
263
82
209
19
382
39
64
142
146
1
159
273
205
12
72
35
31
26
19
436
185
467
393
76
318
409
110
535
516
387
110
404
542
152
344
300
252
34
157
75
169
171
81
448
274
585
118
5
116
38
65
315
10
123
126
486
11
13
208
393
99
169
94
124
183
328
89
171
210
266
174
23
281
102
100
20
6
72
46
8
82
62
332
53
36
40
5
79
388
203
198
299
22
500
73
129
535
71
180
51
37
28
137
75
175
240
333
403
229
69
321
62
101
124
61
56
171
584
199
3
172
56
40
1052
393
57
528
146
383
863
81
15
1113
442
93
113
66
157
28
79
25
116
114
394
464
218
219
127
27
929
86
150
72
92
175
112
233
56
525
70
1
243
370
10
19
511
59
14
315
375
91
38
633
186
64
16
384
194
152
30
402
430
49
147
357
86
176
173
345
560
609
183
275
24
409
224
192
127
37
495
309
90
1319
249
13
949
120
59
698
515
362
15
18
156
54
264
238
90
103
157
256
252
196
78
35
262
196
17
656
25
21
289
207
235
821
363
134
33
16
359
234
2
5
231
64
51
94
1428
30
112
256
3
13
69
151
120
8
489
303
713
266
316
