191
5
454
92
3
109
26
573
38
141
175
46
2
123
124
3
67
108
168
270
615
320
67
397
62
107
15
296
32
189
572
321
12
34
224
441
354
15
37
479
190
33
306
11
154
97
645
76
33
672
2
144
64
41
103
315
71
341
97
29
186
80
73
301
23
157
122
16
183
7
301
254
536
526
71
355
212
100
195
368
44
114
83
234
42
77
206
59
6
67
21
150
53
296
318
123
295
490
328
984
388
119
59
47
95
367
400
16
144
312
75
287
215
381
49
4
51
100
38
140
113
186
169
211
219
305
202
547
148
181
139
14
22
167
195
11
219
133
118
213
53
649
184
19
57
363
155
175
399
240
417
204
656
41
90
164
142
71
288
31
74
139
154
10
335
254
196
300
819
12
47
320
464
100
313
230
32
186
105
340
167
193
88
185
157
1
61
205
81
86
359
392
156
32
28
8
110
82
256
271
868
81
164
14
173
215
458
56
1026
670
32
138
277
198
527
41
166
207
65
201
227
13
51
247
21
201
252
137
85
568
20
35
322
239
22
92
68
114
215
75
489
77
72
269
336
71
204
3
422
68
196
193
13
213
7
34
82
218
580
46
610
34
207
16
3
27
228
603
5
132
149
66
134
217
202
2
25
69
56
164
341
240
278
3
623
116
13
144
15
151
235
71
182
228
853
101
234
38
82
108
280
220
222
95
291
176
28
23
973
91
50
32
39
56
77
181
336
343
387
541
179
25
10
59
179
79
123
388
89
2
84
241
104
544
836
228
65
63
800
43
269
93
288
550
50
412
45
126
10
71
215
108
211
470
76
459
50
922
25
8
4
98
43
18
429
82
17
24
2
136
190
279
196
59
312
538
226
31
140
18
10
127
116
321
130
694
6
101
264
219
263
94
30
210
177
45
12
2
67
114
108
197
216
197
433
11
537
833
280
44
154
58
37
4
442
295
291
751
540
59
88
115
322
28
211
270
123
3
286
42
207
58
115
202
753
1065
261
466
157
309
26
296
369
22
257
259
108
392
227
42
1049
80
65
132
153
111
676
44
592
365
330
46
527
4
124
17
206
98
80
6
236
415
487
45
38
28
3
126
31
116
374
124
102
338
212
17
394
48
618
31
110
82
706
130
194
5
89
23
586
219
353
275
38
199
272
105
139
35
72
48
487
257
93
56
158
59
192
178
113
72
641
72
125
142
1097
148
515
107
125
125
104
10
84
130
135
65
233
486
4
93
328
5
70
298
340
173
13
151
61
130
191
82
315
943
414
239
182
588
288
36
172
137
275
19
578
256
409
424
69
352
30
64
265
11
165
137
52
21
302
411
210
70
137
324
264
26
223
181
122
122
300
23
721
28
510
232
235
18
62
89
169
395
133
265
58
160
257
203
23
9
290
381
343
235
421
8
151
44
21
53
51
375
79
474
100
448
22
19
183
62
81
123
1
76
490
623
134
400
137
310
114
51
70
97
297
105
69
50
103
75
187
859
147
2
136
17
10
483
221
422
212
9
124
311
158
17
134
134
161
113
76
97
207
14
402
262
132
66
718
93
7
35
423
174
541
512
15
784
188
451
54
968
334
73
278
310
193
206
137
50
145
302
84
243
216
174
43
136
431
56
437
87
174
6
331
16
5
223
172
335
53
34
194
243
1251
7
5
271
23
20
116
100
110
153
120
409
389
94
48
193
442
75
252
415
220
309
143
423
75
111
57
194
151
179
409
198
23
68
341
306
95
21
9
174
66
107
53
382
19
205
16
102
95
186
386
135
98
496
76
274
71
119
7
69
177
241
58
264
1169
54
101
434
57
530
57
248
15
53
2
123
223
39
33
125
43
83
111
182
71
131
297
294
117
22
190
163
626
170
54
78
140
30
261
404
4
121
49
11
271
450
322
84
101
92
8
322
33
332
61
114
113
31
215
99
40
361
94
994
217
441
152
10
110
85
146
99
121
27
79
47
47
103
92
1453
146
43
153
257
8
110
501
17
68
32
631
99
477
45
111
5
43
535
12
455
149
71
39
641
308
935
40
31
88
371
39
300
286
53
227
464
184
220
224
128
358
86
423
449
1758
356
182
471
143
167
570
49
157
156
363
518
252
242
178
33
8
106
106
387
77
206
249
85
167
28
145
94
141
42
380
95
316
126
116
278
9
61
160
230
42
243
87
131
108
135
181
412
18
97
839
62
391
43
22
104
195
133
35
103
47
240
145
209
182
538
49
142
229
15
122
78
29
143
70
216
150
43
119
71
65
30
148
428
142
55
152
301
112
144
8
4
75
143
268
407
231
33
481
725
324
210
120
141
5
308
609
86
34
53
196
280
96
30
91
109
406
259
470
142
190
16
69
147
219
372
185
156
72
30
53
307
54
56
158
563
125
117
82
62
413
197
336
490
28
599
173
115
2
45
85
748
296
30
316
12
173
146
105
142
217
1
181
111
66
236
730
233
9
133
37
823
265
940
528
319
48
53
576
84
127
317
42
490
127
277
29
194
351
556
227
646
593
585
32
49
252
112
42
32
73
4
462
487
57
152
21
289
72
259
654
96
59
56
1199
99
55
13
189
9
219
24
33
113
75
63
277
82
303
131
381
12
297
53
238
74
102
11
223
147
7
66
383
205
363
400
160
347
178
77
59
1290
328
202
302
318
412
88
748
310
41
126
385
144
534
110
115
63
205
563
49
24
1
360
162
13
36
175
372
712
807
379
327
3
116
241
273
65
253
237
28
115
22
186
73
570
54
683
258
269
442
42
145
541
320
108
257
111
210
468
20
558
400
19
258
119
49
20
117
115
474
397
50
761
41
241
148
26
24
85
428
141
156
96
172
255
603
33
266
86
38
551
263
38
207
164
44
145
62
42
133
41
125
152
884
647
159
35
12
37
596
27
599
45
119
231
195
161
730
60
231
72
18
96
107
124
239
416
24
62
39
635
245
293
98
126
434
296
300
701
220
158
25
689
232
69
558
419
20
384
86
10
98
179
47
149
2
561
93
278
21
181
2
726
34
311
201
150
18
207
514
262
82
13
557
203
167
23
332
77
211
99
146
527
93
94
346
60
190
19
781
866
133
56
71
100
23
41
31
219
130
211
143
193
61
394
253
775
310
321
79
668
40
65
463
102
435
209
235
12
151
261
332
133
81
318
8
682
9
54
333
523
225
252
151
108
398
117
257
569
62
96
50
92
293
647
433
11
475
59
8
1
69
6
24
54
106
228
238
10
228
168
143
122
1
183
116
134
303
207
43
166
200
238
235
223
272
57
347
172
26
423
163
284
204
135
23
78
49
36
48
170
555
34
17
132
144
479
38
326
402
208
79
744
55
116
107
190
202
65
8
278
529
11
106
177
157
714
869
528
631
92
880
16
666
75
80
82
690
21
25
503
45
716
72
105
36
33
150
149
45
154
346
121
125
31
52
84
42
223
482
79
168
56
460
234
27
237
6
116
387
122
32
877
15
136
62
39
42
47
202
82
106
385
115
209
168
92
25
128
730
28
1
423
238
184
69
29
1189
72
511
74
95
28
180
281
912
110
79
236
344
364
343
163
124
104
23
103
324
312
202
5
150
52
91
11
246
17
680
260
99
133
263
159
123
19
61
164
237
75
167
127
70
23
196
74
285
244
8
404
120
76
356
198
230
45
12
102
236
39
48
95
76
533
29
399
268
38
110
82
28
14
7
23
161
513
13
70
556
191
98
71
144
231
47
147
140
189
25
167
121
50
301
178
4
223
303
11
172
9
341
189
127
526
276
72
61
10
194
340
372
84
71
7
248
137
267
147
62
97
158
70
145
98
419
122
629
18
69
2
12
49
215
141
20
133
238
365
323
17
57
293
158
114
407
143
131
40
404
10
127
294
76
110
26
243
45
226
327
438
60
245
687
10
194
264
191
221
358
185
65
123
90
204
79
304
40
61
772
5
143
25
351
96
91
423
54
7
451
151
123
33
53
53
359
269
382
185
387
279
18
169
142
129
391
142
235
194
62
491
18
30
10
80
64
34
185
233
152
17
180
452
6
65
273
279
435
82
692
4
392
89
84
333
8
59
20
11
91
153
30
41
98
138
80
426
658
100
481
661
108
103
97
57
386
4
69
154
17
258
12
128
439
118
128
134
25
301
443
156
69
117
305
431
46
486
224
170
62
255
28
502
1
100
350
211
132
129
80
565
19
204
221
12
111
78
72
393
263
392
160
363
198
191
31
506
166
7
407
306
298
26
17
389
28
69
615
292
231
17
71
109
72
213
349
122
38
204
198
65
170
36
359
102
282
217
28
70
50
90
39
138
71
492
156
39
87
41
62
377
120
193
180
147
355
43
4
571
8
99
51
41
12
43
743
64
64
155
203
20
204
54
75
69
393
292
62
93
575
1268
259
271
859
50
178
427
140
144
48
100
38
480
347
27
77
70
227
23
1119
157
146
143
3
370
129
79
250
234
786
5
457
141
297
440
255
87
194
55
405
258
351
62
514
429
30
258
47
221
24
30
659
77
180
350
57
48
80
92
78
7
93
339
523
77
75
79
71
351
1189
109
43
303
290
197
408
82
358
250
70
86
486
45
112
377
212
107
685
48
2
293
92
138
21
147
124
450
253
228
173
329
1080
84
122
128
100
26
326
200
164
482
411
48
43
251
395
126
124
271
146
168
23
131
281
26
311
1
209
156
354
38
211
315
393
6
93
116
157
1201
269
135
519
53
589
884
150
244
637
369
275
94
652
356
237
10
187
68
9
51
88
103
651
195
336
198
325
175
87
36
147
21
471
652
145
228
58
56
660
303
199
1106
47
660
17
106
76
183
61
261
108
55
38
126
446
116
177
140
2
47
158
723
20
380
280
120
414
90
50
99
3
33
1
69
142
61
95
162
685
411
67
144
120
44
104
169
411
196
249
604
197
46
333
8
143
68
605
240
148
127
6
229
218
190
113
111
67
25
15
87
29
42
117
12
209
83
15
98
192
299
31
378
300
633
259
91
129
5
98
316
593
70
163
50
90
166
129
120
31
122
20
269
280
126
272
27
131
1
508
117
75
18
13
108
159
624
178
340
37
66
37
37
187
48
104
577
7
949
513
287
213
77
24
137
56
49
102
335
97
190
107
21
192
83
387
49
1268
299
108
20
53
397
192
181
509
246
455
208
13
130
305
20
91
347
136
56
131
157
366
170
294
239
261
167
210
493
32
35
34
19
564
271
313
38
66
44
68
86
15
618
75
45
64
149
300
44
83
119
340
32
257
43
4
407
290
454
2
307
286
138
2
215
193
32
111
47
493
113
14
316
233
85
22
508
366
131
95
271
122
110
16
77
506
329
127
370
31
852
276
145
281
347
150
85
196
157
42
162
142
23
176
329
51
29
55
2
31
258
188
409
96
78
154
595
148
454
118
109
44
171
104
62
102
17
206
22
372
1
185
102
60
95
33
54
411
131
765
110
13
93
446
18
91
30
663
145
361
67
52
139
800
57
725
311
39
158
59
761
446
120
217
145
174
265
5
6
160
100
12
246
234
416
189
688
93
253
174
19
100
28
14
16
64
112
514
114
323
377
53
24
21
208
344
65
25
3
118
50
445
258
225
3
87
7
26
49
20
273
17
84
547
587
41
53
167
100
43
31
44
646
107
265
141
45
3
210
257
101
195
582
58
36
141
15
174
931
271
189
565
276
195
154
114
178
298
32
14
59
40
119
143
44
188
39
426
164
198
42
128
106
259
113
236
57
231
49
28
53
293
5
7
22
370
148
15
59
988
20
249
692
290
131
22
48
181
394
250
4
156
10
214
508
466
1089
3
89
346
95
744
176
124
109
50
4
368
280
57
131
688
117
32
84
68
636
165
2
24
72
46
256
17
720
314
32
61
12
251
254
1113
14
74
52
10
402
13
165
42
63
176
34
318
211
268
5
165
46
230
549
421
23
65
208
11
73
188
203
437
25
6
102
279
104
155
224
258
146
362
202
496
247
524
139
157
64
171
136
399
26
135
228
171
779
170
194
262
709
12
71
351
300
466
74
22
20
70
306
217
197
161
879
154
72
81
21
56
648
125
20
581
50
51
64
379
254
120
75
381
141
72
92
21
267
1306
46
152
115
112
290
1029
152
518
47
5
408
17
385
450
121
519
1194
5
180
82
20
80
48
926
54
198
6
266
116
234
305
242
233
924
79
1
37
350
223
101
266
346
358
219
7
129
177
46
53
305
536
143
392
180
119
912
273
268
57
655
117
163
319
24
44
463
58
75
421
52
174
25
373
371
46
324
55
508
69
62
212
96
148
202
203
47
138
668
10
80
131
330
211
195
283
11
5
34
69
378
30
57
423
670
217
127
176
112
109
31
177
306
752
115
57
354
361
236
155
33
40
3
195
76
231
304
264
13
71
22
27
85
149
435
69
155
33
161
39
237
394
4
180
36
280
10
169
111
46
158
356
139
9
430
38
274
141
452
436
103
889
173
4
269
650
28
194
32
27
105
293
717
45
100
148
146
96
299
166
712
366
53
269
234
87
134
50
175
110
319
130
9
504
418
363
44
253
522
303
347
54
349
280
385
108
18
226
231
20
209
432
56
40
40
250
23
239
375
119
149
17
67
389
233
279
285
8
19
103
43
292
77
768
13
23
33
355
408
121
50
797
36
312
51
3
314
72
393
136
122
29
135
131
27
127
276
903
124
223
5
705
330
226
22
242
371
104
430
23
143
86
103
697
69
27
27
122
116
31
306
1
63
32
193
606
12
384
89
807
231
96
330
257
201
238
91
176
91
334
73
61
256
571
49
353
125
81
93
859
124
694
110
81
256
605
61
41
306
206
93
516
183
104
134
71
135
22
2
217
67
20
425
204
44
502
96
39
178
117
187
109
36
190
9
114
245
188
1
44
809
165
88
382
370
171
75
232
37
65
217
323
267
184
70
566
181
10
78
126
9
19
240
475
344
982
197
22
179
294
197
90
71
113
185
207
150
76
281
49
113
228
222
255
78
68
118
47
156
45
42
1
219
136
261
622
229
27
429
734
47
228
33
99
83
37
26
6
52
209
142
164
2
424
20
795
24
237
124
348
201
81
384
555
291
127
1153
106
629
26
53
154
399
40
325
82
232
296
204
169
882
41
133
264
179
152
252
868
205
625
227
146
116
140
457
59
28
112
6
123
355
40
340
24
80
241
8
186
446
87
184
230
79
28
336
22
383
97
9
845
493
327
215
90
134
386
200
312
1363
94
161
201
121
183
137
406
373
63
147
557
129
22
38
195
51
68
368
92
112
66
67
15
107
167
39
292
68
201
16
50
21
473
154
336
574
294
377
346
26
143
30
111
499
74
54
133
28
11
30
173
501
35
96
38
16
33
54
139
72
39
723
14
187
48
34
50
100
39
38
355
83
202
1306
136
228
88
101
50
693
106
133
28
460
11
1052
15
76
17
9
217
760
479
310
236
41
17
320
106
385
102
132
180
30
121
112
502
41
253
718
186
28
570
445
280
488
17
139
100
4
120
8
239
257
88
240
75
619
432
18
72
89
22
146
212
205
92
679
347
349
680
1
66
127
350
174
153
127
126
878
185
152
679
416
102
488
30
186
709
142
184
374
30
454
12
259
103
113
93
96
220
669
291
58
250
76
355
921
443
10
147
65
3
225
503
110
459
453
627
27
170
476
318
29
148
115
27
67
15
165
12
209
60
541
413
43
52
124
77
308
181
19
209
443
297
265
44
297
228
869
196
180
378
230
198
50
98
472
58
18
267
162
185
697
274
7
30
4
765
39
57
372
281
5
86
19
430
127
64
54
165
127
8
15
99
356
380
178
4
47
134
265
76
102
316
290
196
149
143
209
752
42
36
62
350
52
50
360
42
22
52
82
246
182
42
79
195
345
335
607
9
49
730
166
171
164
1052
223
262
212
5
250
15
243
49
91
187
12
572
343
91
81
262
348
199
179
35
381
336
179
121
54
112
286
577
193
26
637
38
158
57
194
334
168
612
99
31
229
56
360
73
120
601
77
8
219
41
204
29
398
18
156
74
176
136
214
259
220
103
1236
435
124
238
185
22
67
35
98
64
680
48
384
39
382
76
234
2
9
164
465
97
69
98
160
142
91
446
226
270
44
251
157
68
249
593
271
49
208
16
73
152
44
88
94
149
406
225
160
18
89
73
142
65
303
151
631
297
34
199
167
140
104
45
520
26
333
50
33
166
37
500
50
117
165
362
196
107
14
19
127
77
54
72
162
63
243
34
172
109
283
10
9
196
50
359
607
258
135
13
484
213
16
286
224
25
127
39
325
1
256
125
133
84
145
301
22
509
31
280
231
89
43
367
302
327
66
119
448
7
239
95
15
20
76
144
232
60
163
55
16
155
365
159
22
98
59
73
43
422
478
216
7
20
244
8
114
371
588
247
136
173
185
105
210
168
159
533
268
38
221
52
175
91
30
528
70
64
266
323
343
429
148
11
364
253
273
3
197
199
72
29
619
130
181
273
201
411
36
191
303
274
408
232
110
502
12
10
143
110
120
148
645
295
51
596
309
526
964
136
574
32
29
16
657
117
65
76
770
436
60
2
54
129
120
144
221
263
277
39
216
371
26
16
162
128
796
50
7
2
84
155
574
129
693
265
217
306
130
102
189
179
215
100
964
115
483
566
91
112
20
116
27
31
224
105
142
2
128
168
46
359
478
163
33
305
8
35
221
104
54
190
109
11
461
470
105
74
759
161
148
260
233
331
283
148
62
326
243
137
20
160
98
426
5
72
14
82
70
54
14
322
341
496
64
114
56
146
75
89
180
63
26
116
366
19
414
294
64
470
797
32
670
165
32
49
55
405
32
138
106
240
107
13
244
194
1059
977
220
10
1153
121
493
88
22
129
175
557
62
65
65
232
36
62
515
367
143
136
80
237
347
252
304
26
259
404
181
94
99
18
397
35
52
9
79
112
99
351
221
382
41
4
20
128
6
59
149
128
778
710
64
167
141
156
144
512
138
139
105
37
51
33
58
89
56
41
110
116
404
181
167
38
89
169
277
515
80
181
9
97
148
138
69
186
162
189
115
93
232
351
66
85
55
262
637
895
266
146
5
234
99
655
125
18
819
21
135
12
312
429
127
86
170
144
319
68
76
216
21
167
257
76
169
175
29
122
371
58
425
67
36
341
300
48
63
192
255
93
306
50
21
315
146
747
8
10
118
110
20
146
288
126
141
5
379
474
176
12
129
39
77
75
21
334
346
254
186
207
241
268
75
24
496
21
192
263
68
268
21
37
35
22
109
394
101
182
491
233
54
86
31
208
34
6
72
1
69
603
341
424
149
32
767
294
408
222
499
486
37
323
360
7
292
114
294
100
53
69
300
203
242
57
386
98
705
122
125
13
466
128
720
436
61
32
474
176
162
125
68
221
923
12
645
384
27
193
54
155
77
557
221
333
165
287
83
678
330
46
137
2
91
541
380
15
120
403
115
66
154
153
75
858
153
479
1010
349
108
391
649
199
110
749
8
189
90
938
9
318
41
130
150
45
82
19
599
224
20
9
27
536
87
7
70
243
10
92
225
131
316
121
326
357
312
113
162
301
197
29
27
29
16
17
476
85
123
305
136
313
224
996
280
607
138
45
62
137
57
6
641
235
94
313
85
36
28
513
23
104
364
128
130
15
569
105
46
136
81
593
108
89
28
205
76
22
120
93
647
427
78
17
6
229
58
89
421
129
192
220
319
495
121
100
240
164
242
117
46
7
153
194
95
34
413
137
7
133
210
743
376
53
516
74
63
4
129
260
111
128
462
128
618
20
457
94
23
97
271
296
473
242
185
509
280
322
312
217
81
158
139
155
22
277
40
20
73
185
16
172
251
239
21
268
26
11
167
815
276
38
510
169
156
173
10
15
203
289
52
366
406
17
98
224
198
135
228
105
642
236
10
220
46
155
316
124
13
59
339
432
95
103
169
186
158
19
87
96
368
89
2
78
146
49
209
20
9
86
134
340
69
425
89
394
15
53
9
54
280
142
807
362
127
99
131
55
175
1
646
60
458
263
107
979
91
115
186
184
226
14
28
131
169
23
540
23
44
379
90
55
102
656
91
234
51
71
501
114
153
111
69
45
13
432
47
82
258
166
155
21
179
52
188
34
66
212
227
122
44
75
274
58
108
24
52
99
162
28
192
265
137
337
262
325
70
216
189
110
27
285
244
170
164
60
99
40
29
32
124
10
103
97
212
205
117
318
332
717
20
267
300
68
306
686
199
280
70
271
77
505
73
154
78
24
15
112
106
141
11
164
26
25
387
223
3
94
82
43
77
171
44
335
15
353
550
6
76
355
123
216
137
20
55
276
173
450
85
387
16
217
42
45
126
820
79
196
51
3
37
355
528
110
540
447
202
236
246
132
16
483
500
308
293
316
23
179
203
44
73
138
59
301
463
266
64
17
71
156
33
242
54
172
305
355
20
89
17
327
15
35
39
654
146
83
56
128
75
186
196
96
184
35
71
172
298
36
67
493
757
162
28
43
10
206
925
50
41
115
133
230
49
53
368
10
341
94
133
38
130
225
203
483
185
131
2
95
188
347
49
22
67
211
637
346
83
176
202
20
113
43
100
117
163
50
63
78
22
322
153
151
117
6
270
84
102
625
225
18
112
107
275
83
394
214
494
150
12
73
292
11
307
153
337
309
257
795
199
8
94
90
454
296
63
55
681
77
312
505
9
46
125
650
152
112
14
55
269
353
93
10
103
317
476
51
55
4
165
257
12
153
86
213
159
260
53
51
78
176
73
159
79
358
41
374
42
59
797
484
204
383
222
102
151
23
41
391
191
7
30
997
213
58
125
24
530
334
354
54
296
752
40
397
48
219
59
310
74
328
103
7
70
75
164
69
22
414
252
426
91
76
272
231
138
253
427
2
631
8
301
435
61
111
97
260
390
798
173
379
118
35
375
325
384
145
396
1161
11
15
79
173
95
595
419
7
196
165
129
129
3
2
3
25
241
593
181
383
436
218
63
116
28
133
159
62
532
91
196
30
61
290
159
18
2
189
62
192
10
139
361
128
577
508
229
51
657
221
48
312
100
41
212
75
377
11
124
75
189
88
23
226
183
27
209
91
19
167
379
90
273
85
66
335
16
171
35
359
454
315
87
548
544
186
68
164
16
48
60
224
119
173
316
502
451
104
183
57
488
230
313
152
220
1
366
33
41
86
9
535
77
198
379
151
157
179
570
194
53
112
80
515
124
251
97
145
594
626
21
98
56
107
127
272
261
127
62
794
155
52
28
362
2
170
62
214
253
100
186
66
262
55
310
133
32
9
314
123
151
52
165
70
76
334
131
588
338
374
6
210
389
310
122
49
257
25
409
56
111
394
133
219
541
68
124
193
124
115
35
18
93
279
26
76
355
147
207
118
305
76
74
83
82
43
62
16
41
372
216
12
22
114
1
57
41
74
451
114
358
88
369
17
41
37
198
206
635
301
1119
414
121
35
5
17
204
46
6
296
16
116
84
256
212
32
337
361
306
28
89
423
35
392
107
126
203
44
214
76
83
108
314
51
192
276
316
271
452
39
110
1
14
223
86
234
121
198
299
180
3
222
360
279
331
184
222
191
95
217
136
49
17
392
140
349
8
163
672
10
246
13
88
329
298
106
356
61
84
22
707
4
25
595
6
234
191
351
194
54
4
130
33
14
286
28
344
87
116
32
184
160
31
102
578
169
324
191
213
179
202
96
243
640
74
16
91
38
420
95
139
97
30
209
87
113
110
362
215
340
149
38
132
214
270
80
153
4
249
83
105
217
23
424
136
186
292
57
765
151
94
229
281
125
67
65
157
260
175
42
32
176
639
96
24
192
142
174
231
52
9
264
100
75
3
183
16
133
209
291
266
523
84
295
12
49
773
163
444
47
51
860
198
90
96
192
243
147
496
129
38
189
68
8
204
48
14
30
107
131
15
5
48
96
135
62
68
264
247
304
66
741
321
196
225
43
98
345
45
72
491
540
932
525
520
178
430
444
122
231
227
331
26
137
246
276
1
95
165
116
529
80
75
700
52
20
15
128
163
5
60
271
487
125
90
67
101
337
180
249
359
6
63
8
389
292
55
262
147
497
45
25
14
226
73
773
457
682
348
546
113
85
59
125
315
39
250
26
23
55
577
424
79
157
323
14
74
143
154
408
36
68
273
419
142
101
72
201
222
112
34
218
146
3
67
535
474
290
244
54
114
132
365
120
148
46
22
35
125
133
12
163
145
132
640
42
193
33
13
105
409
56
141
17
71
80
34
123
15
150
46
284
260
58
447
78
134
173
52
464
69
163
747
5
198
20
351
387
264
238
12
194
70
301
154
587
50
243
104
44
172
85
72
37
71
86
118
52
276
348
119
55
258
224
41
85
6
72
158
6
32
433
135
113
47
849
28
97
240
202
66
31
39
241
74
69
115
226
159
284
73
238
58
120
216
432
67
116
240
429
153
46
28
218
64
378
83
109
96
366
27
256
281
31
21
220
278
68
98
52
773
83
198
155
84
36
710
80
190
16
23
48
113
48
503
15
8
255
452
50
187
25
371
208
144
415
8
487
95
222
95
18
53
54
209
71
211
86
137
56
49
384
40
59
20
56
255
54
30
269
158
28
85
88
41
43
663
415
34
241
34
69
181
111
143
170
298
140
78
78
9
601
391
52
75
166
179
339
246
98
207
118
112
131
87
8
116
53
53
144
17
430
61
85
45
151
280
72
423
68
254
270
97
419
6
137
92
70
51
324
5
370
86
48
34
43
183
1
403
266
36
1
498
485
23
96
77
283
187
53
73
93
111
186
62
154
514
315
233
43
139
107
304
5
283
64
318
312
65
108
239
289
78
107
54
352
75
64
10
171
116
1502
399
15
56
61
104
154
128
22
16
183
33
47
13
111
21
234
466
97
320
321
27
129
823
205
14
63
250
59
121
152
83
22
361
71
42
102
131
175
76
57
317
118
29
18
490
216
76
94
134
229
315
3
78
25
34
114
517
125
94
456
169
66
23
414
685
163
141
11
31
127
332
457
181
60
186
68
89
109
17
18
7
816
23
60
110
7
163
98
305
54
169
26
102
164
63
134
131
559
210
179
4
19
8
170
229
35
651
104
95
135
291
110
137
41
335
19
150
219
195
537
17
1
322
39
483
46
15
693
12
31
71
273
232
111
316
195
266
394
329
91
530
283
132
350
68
295
43
100
250
154
144
87
268
305
302
223
10
33
128
40
382
119
85
171
248
162
182
59
465
225
667
118
563
44
11
176
73
351
276
106
5
66
21
290
29
38
116
162
254
107
34
355
136
265
470
133
191
209
229
141
321
140
131
62
72
418
2
352
470
6
47
253
123
186
789
31
25
94
553
25
322
24
144
129
15
129
75
53
451
724
1453
64
143
365
191
310
420
656
190
152
487
204
143
56
2
81
127
69
1
40
206
873
30
124
222
140
31
267
25
483
3
440
52
66
177
298
380
77
137
249
371
144
196
150
343
57
193
90
181
403
178
748
32
33
160
287
124
36
274
40
19
636
105
376
279
23
12
931
436
141
635
130
101
113
326
33
145
85
46
240
24
92
27
273
60
519
340
107
117
153
94
12
49
35
127
101
232
40
104
291
206
86
7
241
231
319
232
162
43
135
211
113
132
29
83
12
1
767
238
473
431
157
1167
49
246
204
172
39
392
277
180
716
60
39
122
508
370
626
710
99
221
828
337
277
468
86
110
18
202
77
465
351
306
660
11
20
956
406
13
495
340
535
11
16
18
228
540
298
258
22
356
437
812
126
145
546
66
10
9
177
190
72
28
388
381
106
116
264
249
218
55
120
351
225
224
27
238
419
31
832
456
65
470
431
99
516
159
90
53
21
79
497
196
194
8
290
146
83
154
283
264
40
96
240
414
297
354
306
445
31
254
94
213
87
72
327
89
232
222
138
24
49
413
6
169
77
59
110
532
12
42
99
30
501
262
225
217
403
87
70
229
41
67
381
1
13
181
220
175
112
190
468
746
676
283
122
171
303
94
310
637
246
240
119
51
260
140
135
190
115
158
136
71
12
107
112
223
660
357
18
748
36
16
55
189
277
145
85
745
264
660
494
42
66
385
84
146
317
425
85
406
331
40
337
42
37
214
47
22
130
151
62
220
60
255
59
145
338
33
110
82
58
162
617
525
189
463
15
281
213
4
155
69
33
139
68
5
60
153
96
126
387
221
2
1
107
42
308
481
59
31
2
113
273
212
32
44
94
164
55
448
40
6
123
122
132
48
153
234
106
152
54
206
45
242
247
160
228
17
301
264
1
114
6
60
762
260
350
271
20
2
7
24
182
1
180
216
213
137
289
70
13
23
35
54
119
159
88
21
120
684
61
204
362
114
866
7
12
50
111
5
29
487
55
323
125
1
146
515
93
1242
313
35
871
228
197
165
100
184
150
209
122
101
88
2
97
6
982
42
109
154
125
50
244
99
54
173
237
11
463
788
39
361
3
358
73
209
46
220
218
250
103
111
306
415
67
526
22
168
273
96
400
13
165
54
388
7
972
65
154
31
144
67
122
180
112
16
129
94
165
73
264
49
277
405
381
427
89
50
76
407
153
131
149
29
112
229
133
472
17
582
176
56
48
2
118
78
197
403
73
41
121
628
504
465
534
206
113
403
788
105
36
50
57
173
417
15
405
458
81
154
215
389
305
66
593
9
50
159
311
105
581
97
261
340
98
8
469
197
198
57
213
277
213
96
92
792
271
35
302
569
795
513
130
139
106
35
296
1021
240
60
238
26
443
54
82
322
30
89
50
498
464
104
729
48
197
170
663
50
69
208
34
176
393
154
436
174
20
274
344
45
207
497
250
202
771
775
75
155
5
13
5
358
11
238
196
132
288
135
247
9
6
285
16
78
55
74
352
6
325
430
80
240
220
119
333
337
99
345
312
99
266
338
10
479
49
118
98
685
181
71
394
106
328
232
261
91
53
208
361
831
387
95
197
62
49
58
158
263
211
549
1087
108
335
291
200
461
427
563
30
317
137
196
65
143
350
177
97
204
322
111
8
339
476
1
29
95
175
43
14
227
198
126
58
108
202
147
238
303
426
119
369
330
228
171
104
273
198
177
104
321
274
831
34
23
644
143
91
56
483
186
27
37
154
148
691
444
112
34
286
271
98
43
167
169
47
251
68
267
20
306
60
48
250
30
143
212
90
186
535
306
40
70
11
542
536
42
214
16
59
48
564
43
492
93
124
90
854
18
164
79
122
56
136
658
43
37
1
131
317
729
153
205
49
152
313
514
250
144
492
477
7
246
566
292
80
34
306
42
286
41
122
169
66
1173
286
391
147
338
32
348
71
63
708
39
234
12
397
74
27
144
116
12
146
27
13
75
354
225
409
288
27
1306
319
278
135
11
324
110
411
73
8
32
58
23
29
125
24
17
99
128
283
39
4
479
73
109
45
442
695
8
36
151
143
677
1
90
83
94
121
455
63
77
89
26
91
16
1
74
371
67
19
5
154
122
154
165
365
2
370
315
204
77
43
205
45
1
17
26
113
479
207
57
172
4
103
204
248
268
214
50
18
331
61
307
271
67
690
364
105
303
15
148
16
163
173
729
75
133
205
647
252
166
101
32
140
4
9
345
237
192
63
115
417
65
341
324
947
158
97
65
31
20
164
325
389
287
10
27
340
63
421
8
132
48
353
1
183
108
284
1261
14
47
23
486
24
291
58
83
57
23
588
30
3
303
172
172
478
489
104
104
149
221
178
252
92
245
33
520
62
296
188
256
519
702
149
77
146
361
209
414
338
320
496
102
373
28
885
1
138
647
164
376
19
129
34
181
85
390
220
284
269
26
60
286
247
84
752
10
225
141
237
23
86
109
206
280
70
479
58
125
53
343
143
46
2
573
166
130
270
121
299
11
22
605
636
22
45
257
3
47
1
63
220
649
361
268
169
193
407
87
107
163
15
95
87
560
194
322
97
101
50
56
690
18
68
55
164
650
149
132
63
199
286
17
115
169
193
136
55
27
500
35
26
21
75
133
63
57
25
55
305
181
311
591
357
372
13
109
138
284
34
633
132
396
13
94
127
69
95
98
66
28
201
139
190
27
182
689
159
7
147
514
148
156
326
61
10
10
9
101
333
30
464
123
131
37
380
9
343
237
30
20
109
45
12
3
254
439
484
193
164
502
246
822
645
500
657
366
96
26
231
156
28
697
522
60
41
154
520
123
31
174
62
61
131
198
13
337
400
404
176
44
294
59
100
5
9
199
73
75
245
49
70
241
222
81
262
187
188
220
519
119
231
640
131
139
94
109
94
128
15
278
69
112
275
21
30
22
76
318
49
64
805
45
4
41
59
150
35
249
398
841
81
78
67
13
355
99
23
73
166
8
597
120
11
3
31
55
86
295
488
285
109
69
62
215
370
294
69
16
102
284
33
200
127
374
94
83
256
131
307
260
10
5
246
20
50
194
247
38
63
6
167
17
1016
453
239
456
186
247
307
251
833
456
293
126
143
62
805
123
451
69
183
383
15
105
32
7
141
432
69
25
1020
87
182
152
87
181
150
573
781
253
80
104
316
58
23
15
125
69
262
74
116
73
365
167
269
209
215
355
620
106
342
3
122
230
518
25
59
385
18
154
136
822
26
78
10
466
210
267
43
21
354
943
308
812
438
126
1076
219
54
65
660
292
81
146
115
116
13
10
323
26
329
30
140
36
554
394
74
490
728
133
100
81
20
363
248
275
51
423
197
375
121
94
62
139
592
1
163
138
24
282
117
316
47
539
51
94
36
202
132
75
279
10
188
25
499
99
80
954
106
368
61
11
136
86
563
26
443
170
67
48
299
460
694
61
489
338
244
49
294
130
350
18
277
429
54
6
73
105
23
17
26
24
95
186
26
203
107
23
128
6
520
102
85
87
145
396
198
104
371
273
78
117
535
46
349
35
138
27
365
413
382
83
23
37
68
73
241
468
119
465
20
483
205
86
244
44
163
494
35
8
96
136
794
318
268
182
539
296
129
525
245
883
249
15
49
46
35
108
42
6
35
531
60
126
111
337
82
275
502
244
103
295
458
124
139
6
152
37
25
80
19
112
231
38
40
156
103
30
1000
221
30
24
1
170
165
220
25
6
76
152
290
132
87
95
350
24
52
379
543
307
147
34
21
18
31
12
20
936
241
185
206
63
233
125
296
41
232
45
105
224
74
71
187
127
20
87
114
98
22
41
503
68
95
73
24
350
10
141
204
196
56
595
321
425
174
197
190
19
108
127
345
508
171
2
71
386
326
462
361
233
215
39
323
131
3
156
174
11
609
178
82
192
59
58
1538
210
32
88
3
174
197
186
265
103
705
379
7
322
285
642
950
440
6
43
54
31
378
87
323
196
4
184
12
24
12
70
196
41
76
192
320
491
67
120
89
48
590
51
87
113
79
39
244
82
536
337
52
4
104
545
482
425
776
12
2
49
14
177
459
162
182
189
32
78
120
168
285
524
159
280
31
374
657
503
194
357
232
371
26
344
68
50
442
196
41
230
281
4
306
90
442
75
24
272
168
1
67
55
365
174
104
66
199
23
52
64
52
219
45
72
186
54
44
368
168
27
167
114
43
165
338
165
143
127
167
208
536
27
7
126
85
227
278
392
99
58
289
10
395
175
788
111
249
473
537
36
189
28
208
129
166
405
388
379
145
144
60
37
116
339
9
685
403
45
106
296
82
66
77
286
240
321
26
223
341
123
97
62
153
365
160
44
123
514
238
190
141
99
18
94
203
42
274
41
370
175
322
145
258
37
258
216
287
1
76
254
208
132
155
579
238
555
943
46
332
231
48
600
504
148
151
160
110
75
227
62
160
275
536
327
37
375
485
244
492
86
375
125
60
152
127
252
70
170
65
78
440
16
98
232
11
321
227
46
6
53
125
21
25
15
106
171
184
53
467
172
403
124
181
4
13
29
87
339
95
89
75
179
77
895
68
89
5
174
46
11
7
604
343
62
139
103
115
737
79
45
339
225
38
113
7
251
335
303
119
44
353
96
178
66
12
68
17
51
340
236
96
10
91
122
164
19
145
14
322
96
692
183
395
25
50
345
50
23
185
561
25
153
98
43
45
399
107
324
4
61
57
113
14
84
67
235
177
183
341
370
440
97
144
56
84
270
60
217
351
659
410
9
338
49
194
337
349
10
8
81
121
38
747
164
253
77
105
171
469
157
469
1032
231
312
66
489
216
21
92
120
22
64
103
135
19
87
622
269
274
274
514
207
361
90
143
75
98
172
235
933
186
100
25
57
285
198
537
91
72
126
129
34
444
56
78
211
171
298
212
523
353
21
106
131
241
696
44
99
255
534
112
317
413
83
203
312
66
32
132
78
390
366
87
47
204
73
22
403
2
6
343
328
157
124
39
155
227
375
53
650
610
109
62
332
991
67
139
69
3
333
67
126
1
522
192
148
95
21
161
117
50
97
105
64
569
106
57
139
139
166
211
222
500
70
41
351
83
384
171
419
74
73
6
126
146
35
257
126
268
133
363
212
28
344
47
236
229
267
970
2
805
106
81
196
9
7
147
187
95
101
172
33
25
151
290
579
61
231
736
431
564
162
121
274
279
10
401
464
2
121
27
221
9
101
1
101
83
78
573
422
224
711
15
41
764
188
413
139
45
94
147
19
325
187
58
544
44
132
389
46
282
316
243
15
230
57
54
8
113
16
128
84
426
91
122
143
7
431
18
237
97
334
86
386
265
35
107
102
220
63
143
92
90
47
27
281
2
106
113
12
145
111
126
216
278
16
790
30
3
488
125
14
652
73
69
115
268
609
130
70
123
63
1090
205
386
89
29
57
49
11
383
116
102
251
200
128
27
77
270
156
54
129
114
24
40
414
6
159
106
578
77
266
663
12
79
259
384
31
340
7
178
10
183
205
129
145
4
96
574
8
221
220
197
167
280
74
92
62
17
95
585
75
35
337
219
545
89
328
170
214
188
165
144
3
189
172
261
189
3
623
54
444
157
518
234
103
148
20
640
566
336
174
28
120
165
178
31
498
315
150
344
53
66
62
125
60
227
204
272
2
90
273
27
58
853
45
153
107
43
420
130
17
114
66
82
705
114
18
13
269
39
1
1538
106
620
154
3
350
112
231
239
516
29
59
357
48
126
364
392
61
159
8
154
175
1078
14
155
248
6
69
44
386
449
344
23
620
20
265
348
130
83
9
88
331
286
678
221
178
70
217
627
334
262
502
379
14
101
1
73
253
558
40
102
115
40
7
261
375
139
43
212
233
258
141
18
77
1
80
9
483
195
630
250
34
48
364
50
398
93
194
318
61
23
228
197
95
24
36
11
67
79
47
87
212
277
83
363
82
769
280
119
113
119
132
188
186
343
17
159
8
143
498
288
363
336
235
511
67
187
46
381
234
14
10
404
68
109
65
37
626
30
200
132
26
191
124
253
232
253
448
344
88
54
90
162
32
233
18
113
134
113
188
138
238
165
613
54
52
175
147
50
139
66
76
356
218
330
178
246
32
107
140
28
76
344
434
24
26
239
242
96
7
42
75
633
36
847
28
179
344
537
270
261
139
160
27
66
127
162
6
365
593
287
21
210
27
97
458
705
456
35
85
23
236
80
246
311
36
407
276
35
31
2
17
6
249
113
89
240
218
52
106
691
66
643
366
214
252
418
64
60
377
261
315
5
586
33
218
31
902
17
614
60
784
41
30
10
23
279
64
12
19
10
361
158
158
159
383
146
269
23
87
239
161
105
312
211
1552
313
144
289
35
355
393
73
371
235
2080
71
430
234
20
109
76
14
412
189
90
107
54
234
166
254
584
185
336
158
11
183
299
53
13
1034
102
226
158
328
640
181
47
460
119
285
6
555
191
44
165
324
171
302
11
263
63
46
82
438
210
349
60
167
490
72
172
291
215
147
13
91
64
328
302
163
112
346
53
401
982
41
104
86
55
50
81
69
222
451
63
11
72
68
13
87
299
218
327
188
24
185
111
222
121
18
43
168
226
18
376
158
38
192
96
16
203
212
18
23
67
696
665
45
52
72
16
374
117
364
609
204
30
144
196
146
418
5
104
355
60
20
758
107
176
536
540
103
61
83
67
4
89
119
23
3
21
178
462
7
244
40
241
171
87
41
191
308
210
15
355
355
124
271
238
1758
100
106
730
82
355
414
393
600
379
44
384
305
340
50
18
914
18
435
43
255
171
434
77
121
181
143
91
211
308
62
9
539
126
38
435
133
66
48
261
534
117
517
350
97
136
181
35
440
341
2
10
807
376
56
201
178
57
129
90
678
635
57
7
525
105
42
147
10
283
205
291
16
153
41
26
70
124
128
193
1100
387
113
87
387
115
49
109
89
409
555
210
10
508
186
203
321
148
61
43
337
204
319
343
180
56
92
69
171
64
566
512
222
410
432
213
112
344
24
141
3
116
253
150
282
360
188
332
120
376
11
236
39
145
214
243
313
105
255
94
435
238
118
142
91
60
592
777
97
242
173
237
488
210
130
280
159
17
410
126
430
29
12
66
23
43
157
45
14
174
79
402
133
256
291
295
195
26
9
342
1
1194
189
279
138
495
254
167
130
58
85
136
43
374
192
224
42
243
26
14
477
8
23
266
49
163
7
18
19
70
111
28
33
374
160
108
74
94
318
218
41
37
81
272
165
39
495
15
176
69
103
4
471
295
364
109
148
198
248
311
137
78
48
85
70
185
15
100
739
413
458
50
478
405
127
9
64
7
832
30
12
110
266
278
267
136
29
341
115
175
192
42
221
128
85
89
136
369
46
89
52
858
14
409
132
186
274
39
243
8
238
1
625
304
345
504
39
201
121
75
178
66
480
165
153
261
196
154
102
89
77
605
428
1
39
260
81
379
136
477
77
153
290
62
55
64
242
34
19
84
21
268
45
331
19
33
22
319
232
250
59
37
27
311
387
537
620
91
129
71
96
695
231
179
281
1047
118
3
283
11
115
133
49
106
19
126
1
38
135
21
3
43
468
136
225
119
34
139
708
355
149
389
113
12
121
876
14
263
246
87
254
39
64
211
319
24
219
297
368
326
444
301
542
277
301
313
95
131
422
34
202
203
233
216
1
363
95
51
589
131
287
366
215
12
276
32
223
18
533
127
29
46
188
235
191
194
471
260
706
104
52
12
46
293
291
11
318
581
71
148
136
251
530
60
948
46
22
924
148
10
132
145
283
133
6
108
15
147
471
43
158
245
132
20
300
226
34
185
403
857
33
338
202
97
28
187
130
19
222
535
399
43
145
17
544
270
205
60
34
195
991
68
152
369
7
402
70
67
363
21
185
153
726
290
34
449
408
21
50
32
431
112
14
37
331
168
52
6
4
51
172
172
755
85
243
54
88
238
159
734
102
156
273
28
434
274
223
29
61
36
218
309
62
218
83
22
273
177
159
92
356
11
412
138
61
460
40
67
3
195
36
190
4
34
92
66
23
380
214
119
1099
125
185
99
113
153
263
177
71
701
31
287
379
45
115
708
362
255
111
84
225
104
193
147
122
98
451
126
598
450
109
214
94
399
38
72
20
215
31
230
6
295
188
38
533
362
137
11
71
309
57
275
21
146
52
138
17
439
21
31
343
106
24
11
65
123
371
363
12
94
73
501
21
61
436
149
6
385
28
60
348
71
314
317
29
36
35
327
381
159
18
252
49
207
262
97
41
162
118
66
48
266
335
70
62
517
61
261
42
397
60
177
44
224
162
283
261
57
107
40
76
123
75
173
266
170
26
425
38
229
31
426
166
146
19
65
415
129
87
211
159
43
206
136
305
160
94
404
498
106
365
341
191
558
172
18
13
418
660
55
483
176
118
400
42
48
103
327
401
358
30
28
85
436
445
470
159
308
114
82
360
1
29
101
136
149
5
160
746
682
314
193
215
53
45
109
63
7
411
66
298
33
525
722
478
253
122
51
11
121
59
81
246
21
354
11
65
718
29
65
88
699
758
211
63
326
191
245
16
477
122
173
261
306
96
628
215
37
199
74
119
373
245
1525
387
131
75
99
451
59
272
146
37
261
267
116
44
246
50
379
767
134
608
9
121
78
139
350
23
116
161
140
130
130
1
122
236
216
322
136
402
165
5
141
128
329
28
160
130
166
478
593
116
31
3
131
61
166
199
70
408
122
46
185
132
17
240
299
259
405
91
462
72
73
134
115
112
134
13
5
279
48
467
14
2
608
27
39
14
151
123
9
207
393
107
433
101
184
239
3
163
10
504
200
485
25
2080
130
67
292
65
90
58
249
301
55
82
261
195
418
92
123
5
258
53
3
376
19
275
48
55
41
424
399
50
37
999
369
292
291
97
93
93
158
318
84
119
127
36
991
230
321
62
332
236
635
146
877
5
111
213
71
493
65
133
241
392
124
117
160
82
104
36
265
300
3
328
183
39
258
81
910
80
200
120
60
44
81
134
178
69
169
358
126
213
57
59
216
68
542
276
149
183
126
34
3
298
231
70
45
163
597
286
228
110
150
47
241
179
105
50
80
393
223
179
157
264
3
37
166
311
128
904
64
315
1045
840
18
134
549
394
16
159
11
131
272
226
24
108
58
69
243
437
118
294
86
356
169
292
131
68
594
136
115
372
146
137
1233
93
158
423
193
247
96
114
477
186
174
204
129
158
54
9
255
282
436
483
228
11
332
258
140
304
17
95
212
174
45
201
122
26
243
289
11
200
134
378
91
86
74
248
40
220
49
569
503
40
81
3
51
82
273
476
486
477
518
60
108
13
132
128
77
32
181
315
6
3
868
298
55
2
287
28
60
115
628
113
265
193
38
214
1
93
16
686
143
4
42
317
136
273
271
194
138
119
694
126
316
361
233
151
76
954
138
735
46
23
119
70
167
191
143
60
141
114
252
458
13
163
66
138
25
228
173
8
432
24
71
27
18
223
193
306
84
307
315
40
875
151
456
212
305
332
41
17
236
101
332
8
73
13
83
249
825
144
332
4
81
81
288
597
19
234
6
157
9
730
203
146
10
32
264
789
258
554
265
53
943
256
247
15
596
37
48
201
64
131
128
48
215
98
66
742
127
210
94
36
24
55
273
181
67
826
182
20
240
350
113
218
72
127
935
3
219
184
128
71
192
107
341
181
217
212
126
16
90
477
87
83
45
88
157
421
16
228
88
31
797
101
61
37
843
69
119
56
21
40
105
177
27
268
78
140
21
181
223
642
90
107
387
24
561
42
41
220
61
121
20
204
341
219
510
98
426
113
20
127
392
339
6
51
96
129
226
187
240
302
639
44
155
249
3
401
526
238
152
23
34
25
23
110
110
270
369
324
69
262
35
275
151
148
14
300
109
54
314
522
36
392
24
41
114
544
35
81
262
547
39
42
153
19
498
228
718
349
35
267
856
195
20
131
215
101
629
215
288
52
321
345
34
176
196
38
11
337
390
173
420
12
110
274
210
91
63
599
197
49
267
91
47
29
166
105
289
201
414
27
100
58
9
1204
74
324
255
58
409
225
434
5
416
71
70
122
50
158
24
23
138
73
33
237
222
432
123
195
81
149
240
64
285
240
21
140
54
118
83
89
355
114
55
111
43
1044
152
368
111
345
199
93
228
171
242
176
158
20
436
161
346
120
7
10
306
165
270
262
139
158
30
64
85
185
30
441
64
174
184
62
525
771
49
74
52
184
103
269
132
165
38
725
214
439
44
54
388
110
792
107
209
53
134
191
71
68
2
395
148
172
229
551
377
101
131
345
37
13
909
241
183
239
388
1
52
105
52
126
360
120
9
202
43
252
134
384
8
41
142
28
77
182
223
479
302
9
61
37
137
250
499
389
131
137
243
24
461
224
443
49
10
110
91
340
187
76
596
71
97
179
143
359
3
89
42
17
304
135
186
565
38
110
89
117
39
157
237
20
1
117
216
324
68
238
190
261
84
114
104
22
196
99
22
119
485
215
169
41
98
449
309
17
29
30
46
151
48
5
6
23
361
166
262
98
340
53
217
131
339
170
23
62
145
13
181
318
73
103
409
332
179
2
69
404
66
479
14
9
172
253
27
206
220
841
4
726
95
172
190
148
107
79
5
198
67
229
146
9
118
171
401
97
401
41
354
533
131
415
63
267
263
998
195
156
264
274
34
107
36
418
305
216
134
94
363
416
194
497
192
240
161
62
10
40
31
89
80
55
170
63
397
52
186
339
94
775
55
748
137
103
374
409
245
7
91
142
659
154
235
6
386
192
340
214
198
73
356
14
526
24
91
110
191
667
180
272
123
134
91
470
24
128
168
440
30
27
81
181
149
819
27
412
109
966
102
4
154
259
325
116
1194
44
202
278
2
55
166
527
37
532
57
380
310
2
550
391
11
295
211
188
91
114
6
456
250
92
111
250
110
56
102
45
26
141
27
298
58
43
379
25
3
148
1
52
8
52
6
71
206
31
161
187
10
593
646
32
89
199
903
47
213
139
114
216
20
95
160
22
60
329
59
209
261
344
246
156
19
47
98
78
77
278
54
277
389
113
683
59
43
1
36
12
77
884
41
264
555
141
180
114
227
474
11
121
61
258
108
101
427
382
7
200
246
126
398
67
313
198
161
121
65
13
716
469
51
9
104
506
452
504
469
168
406
36
796
14
303
130
31
134
19
509
116
153
216
134
171
162
169
29
236
168
441
253
112
137
438
367
73
78
110
1290
22
101
477
18
59
182
225
220
422
184
18
3
168
507
56
92
128
1194
200
95
353
3
151
54
137
219
164
103
171
198
44
125
302
460
181
8
159
294
160
52
172
194
781
171
357
66
273
1008
198
32
29
207
419
324
477
49
25
84
44
180
93
27
24
94
135
35
118
49
2
440
53
112
36
149
180
433
27
237
219
187
18
195
606
12
50
155
657
187
45
161
131
26
76
232
67
32
285
85
236
218
59
390
285
446
150
96
124
17
329
362
263
306
386
32
228
173
242
111
374
240
197
105
332
155
139
312
9
148
18
257
69
64
92
38
103
175
154
87
373
29
241
768
429
120
492
151
200
5
208
58
527
27
55
27
73
57
134
139
560
186
530
211
496
299
466
503
202
326
4
240
256
399
22
815
67
408
49
228
367
8
368
104
324
402
383
1
322
130
74
129
276
355
259
176
630
274
430
308
36
47
298
294
310
536
301
74
74
215
221
181
12
28
157
400
65
56
59
116
382
77
124
709
122
801
413
14
149
186
322
10
463
309
170
3
122
370
640
1525
165
292
36
92
273
202
130
47
95
508
43
540
265
240
481
360
63
42
272
271
119
191
189
170
908
421
32
667
398
586
86
246
388
138
163
42
21
269
360
182
88
482
100
14
116
98
20
142
192
491
225
84
64
430
274
353
306
37
47
60
392
115
26
219
53
135
220
82
5
128
67
319
222
166
157
145
229
1
506
5
31
776
721
236
62
90
22
415
389
223
111
194
3
87
473
246
549
262
68
41
32
246
597
36
3
173
73
12
437
1110
285
3
248
156
496
254
107
372
9
90
1
292
118
410
195
168
343
60
120
159
39
46
330
35
116
207
66
1050
72
163
47
227
122
236
104
21
277
115
109
699
105
153
55
36
426
514
233
333
115
83
124
194
14
630
16
100
338
305
184
45
29
744
144
43
77
434
149
139
231
600
246
50
137
54
312
502
75
308
556
211
326
164
427
642
213
21
262
327
194
250
74
497
90
92
98
149
28
1387
179
537
470
126
108
508
17
447
24
113
68
164
345
139
114
28
370
533
188
96
63
209
393
37
686
51
149
431
29
144
30
8
85
530
165
67
105
56
104
155
400
118
79
116
140
190
75
376
235
54
165
205
501
3
2
128
88
151
26
288
303
360
12
182
270
92
298
311
60
45
39
314
574
10
485
250
398
19
433
24
991
522
26
345
189
362
3
157
126
183
197
84
15
3
17
408
635
127
200
126
63
207
172
405
121
224
141
290
142
404
17
464
154
100
384
611
2
450
66
439
145
154
130
10
124
104
388
205
100
319
43
450
121
67
57
171
252
20
151
15
281
270
67
329
79
93
74
35
130
335
238
193
566
306
18
105
30
52
144
68
213
60
131
274
160
215
74
75
66
113
95
45
208
83
87
1
175
565
936
216
27
12
189
112
101
29
349
8
1032
152
204
305
174
23
136
308
2
35
85
17
465
31
106
340
558
29
191
59
278
150
97
290
279
542
370
190
274
257
10
206
213
47
72
237
50
546
43
411
1
4
105
126
168
9
643
228
24
118
405
517
135
452
540
429
459
185
228
12
19
6
13
8
121
1
5
40
369
231
142
632
112
74
5
212
129
64
79
204
90
113
94
734
229
35
12
144
337
12
423
56
261
410
35
24
117
139
331
991
555
203
85
19
441
607
39
109
9
80
300
204
183
22
404
610
110
295
30
57
126
31
219
56
44
109
176
392
102
27
27
133
49
109
170
106
254
249
80
29
484
12
159
255
124
74
160
1
7
151
153
296
158
157
264
259
55
40
167
92
340
32
465
179
184
1
6
33
648
44
107
287
539
197
377
3
72
269
19
399
9
174
167
412
123
309
56
610
344
1
69
339
475
229
161
380
55
243
148
205
98
385
346
397
41
169
378
276
41
539
199
403
47
104
149
109
80
57
357
302
27
20
496
130
183
235
587
100
136
39
350
72
129
796
111
178
630
281
238
56
476
63
301
555
142
361
224
98
1491
30
181
212
164
921
171
254
156
729
112
544
580
110
234
209
114
252
162
231
292
100
138
475
743
728
188
181
28
10
55
352
8
149
22
193
271
171
88
1387
22
40
330
319
102
309
345
69
41
9
3
135
85
9
84
59
192
25
222
612
133
161
110
474
259
73
101
75
144
16
81
416
94
317
91
440
417
655
475
531
93
304
16
559
203
184
63
430
300
185
725
253
46
49
98
407
13
54
739
644
538
14
152
1009
34
35
379
251
190
780
182
91
86
187
132
164
338
76
73
135
26
44
1
43
29
57
63
13
291
456
344
100
66
124
645
21
689
117
131
93
14
49
144
133
45
7
116
127
63
293
114
396
7
134
252
62
85
41
39
496
65
265
95
5
11
147
178
5
13
221
558
158
492
100
55
64
258
106
200
98
183
454
188
429
189
526
150
112
25
518
39
693
279
5
161
399
639
377
89
238
101
244
97
151
11
170
82
330
114
593
45
192
201
721
285
151
229
323
79
287
651
246
76
370
14
428
264
148
571
99
39
31
211
60
116
44
182
36
80
61
166
233
291
13
108
192
300
407
306
54
128
576
183
23
183
60
337
67
291
43
34
116
503
132
52
429
44
5
416
498
251
460
15
146
106
50
47
313
148
15
38
48
314
56
701
11
3
5
74
8
715
224
648
197
115
503
55
721
49
15
117
532
613
17
196
37
234
40
136
322
351
98
353
156
175
147
55
328
139
10
175
314
30
86
636
541
156
288
149
294
152
1
14
205
131
60
193
49
195
198
686
71
135
37
119
436
187
54
304
798
757
79
98
11
149
44
617
228
4
106
205
88
203
16
270
358
238
768
36
18
242
360
162
64
67
400
117
283
21
114
45
153
81
631
43
34
380
316
750
153
195
87
395
216
140
28
221
200
685
427
18
7
435
225
98
14
557
3
593
139
286
291
74
286
109
28
40
68
76
74
64
140
15
39
40
121
166
189
66
143
203
243
536
37
187
190
347
90
36
57
340
74
286
126
31
73
13
25
62
129
173
138
74
562
12
165
73
86
260
161
49
66
3
63
716
117
284
246
116
40
202
68
194
50
271
92
634
33
11
72
15
182
296
255
289
157
54
66
221
330
91
175
84
21
91
139
43
211
246
189
6
444
1041
644
208
25
331
451
53
200
31
33
566
92
138
519
159
88
55
45
110
29
77
514
273
128
576
107
69
114
69
167
184
47
385
40
471
252
156
15
210
109
16
50
559
85
348
213
303
282
217
66
113
126
465
101
255
55
652
26
238
63
330
108
99
42
317
586
27
181
813
139
27
151
154
38
376
541
69
10
323
130
15
171
67
325
449
103
315
181
184
342
157
134
7
180
371
53
91
93
275
35
210
102
313
79
45
282
37
97
458
351
38
179
1090
54
66
725
157
603
241
15
3
332
240
59
47
26
201
18
18
205
565
221
149
165
933
144
242
336
25
306
28
79
219
143
574
139
121
214
168
204
102
157
76
132
268
176
9
198
207
349
117
10
178
50
12
98
70
30
206
67
200
15
515
121
67
1194
97
246
156
94
34
215
14
53
183
77
640
82
251
78
834
450
439
737
70
282
38
389
134
180
182
43
94
5
238
260
55
34
283
68
1
135
618
313
21
241
507
455
96
47
407
3
762
14
383
458
94
14
59
164
171
191
23
223
252
62
79
58
681
113
128
286
6
48
21
109
23
390
74
445
264
276
197
23
37
121
259
99
413
301
36
220
301
67
228
551
282
61
37
257
26
190
475
273
140
181
38
144
526
626
280
14
128
84
168
181
77
149
410
23
159
92
53
594
156
5
322
71
73
79
8
115
171
363
105
601
12
153
55
203
189
179
50
66
297
51
275
14
105
18
193
337
415
34
57
294
149
184
486
37
445
187
50
65
108
175
69
41
4
294
355
615
112
242
207
134
149
127
233
247
204
67
63
90
11
71
130
18
187
27
114
8
296
23
130
259
612
222
363
84
119
432
580
49
398
169
513
263
83
1066
96
71
113
192
19
234
911
324
213
118
436
12
278
140
487
219
7
389
253
63
72
107
26
74
11
297
199
346
528
34
156
168
67
45
108
500
76
369
80
148
801
1053
230
42
49
59
1
677
173
83
121
428
472
135
148
74
17
167
212
113
139
981
41
317
80
98
122
93
34
595
107
32
28
128
152
218
34
15
120
156
67
113
28
92
366
276
412
1
118
27
16
247
117
170
6
27
479
106
196
140
308
55
78
48
55
48
41
704
391
354
95
288
295
874
519
513
61
124
21
86
3
175
62
76
152
75
166
385
447
111
49
40
85
6
364
22
490
29
192
555
176
137
200
376
32
124
57
19
71
1061
376
33
28
216
323
58
145
264
935
26
192
40
268
190
589
265
129
8
54
284
4
269
167
29
300
385
765
446
253
273
11
335
135
11
184
225
134
391
23
116
54
472
423
3
520
90
225
398
123
20
274
45
328
445
1319
455
20
233
73
501
39
27
173
126
24
158
251
154
84
357
835
30
548
8
626
382
262
80
171
4
264
38
124
37
185
60
11
8
174
21
200
294
228
318
497
186
146
663
49
276
187
46
327
194
121
41
178
53
77
278
220
440
665
7
402
648
61
8
387
460
649
222
540
63
143
228
15
706
54
133
79
105
268
85
41
304
405
390
829
63
16
50
554
63
154
66
481
128
375
310
147
502
223
375
213
360
36
7
3
102
140
28
257
46
107
830
250
185
745
109
347
227
190
221
85
9
161
87
3
43
208
101
25
197
406
467
248
131
87
122
226
344
67
286
168
111
149
40
586
36
70
14
58
294
280
92
331
40
357
153
15
44
36
20
229
209
112
662
131
328
3
459
747
60
60
19
133
594
42
85
107
203
12
370
435
118
155
564
52
282
495
647
113
37
26
127
54
241
585
1011
335
3
72
212
312
350
351
222
166
57
268
51
187
68
50
205
334
45
53
86
123
540
13
186
530
93
124
117
276
182
265
327
7
459
176
87
648
268
23
450
91
98
258
499
942
127
121
42
174
26
76
452
82
688
57
67
390
223
86
66
38
56
348
11
504
372
122
735
74
71
545
2
512
6
498
399
1282
206
33
14
49
454
135
54
215
48
37
216
794
150
35
180
111
205
689
52
267
356
259
369
189
464
401
19
265
109
73
374
7
86
110
235
48
323
223
89
44
25
55
55
153
829
135
83
99
425
202
226
47
114
109
194
197
9
38
14
290
108
21
920
122
53
20
80
147
245
1
187
229
47
181
93
49
235
36
334
514
33
3
177
150
343
306
77
16
75
382
249
121
121
255
292
191
5
251
17
172
16
356
214
348
28
19
58
45
429
47
215
375
265
2
827
88
278
68
69
206
96
190
205
243
169
341
938
335
161
161
466
64
689
269
154
71
184
68
477
26
100
433
395
605
1
57
272
351
174
188
54
990
5
432
75
438
100
59
343
80
270
179
178
784
8
146
191
273
118
132
53
20
209
219
280
1387
111
16
173
156
61
215
42
280
24
342
6
383
32
25
282
103
185
153
301
152
149
40
186
302
173
231
563
234
218
56
2
254
168
161
11
167
81
161
155
146
184
67
551
472
206
240
206
59
57
328
598
52
65
618
165
771
1
193
186
629
12
149
203
330
17
125
168
116
531
202
3
385
160
397
5
353
70
149
223
13
424
158
114
371
254
70
430
453
349
264
203
106
7
206
2
542
253
74
94
38
310
125
230
70
23
400
28
408
23
82
94
741
317
191
101
194
430
406
77
10
55
43
70
7
99
582
349
263
78
74
164
53
52
339
676
84
143
75
511
275
223
18
198
26
97
179
381
62
99
166
605
510
151
416
222
64
150
1
29
327
351
102
13
169
37
235
194
127
21
589
534
208
42
610
212
173
28
297
215
640
121
133
49
723
18
99
250
12
112
180
80
261
63
55
216
181
26
72
277
25
71
54
146
51
114
81
3
107
188
39
145
86
427
627
431
198
94
12
47
294
225
260
32
9
293
46
740
42
42
18
323
232
202
87
443
184
312
366
193
209
138
155
693
160
16
149
17
65
721
484
309
64
119
197
218
60
159
98
130
244
15
236
167
167
258
44
22
93
53
73
254
65
163
75
105
32
8
602
60
67
158
252
507
441
143
265
74
386
496
185
128
639
13
1031
39
21
66
100
11
182
78
305
480
62
209
219
13
43
85
49
53
766
374
588
535
109
52
248
369
66
67
97
26
55
11
18
24
180
22
64
130
330
50
156
28
158
258
137
2
48
43
147
32
217
261
323
769
27
164
114
96
602
31
751
106
73
144
63
44
84
20
443
652
1
229
15
218
4
356
106
38
43
87
67
140
184
30
43
15
267
11
2
95
59
20
88
43
96
149
17
179
181
56
5
541
209
11
16
30
160
24
268
73
182
44
30
29
7
24
280
11
124
383
270
200
155
343
47
32
35
279
61
334
170
202
36
218
228
66
133
147
808
315
150
5
87
232
588
49
37
303
364
194
668
239
39
68
29
23
560
325
323
123
301
246
125
121
149
62
141
438
118
27
27
48
158
300
383
97
305
67
38
94
146
74
99
500
13
347
80
345
226
154
567
139
339
129
113
674
7
241
1065
3
77
192
278
305
65
389
696
117
552
46
44
48
173
140
85
117
96
17
98
562
61
166
228
78
301
215
184
157
83
293
137
95
232
908
187
5
508
104
8
185
515
41
86
247
153
110
472
309
76
50
152
148
61
563
177
699
68
30
15
208
333
26
338
70
88
180
104
159
105
103
383
47
129
306
247
92
188
30
192
14
66
292
664
256
631
171
239
17
40
32
460
353
154
55
54
225
83
25
350
11
94
224
238
43
156
466
81
318
276
164
137
841
477
175
382
314
86
49
146
426
147
58
28
268
77
125
140
5
427
177
149
82
40
441
73
17
68
309
53
231
193
118
5
376
9
409
80
16
34
120
6
45
175
93
284
25
232
710
365
115
116
99
26
68
476
167
434
1026
22
5
101
348
185
99
33
158
281
40
139
2
336
251
220
120
404
291
284
321
419
304
520
185
234
55
45
447
87
12
27
209
182
155
302
21
327
370
71
168
80
102
116
26
133
69
86
208
19
8
15
253
387
285
508
335
149
45
78
53
6
165
35
87
179
190
74
130
9
19
89
1086
63
294
42
8
9
72
123
100
40
29
185
446
72
191
119
564
13
232
3
128
39
28
191
1
28
399
419
8
392
59
232
141
71
405
282
131
16
248
369
440
69
85
54
117
191
459
183
124
200
117
288
425
272
207
169
22
129
59
85
573
143
77
24
91
89
193
26
60
475
80
344
524
324
73
334
173
485
2
543
116
308
168
9
340
105
370
175
269
23
20
158
119
738
21
526
116
189
69
54
65
166
336
41
448
71
939
33
185
7
41
133
154
71
139
66
265
163
71
222
181
261
5
65
470
594
59
462
41
116
135
3
156
320
215
41
293
178
261
6
492
149
143
278
1
33
5
423
40
73
113
79
583
60
10
74
285
375
69
61
210
115
40
82
30
16
47
159
28
242
41
47
2
223
487
239
235
163
61
47
312
130
141
143
219
356
137
95
159
324
165
252
131
109
210
14
60
179
207
128
30
434
90
103
125
124
36
287
8
568
233
186
73
194
197
211
49
327
11
41
475
220
60
113
492
112
159
4
41
57
1306
192
163
186
192
73
686
187
417
378
17
601
25
95
158
1
273
208
214
281
273
106
165
3
108
10
307
252
390
976
68
221
32
25
272
158
209
172
69
154
143
81
118
119
243
325
116
191
215
394
205
129
558
239
80
28
493
223
145
282
483
273
8
46
319
167
209
188
138
370
70
103
93
12
89
145
606
27
1387
33
1
28
107
727
86
213
27
5
132
429
27
55
96
1
1159
484
146
8
332
497
158
241
586
15
184
80
200
121
246
163
82
9
61
281
334
134
7
400
633
111
231
259
52
16
67
126
346
172
247
16
92
333
148
251
71
28
43
541
227
308
35
67
210
109
285
143
64
125
97
421
527
302
544
252
7
102
772
327
61
241
193
225
11
378
139
109
139
429
735
25
139
58
367
121
55
34
221
204
346
170
34
48
53
58
133
360
82
162
39
210
36
139
84
77
41
333
453
77
312
88
200
182
238
323
197
42
136
340
1271
374
17
240
112
88
34
256
116
154
152
24
504
187
122
493
330
587
231
235
127
422
142
69
229
165
122
193
269
171
456
248
189
75
61
598
202
285
18
319
269
268
190
382
185
58
39
185
322
740
13
246
77
158
17
33
134
217
167
21
271
222
6
378
46
232
39
211
162
383
137
319
38
356
35
307
666
26
120
556
565
67
111
70
453
260
7
24
61
5
103
381
157
140
165
683
78
17
52
86
72
6
616
285
90
225
84
28
17
259
136
4
238
51
128
22
941
321
754
17
12
56
560
250
100
14
60
147
87
18
104
322
83
208
28
118
315
181
553
81
95
159
193
210
95
192
136
2
268
24
199
219
290
95
273
265
441
79
739
228
152
275
72
918
130
8
298
81
301
98
73
11
194
8
53
93
29
273
95
20
191
719
316
48
28
619
733
41
706
47
223
83
537
180
22
25
395
142
272
190
131
76
102
37
512
187
359
113
701
92
184
227
118
224
92
293
264
765
98
161
504
195
99
22
129
190
176
184
879
76
778
46
469
24
299
301
268
206
4
320
258
249
56
67
99
125
84
25
1
490
79
159
90
114
64
74
513
62
25
17
237
244
149
270
462
806
171
45
399
139
127
36
17
127
697
216
668
166
323
271
48
240
263
20
63
131
161
1048
431
131
219
104
36
420
142
170
36
181
154
713
118
140
711
524
170
325
9
293
4
37
522
393
128
266
31
84
626
170
164
543
331
213
309
214
495
3
35
296
51
19
946
374
663
563
102
51
167
85
76
320
279
112
963
103
273
459
232
209
17
132
248
188
934
212
201
28
349
57
315
28
128
15
402
318
59
16
254
444
67
44
54
33
243
131
91
3
357
153
18
184
206
642
150
51
169
334
614
80
22
240
352
34
27
195
228
3
134
29
1015
138
305
520
379
118
284
107
140
14
96
119
212
1375
888
251
190
243
151
542
18
936
73
118
295
15
58
67
157
483
40
77
96
78
687
170
316
150
31
71
654
208
419
516
72
400
330
113
225
231
235
69
646
14
80
155
51
348
289
16
37
25
44
314
28
91
178
204
71
120
113
37
100
163
215
248
154
115
29
285
142
152
261
196
23
257
110
1024
420
18
110
128
378
131
269
236
175
85
53
22
40
138
155
4
152
78
464
5
121
38
84
77
1
78
34
32
210
86
38
323
149
53
342
114
133
14
89
26
39
243
83
106
405
36
259
356
50
42
198
160
271
273
34
241
31
379
78
151
71
158
142
493
10
92
103
95
165
36
570
34
118
182
41
128
92
36
181
156
98
25
243
118
234
11
202
123
2
203
116
520
90
31
246
61
110
76
122
43
35
65
263
358
2
457
450
222
67
114
20
12
10
303
358
81
38
48
43
26
290
494
158
598
271
41
98
261
254
190
25
54
637
28
73
37
179
46
114
385
339
27
142
60
81
177
170
73
219
161
171
41
231
205
152
232
551
535
144
41
21
147
86
83
51
215
175
29
1
353
189
85
284
188
131
893
116
211
77
511
54
197
421
23
27
132
28
234
7
400
98
123
348
3
750
315
345
6
363
232
32
324
18
524
137
131
801
14
227
334
74
49
154
46
158
80
154
362
483
782
255
231
217
86
56
313
217
91
47
195
226
267
5
415
85
395
2
157
83
64
120
194
198
232
352
64
89
56
126
332
72
11
63
75
81
196
322
62
482
68
113
7
12
38
262
146
272
408
413
351
50
91
56
88
46
71
623
10
117
51
163
53
166
392
161
422
264
5
8
169
15
61
30
18
65
374
120
500
123
33
59
174
197
12
205
2
330
135
90
570
63
188
156
210
323
361
7
275
159
57
175
163
82
123
165
326
731
175
127
816
147
89
492
63
497
10
80
68
12
36
17
190
211
245
57
81
683
418
297
134
323
731
37
321
270
145
156
120
31
38
34
83
324
201
47
171
310
864
16
196
103
239
267
501
276
314
182
61
389
86
110
454
396
378
187
176
37
158
138
139
23
95
814
81
5
171
19
103
66
143
278
38
34
529
164
575
13
24
186
31
23
18
52
849
117
131
341
512
84
26
120
205
156
519
144
4
267
57
20
412
300
47
76
318
122
38
90
905
114
418
96
101
46
99
6
857
184
121
330
156
358
69
3
306
125
145
102
42
88
42
89
80
2
211
341
18
71
47
160
172
13
63
28
37
126
8
59
86
266
75
227
433
10
167
101
13
54
337
100
83
26
106
192
79
9
93
107
83
145
67
29
117
127
118
31
76
15
62
558
270
178
172
195
26
57
539
100
341
166
122
82
234
28
98
43
208
72
404
84
176
306
25
247
158
154
146
336
108
6
306
240
11
59
267
534
28
150
368
104
196
136
10
37
40
75
12
1
67
156
192
558
169
196
448
125
14
134
174
197
294
43
297
277
97
34
57
841
145
357
48
107
62
108
35
503
125
119
366
164
122
397
12
201
277
103
63
42
100
425
234
35
100
63
424
461
14
15
151
61
183
594
115
1
274
15
81
251
507
36
190
678
181
253
180
590
74
80
92
59
31
198
408
18
4
324
50
161
204
27
785
81
109
142
93
88
68
154
17
296
206
508
261
515
89
447
189
139
31
120
306
204
33
782
25
36
22
40
96
242
403
295
647
391
266
810
85
52
82
54
426
104
118
8
1
258
189
149
120
1
412
222
171
476
125
152
101
61
341
200
105
551
263
344
324
183
6
236
33
1016
159
553
41
4
389
215
263
59
119
20
112
60
359
258
64
50
88
51
203
80
11
54
357
117
113
111
324
104
133
321
11
186
326
279
103
23
29
309
217
985
40
108
355
36
17
44
416
81
76
83
270
105
110
483
205
1080
98
16
53
50
6
74
307
190
46
29
509
65
54
61
5
4
81
218
476
248
99
145
381
176
11
139
174
207
58
110
70
682
54
187
79
18
68
15
160
36
14
428
22
46
396
296
144
906
210
84
428
873
59
609
30
519
133
230
939
64
177
94
253
78
354
47
69
29
193
297
4
932
516
30
60
224
107
372
68
39
22
74
576
38
427
195
30
436
291
45
305
191
44
50
75
192
57
102
72
177
19
639
81
113
153
100
234
164
4
381
790
113
412
281
58
156
47
132
257
183
60
245
262
21
168
59
576
1
306
10
139
294
136
2
20
105
403
126
211
356
146
2
238
46
91
51
542
122
417
83
56
304
158
47
173
54
463
192
582
53
592
93
1
20
81
31
97
115
25
156
95
160
131
96
1236
153
44
184
18
96
60
357
140
279
111
10
9
204
26
68
26
204
129
512
429
15
368
114
274
203
238
29
13
414
40
404
526
13
49
25
297
404
117
123
307
110
504
491
322
2
406
19
273
35
75
185
44
70
651
311
44
250
53
21
409
11
197
49
935
3
129
82
7
168
52
158
362
69
63
370
142
31
141
239
162
76
196
214
643
126
90
677
49
674
169
207
572
111
153
5
36
49
59
40
392
50
32
65
420
124
531
47
306
521
23
195
287
53
329
223
35
94
109
167
287
68
306
78
96
113
84
254
436
19
11
481
53
218
114
221
180
194
173
265
49
87
128
50
9
195
124
173
280
453
55
7
58
38
34
5
60
185
47
176
16
205
175
27
19
348
12
178
30
12
24
131
90
135
25
239
160
319
107
211
217
3
209
208
169
235
43
782
192
167
1
273
25
130
303
297
83
260
237
273
30
207
206
389
275
146
66
20
447
214
246
143
305
317
40
157
17
150
190
300
126
8
81
36
377
318
321
32
388
135
274
234
228
393
140
192
404
239
481
71
35
239
187
25
735
104
19
239
189
597
90
82
309
352
138
209
183
100
2
422
136
78
80
343
81
292
57
382
42
99
230
9
470
2
178
304
15
21
91
520
121
343
185
509
149
374
154
391
34
211
1
589
13
150
66
94
26
6
205
1
30
10
896
469
32
64
89
33
407
52
236
443
94
181
249
33
183
19
45
69
296
161
178
225
85
141
33
116
157
446
226
390
26
49
557
73
96
292
354
49
30
55
136
21
187
79
69
707
450
213
623
67
39
223
316
261
21
275
51
557
170
48
165
154
140
153
90
140
167
91
31
77
192
222
454
453
381
214
33
233
62
259
987
6
164
39
403
25
8
366
133
208
204
111
256
144
197
269
324
187
27
151
213
31
2
34
284
131
66
347
81
558
153
177
50
158
176
350
64
43
395
124
210
39
210
168
325
183
321
216
151
170
661
77
554
246
908
109
208
429
152
217
20
250
135
188
60
251
98
757
237
211
51
97
32
865
786
63
221
619
70
49
151
42
117
97
309
97
46
67
382
903
250
181
456
83
458
61
122
58
166
174
8
154
279
130
27
97
128
278
103
17
90
109
141
20
102
698
49
435
60
215
97
148
104
205
118
135
134
24
417
250
41
39
110
53
9
242
122
142
115
353
73
347
47
98
419
299
29
504
121
63
269
162
689
10
210
108
207
41
608
330
71
142
310
461
42
126
218
24
255
87
212
490
452
93
5
76
311
163
109
219
599
545
44
16
11
802
650
27
197
303
653
23
52
421
96
133
451
75
32
380
52
277
93
2
493
60
595
140
21
186
138
54
95
196
31
106
323
173
79
168
266
862
33
372
420
506
115
59
79
40
1031
37
1
96
73
249
78
89
24
84
99
550
17
57
193
112
15
381
21
543
43
31
157
380
27
667
43
168
460
27
127
362
227
100
306
286
209
48
69
452
185
76
612
105
84
492
305
298
114
305
157
1037
133
354
359
289
122
137
348
184
41
188
158
96
205
633
8
61
10
71
49
113
128
1204
333
254
537
11
43
117
215
226
124
159
178
49
189
125
232
166
33
204
38
333
888
61
68
98
561
18
201
85
250
417
279
14
237
108
681
12
101
158
29
23
439
50
91
131
21
6
79
98
63
34
49
113
121
63
1099
71
101
69
1011
80
191
131
114
67
13
433
7
519
33
161
52
266
177
136
30
98
271
425
382
64
873
120
28
285
328
155
25
101
4
293
43
334
724
363
131
142
17
90
39
58
116
62
62
77
7
226
245
72
44
313
252
202
368
232
45
231
31
158
645
135
31
61
285
625
12
440
352
236
206
502
527
47
125
362
160
249
108
552
81
39
85
404
81
687
17
390
42
233
295
25
336
131
355
88
235
145
89
500
94
432
90
130
65
176
204
284
86
388
216
66
278
168
68
168
19
405
225
329
78
367
50
107
528
87
383
128
123
362
175
160
933
51
167
323
226
274
187
407
454
314
101
162
36
191
82
233
83
5
75
50
68
335
53
582
150
44
242
437
1038
393
213
284
145
591
72
138
13
214
50
87
104
211
730
121
55
13
7
93
104
47
102
196
59
399
300
169
320
43
178
252
246
26
256
383
283
96
81
4
353
415
163
261
9
217
126
144
25
54
27
23
172
73
13
100
379
380
8
131
463
188
119
492
126
278
33
137
135
580
32
211
370
162
475
409
616
31
218
24
105
13
180
253
26
65
31
272
39
50
109
50
664
341
513
68
194
127
146
231
123
34
601
157
115
116
308
904
59
142
16
131
42
13
196
97
60
43
47
265
325
4
156
222
18
66
98
131
738
179
199
291
96
196
218
224
109
408
513
206
5
62
514
230
1
86
201
193
43
45
156
64
292
423
57
13
79
158
508
791
336
6
141
114
538
11
521
405
12
303
63
261
74
3
35
199
398
197
57
68
19
162
30
22
172
7
178
671
255
62
82
27
429
68
96
250
293
53
22
318
20
239
1020
136
28
121
118
17
60
45
76
178
18
183
256
342
46
73
383
71
64
40
34
20
103
123
254
868
143
13
62
708
266
270
133
148
127
92
37
200
30
631
469
16
66
294
261
387
21
24
152
77
631
28
192
464
12
55
43
725
272
146
49
278
219
197
85
275
69
205
111
260
498
100
72
204
278
182
76
135
36
126
84
200
248
8
232
109
1
489
241
267
6
230
128
82
6
217
103
118
145
58
9
212
136
177
2
146
155
245
90
378
313
708
50
40
117
523
9
86
393
89
87
232
432
261
62
295
117
277
240
53
8
63
161
156
50
48
278
68
213
339
122
451
349
352
76
61
7
505
19
58
259
10
133
169
337
502
161
576
939
98
138
16
252
383
50
91
524
155
128
413
16
269
492
117
177
352
1
140
78
51
558
145
35
9
208
134
66
190
1
178
52
215
66
65
97
62
5
573
478
114
80
157
281
96
295
31
401
89
405
437
28
32
113
97
43
2
187
418
248
62
3
66
38
59
275
133
369
390
213
555
526
86
245
478
184
271
297
135
492
102
259
267
55
18
26
571
77
44
89
147
142
109
235
115
78
118
338
241
388
16
152
385
50
82
44
513
142
491
100
356
124
148
185
251
104
149
65
25
144
123
23
157
10
254
397
78
198
23
196
60
36
120
308
9
133
9
195
435
78
18
339
87
241
460
273
356
85
12
463
227
47
53
67
109
215
453
17
10
149
242
151
361
129
196
63
236
453
242
4
116
411
155
606
17
70
69
193
117
280
91
241
56
73
159
149
640
213
303
185
162
478
69
22
125
122
77
162
373
19
32
202
169
589
208
111
430
93
10
473
55
68
49
23
62
41
9
240
79
75
69
110
209
32
147
31
142
283
88
529
96
39
329
600
187
74
418
174
134
154
27
144
63
169
130
62
11
232
540
441
3
414
118
55
655
14
205
216
228
871
207
104
4
264
239
213
51
233
315
131
118
386
13
165
488
46
24
11
278
26
8
102
416
162
87
131
774
787
135
434
8
261
45
245
82
325
114
216
116
301
11
474
36
405
1092
99
460
280
38
9
86
62
292
273
21
153
48
67
6
214
140
63
825
152
25
66
265
464
50
20
190
58
103
90
444
174
214
163
72
277
330
161
226
95
27
220
48
684
79
142
63
83
245
131
60
483
180
70
129
3
389
74
119
267
233
14
254
127
92
370
153
240
61
184
109
37
245
27
20
714
17
265
260
263
254
104
606
89
502
197
215
178
271
402
1116
370
373
604
175
129
11
56
89
14
403
539
20
343
243
70
682
203
645
60
59
4
283
33
136
79
129
428
51
160
394
163
210
31
474
229
60
3
48
745
414
72
12
2
13
1099
462
168
101
4
158
22
159
368
199
8
216
54
268
97
659
67
317
96
31
39
1079
199
94
673
631
129
152
327
86
2
154
340
227
166
68
32
142
971
35
78
268
193
168
135
65
37
140
211
256
167
162
123
81
444
99
229
889
99
26
637
90
355
170
415
2
24
441
3
188
99
129
9
17
210
230
118
284
1147
77
758
106
161
75
124
52
66
194
790
182
180
298
23
333
20
13
53
122
61
326
174
248
125
257
11
55
25
332
113
551
85
260
13
50
1
40
204
19
79
50
33
221
40
721
168
137
30
272
108
41
69
678
305
290
23
817
428
104
48
21
275
219
106
447
35
24
313
64
104
106
66
41
592
231
122
155
196
77
3
46
112
562
228
217
148
343
518
39
146
87
89
9
219
439
23
343
3
202
5
8
32
316
24
89
183
254
589
202
150
62
139
411
266
16
31
144
219
3
59
13
109
120
44
132
109
208
14
89
343
542
2
66
49
510
142
110
318
116
104
297
138
112
18
4
64
153
185
137
12
176
30
58
145
221
173
181
50
15
205
45
59
274
69
31
554
172
424
478
243
22
316
328
261
783
808
279
119
375
47
503
137
387
84
43
46
165
174
480
54
98
471
428
120
104
194
23
185
201
87
42
599
170
71
533
95
45
27
8
29
31
77
118
288
58
87
40
86
66
138
70
188
488
209
309
4
356
714
2
129
12
291
132
205
70
77
233
170
121
34
228
221
32
147
16
186
67
94
87
68
171
366
631
123
14
94
30
8
160
154
3
300
495
233
372
84
74
130
655
105
45
119
77
406
38
190
33
264
168
80
236
344
302
83
124
395
88
76
1
11
223
259
206
249
90
102
41
19
58
192
802
603
973
19
119
3
28
193
91
352
323
388
6
51
357
587
243
404
96
108
69
16
467
37
286
118
207
455
56
100
88
318
77
54
132
422
103
379
148
297
275
158
305
77
6
54
60
355
521
137
359
84
288
180
158
251
168
24
24
473
194
52
119
70
440
62
106
85
88
182
119
155
227
139
103
318
46
14
40
95
255
263
142
129
3
162
136
112
191
339
43
396
275
8
556
186
608
2
190
264
80
560
183
177
418
67
206
18
484
101
74
44
4
152
67
501
136
96
53
183
316
200
111
511
465
265
372
118
24
106
4
1
43
7
61
340
105
122
176
240
88
92
617
23
19
344
29
136
130
650
374
262
83
184
113
657
48
241
294
278
75
94
209
354
209
140
75
84
226
154
102
416
174
184
5
34
162
136
30
268
23
213
3
158
359
264
533
173
202
307
487
224
377
304
195
193
59
117
50
136
115
6
86
168
128
40
1
187
96
105
120
488
87
69
1037
824
45
2
266
17
912
74
14
176
87
130
33
133
104
105
12
348
308
98
319
120
290
214
872
557
406
102
81
1025
6
35
217
48
242
93
278
140
523
12
193
16
324
65
155
63
83
114
131
22
35
10
43
488
7
12
217
384
224
62
29
227
325
6
126
185
619
272
750
181
579
69
159
623
148
659
40
147
31
4
272
78
84
107
18
14
240
402
72
63
308
298
73
96
40
28
125
285
487
2
142
351
98
263
112
59
39
69
171
146
268
27
237
231
124
382
25
268
5
10
300
78
157
218
95
54
141
37
69
138
412
4
151
98
113
171
112
49
295
780
72
59
466
44
298
194
858
243
3
130
24
7
161
93
199
204
891
19
730
74
44
386
131
184
79
41
25
132
74
73
219
256
8
115
58
29
4
297
264
65
188
159
506
248
233
867
15
94
398
148
196
44
1444
18
252
157
62
366
74
178
110
47
161
39
167
139
54
74
12
2
387
370
349
554
55
121
360
683
52
144
345
340
83
547
29
215
489
188
347
242
260
135
257
356
130
671
275
180
37
168
23
105
392
211
227
86
248
20
55
78
346
221
301
846
360
23
193
63
275
150
164
357
539
60
279
69
341
236
157
174
42
51
878
64
178
489
64
47
336
554
268
68
476
109
268
281
232
278
14
354
53
957
28
3
80
113
207
534
74
500
2
11
68
11
24
27
53
335
340
210
417
281
293
73
429
77
327
169
73
98
227
127
262
225
67
273
36
3
29
74
4
40
68
76
71
72
131
240
79
139
186
155
14
308
88
10
136
423
39
181
569
1092
61
153
586
47
399
57
149
132
154
46
91
752
198
99
461
238
234
632
270
20
6
121
102
270
26
104
350
180
29
251
242
7
47
180
531
45
332
124
87
305
301
190
22
306
91
4
191
107
537
16
242
232
167
234
261
321
65
132
75
491
14
152
149
106
142
114
15
50
33
8
110
79
91
277
84
8
511
219
328
25
992
120
295
81
324
62
285
187
202
184
260
63
118
92
45
149
268
12
24
330
3
89
90
933
105
11
149
33
354
143
229
506
58
235
390
12
105
490
7
67
182
74
43
10
372
61
87
54
17
232
26
131
190
144
201
29
184
37
118
138
241
121
71
111
227
202
48
386
31
20
568
105
35
92
36
189
523
691
125
396
71
292
152
248
62
77
159
168
55
719
54
112
57
24
158
234
368
81
114
236
413
696
251
8
473
282
121
70
120
707
376
47
282
637
23
598
94
73
61
176
46
163
94
59
64
342
37
56
458
11
122
140
159
116
112
237
6
225
47
101
62
125
221
152
107
31
647
191
116
257
293
562
830
53
231
60
226
202
276
18
186
67
167
41
49
24
1
92
70
158
523
41
77
89
528
169
342
106
158
19
12
157
489
392
210
147
81
241
120
81
251
229
74
265
99
186
3
76
46
146
18
1
117
450
208
70
131
148
25
19
217
263
476
121
96
8
402
38
349
316
227
104
83
708
594
81
449
187
40
21
201
16
89
467
558
265
97
193
4
13
10
246
120
393
303
394
241
201
455
33
4
265
156
13
264
89
13
50
102
1114
8
51
274
114
224
78
560
418
280
104
15
80
554
5
101
293
158
442
56
67
183
208
23
227
75
54
390
252
299
292
163
160
4
40
361
124
41
162
76
126
17
116
6
518
253
2
81
252
38
98
52
18
108
12
200
280
89
171
145
98
336
161
94
3
195
37
9
136
202
24
65
191
297
54
24
542
468
383
112
545
258
489
248
189
102
1
131
12
31
119
87
41
135
95
43
21
127
25
84
81
92
257
96
103
85
4
99
458
189
717
46
194
88
280
183
448
39
81
420
213
48
561
392
97
253
61
245
134
61
216
169
58
75
84
150
423
100
267
294
359
158
1031
148
560
77
470
206
117
799
20
102
173
51
390
92
266
1129
118
568
359
314
36
99
863
1128
29
645
14
190
11
3
51
2
292
176
6
610
19
112
54
204
171
621
358
488
259
12
124
112
98
66
281
609
242
76
281
157
134
63
572
316
85
253
4
445
89
567
944
240
273
101
248
168
63
333
99
26
309
593
56
241
286
117
367
261
16
243
53
220
3
97
128
343
257
79
204
232
11
133
463
18
6
343
308
299
439
167
41
295
1
473
55
21
125
134
209
44
320
283
166
225
150
174
172
219
2
26
734
128
89
120
322
269
336
351
367
409
94
38
29
443
11
204
14
140
189
354
243
151
23
147
91
127
17
130
33
103
265
56
98
518
958
109
240
96
240
96
259
11
412
484
23
182
81
241
351
98
152
49
139
903
630
426
259
158
534
7
11
43
36
213
238
76
463
75
171
337
988
70
286
23
285
111
635
21
686
133
16
333
305
274
141
559
4
170
44
1011
166
165
25
70
65
41
46
141
57
102
95
614
263
50
264
113
196
235
138
241
313
54
373
117
28
387
32
355
231
38
318
138
226
247
31
12
288
134
223
601
104
69
5
318
218
214
456
1214
65
7
144
324
89
7
200
151
165
80
354
47
14
20
4
82
42
127
449
535
9
15
81
244
750
558
101
114
61
575
811
97
274
23
279
448
573
325
105
506
69
70
510
253
841
186
350
94
54
40
24
120
56
68
442
105
302
208
88
12
246
63
40
282
65
546
562
165
155
78
185
13
268
49
288
19
1157
334
207
17
40
148
141
58
51
79
145
72
376
11
253
576
487
216
34
418
82
398
291
133
390
45
28
763
161
496
215
32
91
220
93
145
177
148
272
12
160
51
372
49
115
32
65
128
140
906
8
21
186
179
439
116
80
464
87
74
182
160
436
343
16
659
93
80
60
160
127
232
146
398
888
173
4
60
319
23
345
736
112
94
940
35
550
68
22
258
26
63
611
192
235
26
356
84
131
289
46
76
71
12
28
691
149
104
68
12
1
106
537
39
101
56
191
590
141
1027
10
340
274
227
516
663
68
34
12
66
1
218
211
417
333
39
24
23
137
75
34
165
181
9
192
1171
130
374
338
235
35
189
276
37
2
580
7
304
385
29
439
23
247
124
12
200
162
31
500
236
108
141
275
30
55
276
95
232
228
477
34
123
114
68
143
190
33
16
2
184
158
85
43
969
367
41
18
80
10
33
246
751
64
305
107
132
169
94
113
82
131
283
105
220
357
62
90
350
449
218
343
71
131
41
157
596
23
120
196
11
304
136
91
13
146
156
258
210
43
391
252
419
346
74
170
16
348
425
8
81
112
464
204
21
276
28
55
360
234
130
304
53
47
160
136
444
14
293
125
7
229
53
444
20
25
16
399
307
381
165
2
136
103
172
394
164
104
292
72
87
53
15
425
207
277
320
106
58
75
10
201
91
172
190
81
187
58
35
254
56
78
358
119
147
577
14
21
179
130
290
123
8
381
202
126
106
325
330
36
295
24
160
124
258
99
52
29
427
167
62
310
57
190
75
61
125
208
83
42
119
651
437
37
69
29
37
72
982
262
56
139
523
313
11
98
155
182
98
23
53
435
228
575
509
15
244
13
51
168
674
40
258
342
1045
183
83
28
58
91
44
396
395
476
8
33
475
15
170
210
136
306
329
139
70
65
279
3
344
41
154
55
23
83
89
822
9
209
59
90
16
388
38
138
144
173
61
119
17
101
556
663
11
108
187
36
177
21
163
256
163
235
852
216
143
36
200
88
15
508
660
348
108
45
106
469
31
111
186
109
25
122
19
516
209
737
129
22
200
538
141
120
471
87
1
71
151
87
39
328
51
277
51
731
208
6
281
78
315
18
508
63
37
169
352
434
754
32
20
2
21
151
22
108
602
215
384
19
22
365
620
38
265
40
209
271
258
44
97
602
180
472
461
220
650
65
70
38
340
83
1097
10
56
383
46
339
413
349
214
116
292
290
68
61
538
754
230
148
49
304
342
706
293
657
17
276
363
79
708
15
9
226
160
378
520
19
2
328
584
305
93
50
210
137
356
381
55
199
196
41
62
17
547
149
206
10
366
27
253
238
236
378
194
2
743
145
181
203
11
144
154
40
317
298
128
190
177
232
37
83
189
12
196
183
571
256
197
215
104
415
27
171
200
263
192
437
81
