192
69
827
494
23
764
88
305
256
14
149
50
312
5
62
440
508
260
70
16
132
563
55
208
12
323
150
74
24
240
29
41
176
90
246
91
207
138
823
135
67
406
3
895
3
14
27
7
87
504
26
336
89
346
224
64
405
362
96
323
252
518
111
15
200
33
98
169
5
42
16
508
95
707
486
181
146
411
375
23
92
43
46
66
154
88
139
242
88
193
224
478
208
223
231
125
499
552
668
126
42
556
239
182
42
171
93
83
35
202
184
96
518
111
214
444
144
310
251
232
1009
123
54
495
320
1036
137
91
44
46
257
603
42
89
299
143
135
20
434
133
424
64
99
177
171
250
553
7
431
19
35
121
398
428
51
16
36
220
68
56
338
214
68
455
36
303
15
26
213
38
69
65
256
108
13
526
124
95
368
12
83
610
148
240
198
204
34
188
350
41
79
6
251
52
198
31
87
57
44
87
209
217
296
486
338
109
75
16
78
601
144
68
212
304
80
174
161
236
420
245
691
280
264
28
113
12
13
137
16
151
179
187
6
204
380
170
98
87
225
36
134
43
114
4
244
241
609
266
135
52
179
149
397
74
125
110
20
144
56
261
285
23
164
276
586
101
101
101
284
2
153
328
434
15
116
141
125
162
190
61
438
210
361
44
417
138
77
57
109
38
40
179
502
43
54
24
33
119
196
138
84
435
24
16
8
300
242
792
889
477
91
260
315
172
137
335
126
235
596
107
264
372
47
316
36
240
186
140
748
148
19
635
206
51
131
148
10
260
266
207
116
9
26
38
364
380
322
117
43
704
369
46
552
157
5
4
43
64
136
43
90
171
232
351
62
651
158
35
201
160
104
216
13
638
192
22
59
152
77
25
242
32
81
92
155
144
216
507
330
65
166
498
354
291
220
26
474
291
14
126
19
19
485
36
46
95
121
135
404
455
703
366
265
269
181
26
202
46
135
25
454
304
83
446
140
136
192
354
87
5
204
102
75
109
329
61
71
265
14
307
20
118
3
176
27
985
212
33
497
72
54
44
118
179
37
317
21
87
126
473
133
352
249
94
309
342
809
5
421
42
261
451
577
439
11
68
328
409
94
188
221
238
656
251
150
50
60
296
501
39
135
65
66
2
168
68
183
319
225
136
169
190
167
46
6
36
6
394
321
11
124
27
294
139
16
45
77
466
209
116
409
1
74
360
335
22
83
135
109
16
124
228
19
186
159
166
154
111
55
40
50
545
128
308
237
11
81
32
17
181
53
427
120
22
425
117
55
92
1239
336
148
182
63
166
58
130
131
69
62
9
76
20
67
204
321
34
141
454
344
4
39
687
269
212
272
588
146
525
348
305
91
161
293
148
91
20
624
61
4
38
187
185
54
108
69
1502
231
62
396
331
837
57
12
107
275
298
115
56
404
20
494
9
22
127
191
53
88
41
48
247
216
127
153
513
79
533
204
171
48
190
5
299
187
54
64
9
224
267
327
472
514
246
634
165
251
322
24
78
45
258
22
68
277
464
197
6
57
99
345
201
74
37
354
2
335
87
122
229
305
140
256
16
5
141
136
128
160
57
468
189
44
167
350
42
127
220
10
36
3
146
111
39
272
89
260
520
15
548
86
422
40
137
210
22
382
44
32
200
325
742
52
29
873
152
214
75
375
112
164
315
699
1332
28
471
29
21
277
40
45
70
296
465
344
192
209
169
113
119
212
186
143
200
502
32
163
107
698
70
285
76
146
186
345
138
244
60
564
284
150
201
89
242
212
267
137
53
92
63
28
484
353
233
161
77
102
27
55
710
54
127
504
523
412
140
187
204
5
97
125
40
66
92
9
104
2
18
373
39
12
47
216
44
178
430
212
192
234
281
241
551
3
475
442
82
37
186
248
5
8
32
376
226
345
232
21
193
557
93
87
275
161
194
17
422
555
510
97
168
103
605
661
2
660
98
16
17
153
59
392
47
330
29
18
6
168
23
256
148
213
264
83
258
68
628
311
145
779
58
33
235
273
372
99
373
357
106
255
36
247
2
27
265
132
212
2
131
147
93
116
63
120
7
755
85
70
435
151
193
480
6
48
674
146
303
228
20
125
45
502
13
3
208
525
22
72
261
71
279
64
114
28
772
252
384
67
78
42
71
100
227
3
32
221
374
24
80
436
86
319
232
186
255
90
37
5
305
184
22
127
7
5
129
3
269
548
134
23
352
41
69
330
33
228
46
124
58
148
64
103
42
395
152
165
161
63
304
145
49
334
53
447
721
160
433
213
188
233
607
35
145
20
45
160
124
96
147
96
170
79
192
635
34
305
24
104
115
369
525
378
334
122
73
299
241
54
67
645
189
207
817
747
139
76
164
268
1758
230
29
11
219
240
178
204
283
301
147
186
260
299
60
341
587
33
49
38
326
11
139
41
273
169
8
601
91
374
30
361
29
60
331
612
390
106
197
404
129
35
169
129
55
91
206
163
693
186
177
704
86
165
177
506
699
78
66
76
35
65
494
209
41
389
4
103
586
347
99
106
281
82
316
36
62
138
39
157
43
196
277
504
393
528
335
23
50
389
187
31
108
314
19
79
124
82
648
164
44
453
289
95
3
326
117
222
164
211
36
183
463
23
287
184
84
474
221
7
102
50
199
87
25
37
18
90
52
202
160
114
83
40
370
51
204
35
133
366
85
462
29
438
86
10
101
116
60
368
397
76
94
160
225
249
258
295
152
181
258
320
109
406
171
336
579
278
827
18
187
88
77
491
357
512
282
151
33
247
158
225
77
537
799
18
313
349
37
169
69
47
33
617
502
166
172
156
187
21
93
92
50
271
207
610
52
163
75
263
52
148
188
566
42
44
7
32
273
32
370
27
114
257
234
81
27
11
133
236
174
279
20
426
119
96
598
411
141
816
39
521
168
369
79
294
349
287
73
36
4
669
192
175
59
2
130
58
344
249
470
43
370
157
106
179
29
131
83
26
14
275
130
132
336
126
7
429
343
201
154
207
344
111
348
237
64
67
198
27
147
297
494
164
176
208
161
165
371
22
95
270
152
262
75
394
82
9
158
182
715
35
119
46
15
140
63
318
47
21
51
122
119
72
13
478
49
172
251
586
389
35
23
93
271
36
273
191
50
14
31
344
72
5
253
157
106
7
51
346
4
87
76
386
161
47
89
583
91
44
14
1286
39
98
7
55
284
191
330
100
64
393
170
13
10
60
1151
122
45
224
111
72
412
70
493
3
137
58
69
713
430
246
272
13
147
98
28
37
389
1
142
552
3
188
11
106
221
57
477
362
147
585
19
87
34
142
4
251
217
6
327
426
364
218
376
168
79
176
365
174
154
178
334
18
236
82
63
165
367
244
8
220
36
47
437
233
128
519
170
377
34
776
79
35
144
612
121
11
279
63
17
132
143
708
217
286
63
459
96
324
123
240
574
6
212
213
724
194
210
347
142
99
316
101
272
448
107
337
185
31
224
163
52
133
251
22
689
966
109
3
2
2
202
201
33
18
50
83
645
11
263
343
252
104
26
105
107
281
62
350
74
160
231
108
30
303
72
63
187
452
158
52
55
212
245
62
35
24
341
30
541
129
771
420
13
13
100
883
36
3
1
485
157
20
22
214
27
37
207
23
111
229
292
565
206
326
50
231
111
123
26
317
118
797
416
72
92
190
176
622
69
152
320
83
61
224
600
543
769
6
81
180
55
212
504
100
57
26
595
82
98
176
147
425
147
59
26
274
117
108
101
712
163
293
5
254
95
70
864
273
629
85
38
11
353
47
163
217
159
382
428
1118
116
7
27
337
208
170
198
45
11
485
56
157
44
297
66
2
300
10
228
113
307
234
44
32
603
370
623
230
145
381
52
319
640
119
288
395
308
323
156
1
532
205
59
4
490
43
96
139
75
25
49
40
213
53
211
444
79
30
23
51
176
163
105
47
67
165
825
28
91
106
49
363
308
54
67
178
417
60
92
370
332
312
140
3
53
266
1758
202
206
299
257
455
217
1
16
9
251
45
12
167
67
123
51
260
69
110
472
70
257
328
135
4
13
116
36
335
207
161
528
16
165
151
54
37
26
347
19
122
153
68
636
680
469
180
90
9
20
4
105
3
167
61
51
90
345
151
159
69
137
200
83
59
248
61
313
81
324
54
151
611
818
362
103
717
14
14
204
136
322
574
319
128
751
208
62
155
350
198
252
2
384
145
88
163
231
562
60
155
4
12
243
96
66
639
325
14
14
248
69
30
1034
45
324
55
1
169
145
171
295
99
120
92
59
84
76
247
11
191
51
301
160
239
28
516
184
389
74
168
231
661
287
96
52
444
407
257
36
55
24
347
78
165
58
193
248
370
303
307
83
114
1124
430
207
35
158
26
22
351
296
211
34
383
259
623
3
48
36
41
115
122
103
1049
25
896
83
383
234
83
150
44
12
205
182
153
4
9
484
369
465
61
302
81
43
1176
14
635
368
120
168
251
65
191
595
30
282
188
211
1
31
277
162
247
224
169
292
57
398
154
103
75
19
204
196
125
729
190
449
341
37
943
231
62
184
243
157
205
338
121
373
384
130
176
16
110
198
212
717
100
354
112
106
21
255
157
78
276
32
142
151
74
108
74
359
193
323
73
42
56
362
208
71
5
172
603
149
307
81
106
99
39
9
20
163
21
344
205
189
262
347
18
147
161
802
722
12
105
266
179
22
5
80
105
21
755
313
159
163
176
36
124
508
209
20
141
221
171
99
242
576
320
180
82
196
2
51
210
24
22
263
81
266
103
297
10
14
6
564
220
9
640
125
144
41
248
9
53
321
25
97
175
136
41
142
387
350
132
130
20
130
6
175
450
272
34
192
694
263
81
75
44
15
98
161
94
144
21
111
113
50
219
270
55
33
671
19
348
79
28
8
35
86
83
162
53
2
97
65
227
85
429
218
189
626
232
250
565
658
102
54
389
108
140
90
249
148
13
80
5
155
115
39
310
203
10
97
454
198
159
29
291
414
149
50
945
51
6
44
46
75
8
567
390
21
60
24
32
574
53
232
337
23
57
27
5
772
1052
62
7
499
119
160
503
2
565
224
1
193
496
52
59
11
67
131
94
43
456
360
300
123
19
19
38
429
271
20
929
261
428
414
95
108
50
373
504
35
217
42
473
23
47
999
62
99
60
60
567
373
269
82
528
358
17
552
209
575
118
60
513
614
56
86
61
417
89
74
205
118
13
101
163
416
22
213
144
61
490
32
233
109
116
100
5
162
140
20
102
175
51
285
30
119
123
71
190
64
231
46
11
249
87
102
104
79
29
82
90
76
12
134
82
138
1
275
174
347
136
449
37
75
69
248
11
250
279
321
592
316
95
286
49
150
183
287
136
17
42
30
65
494
81
21
45
424
292
25
46
167
7
31
70
395
47
43
37
822
43
101
97
387
615
39
69
37
243
149
122
736
139
27
329
34
52
58
44
178
113
39
183
110
597
24
249
41
404
58
19
46
236
23
196
18
64
190
147
205
107
44
149
16
202
79
186
356
17
239
343
399
5
177
166
278
489
155
595
118
147
482
144
7
2
105
697
81
156
48
58
215
78
276
148
215
143
277
107
129
14
213
38
36
494
658
839
200
115
204
27
7
275
34
51
398
264
60
76
217
74
16
510
219
396
197
406
50
98
91
13
80
47
334
584
35
362
448
379
397
419
19
631
164
133
558
23
314
77
15
33
90
124
64
13
336
76
272
171
129
404
25
134
86
93
78
111
276
374
552
54
644
115
7
279
366
2
42
31
204
9
273
162
545
56
385
71
789
324
132
57
89
458
465
246
50
60
330
134
10
88
193
75
35
34
19
106
516
539
321
100
590
10
200
46
23
52
347
85
288
69
235
17
5
295
189
369
84
113
91
185
99
24
114
86
107
524
84
112
16
51
198
5
734
71
164
92
339
84
36
4
127
179
235
404
364
26
18
22
357
65
160
371
78
48
374
240
101
132
85
457
294
42
143
71
239
190
347
483
52
381
341
51
30
88
63
1513
102
513
30
311
149
9
101
400
193
21
68
342
138
101
27
139
248
128
56
165
335
216
42
68
254
93
246
641
144
18
227
122
144
140
162
72
755
329
103
510
63
159
35
59
353
19
36
145
340
16
182
61
265
559
441
160
441
379
252
78
15
26
210
329
47
149
19
30
125
139
154
397
130
237
355
210
49
345
112
331
52
81
73
553
181
325
197
84
163
179
240
136
938
206
94
51
264
1155
124
413
744
450
53
28
223
1
205
264
48
245
84
379
70
510
17
50
58
117
170
460
280
54
130
284
42
232
146
125
160
65
91
44
52
185
101
278
138
69
457
82
17
234
328
238
180
414
177
362
62
454
90
12
268
292
372
135
67
26
47
439
85
12
121
415
208
18
103
90
343
251
421
95
326
168
41
1096
506
162
130
187
555
10
23
55
789
147
165
35
197
220
10
117
4
95
89
301
97
206
20
41
255
300
349
418
19
786
76
1600
68
227
89
118
64
189
97
126
39
36
88
79
64
423
22
221
240
198
224
401
74
110
302
7
139
78
610
559
89
105
137
158
518
71
334
89
985
36
55
87
54
254
515
209
3
37
491
244
255
153
676
43
1
107
56
76
229
155
118
294
280
39
140
14
67
342
99
120
160
25
41
21
67
158
551
414
84
296
135
66
207
37
294
475
299
120
261
9
1
653
120
218
29
123
171
179
7
792
188
485
23
256
46
144
226
86
6
376
131
314
72
254
58
570
178
58
211
48
631
323
109
126
19
3
16
61
111
267
12
414
618
7
160
17
277
808
737
38
323
141
91
35
70
560
152
194
441
165
93
50
25
314
23
65
121
72
428
120
52
256
125
524
433
45
130
30
273
139
686
108
354
424
214
212
428
121
247
74
25
62
102
358
387
317
126
597
181
23
167
253
201
87
173
500
348
432
48
225
171
208
216
334
214
20
261
452
584
91
48
118
228
434
484
62
73
43
24
102
158
21
397
191
282
7
583
664
37
216
313
80
22
182
64
117
312
92
225
88
363
93
238
350
608
9
333
169
11
599
403
416
70
9
52
150
40
281
80
151
63
42
752
169
209
26
58
259
249
3
75
84
94
294
7
177
67
118
251
206
35
205
313
721
333
325
354
232
654
24
244
108
127
52
57
254
3
174
58
114
403
115
37
2
369
118
75
46
892
451
641
50
35
110
33
200
5
80
166
38
195
67
65
303
14
198
315
546
124
543
35
226
225
30
137
87
1
414
371
139
87
70
184
440
11
10
116
30
361
218
9
457
33
11
124
24
77
82
153
52
256
263
14
480
147
246
61
49
16
29
34
205
195
201
107
16
71
400
90
24
25
610
176
201
2
308
459
58
129
99
22
116
1803
25
70
533
282
362
35
67
285
448
1036
29
6
1323
435
11
363
337
372
149
242
112
57
793
26
119
118
95
267
513
377
63
677
351
96
427
246
73
180
19
49
107
80
361
279
169
54
545
16
114
7
239
103
109
317
101
439
183
38
4
66
36
373
59
285
44
16
58
218
844
233
1206
16
158
82
567
630
193
99
228
438
374
69
66
988
85
248
37
39
99
95
8
56
111
428
296
877
32
88
398
438
378
68
53
116
271
111
965
295
144
1525
19
191
302
45
66
50
258
45
116
78
167
168
211
272
27
127
10
261
46
106
456
187
629
632
378
418
10
49
412
69
248
113
334
14
159
168
9
317
36
41
43
27
127
131
108
391
298
354
33
150
129
211
407
5
126
770
281
111
20
160
333
173
295
296
82
150
13
105
58
103
92
73
58
389
6
13
53
205
706
490
991
101
220
248
204
71
196
87
238
179
24
133
96
222
83
352
1067
270
343
636
576
235
28
511
67
61
299
133
85
23
106
97
80
344
18
114
107
168
300
319
62
86
528
72
136
169
35
26
690
524
524
230
138
67
84
25
330
159
354
29
83
56
425
197
283
280
192
441
267
556
90
279
450
32
646
137
106
57
14
456
65
297
15
59
199
289
946
230
40
101
470
189
32
2
62
269
256
191
281
91
141
132
472
94
403
444
50
302
269
205
832
25
306
114
155
169
105
237
34
31
182
591
74
275
9
78
156
158
143
69
174
90
619
56
8
154
73
692
74
19
110
217
577
123
44
151
46
270
54
183
1214
256
23
348
584
176
208
18
300
177
59
31
293
185
218
52
129
364
38
52
112
175
278
42
13
79
16
35
158
22
405
719
315
97
182
24
75
98
505
33
30
26
513
1268
178
7
163
109
7
178
66
887
94
196
90
14
157
357
328
417
196
46
103
66
454
317
321
88
136
199
38
88
422
26
84
33
470
335
462
288
188
345
67
8
150
332
52
24
238
338
202
252
22
341
64
606
288
86
69
176
39
5
11
137
88
68
37
92
38
78
74
39
48
68
229
200
406
584
227
23
497
358
207
39
53
538
61
99
550
34
136
68
202
129
160
84
2
8
469
419
117
34
261
158
529
122
335
138
746
13
94
324
241
34
288
51
400
282
140
669
13
10
218
111
273
28
2
201
96
138
474
98
89
29
126
257
605
145
400
351
4
104
80
513
199
303
286
71
115
250
124
3
399
166
492
111
675
83
23
15
22
149
91
13
35
70
36
153
164
93
401
67
275
116
441
35
98
108
59
72
853
120
616
375
40
761
44
42
90
228
408
81
456
233
77
157
225
439
325
293
28
212
233
1
150
380
285
37
271
136
239
186
31
357
30
267
528
64
72
15
172
588
220
13
179
66
206
572
82
100
253
42
27
241
10
173
73
156
738
174
166
36
102
12
26
564
144
532
27
33
408
502
399
34
48
401
20
73
14
360
34
136
173
148
23
173
142
18
196
200
514
885
334
69
139
646
275
17
519
205
420
8
97
6
13
151
164
81
107
137
35
62
277
23
104
126
271
15
127
12
193
126
81
641
157
125
995
22
111
288
167
11
99
16
37
39
183
148
23
1
213
69
79
274
79
90
162
235
295
226
41
139
4
184
64
6
465
905
250
264
35
267
680
75
640
25
101
184
141
326
187
104
2
398
352
62
230
186
267
353
9
191
268
448
33
336
36
238
29
441
82
167
160
617
1
156
738
276
16
3
104
61
30
4
288
20
289
63
49
104
1147
133
133
350
15
40
539
22
284
114
170
479
97
309
309
181
459
353
510
62
14
178
142
1428
30
73
73
173
16
230
487
159
262
54
31
668
631
295
413
231
36
230
209
142
50
11
212
11
49
54
95
230
15
758
196
85
95
230
23
208
160
448
88
8
222
191
28
105
6
160
17
951
354
383
430
404
11
133
151
566
396
304
3
268
199
70
34
366
747
160
272
82
342
286
254
21
454
30
219
58
269
401
58
227
157
77
452
434
551
228
98
20
19
126
181
427
30
27
21
57
102
62
412
103
88
189
298
37
361
68
14
73
105
155
225
191
116
113
101
41
292
239
313
165
136
58
790
69
343
149
9
159
120
36
60
79
131
55
428
486
58
142
269
22
42
384
57
447
1121
139
42
20
68
14
469
192
3
15
27
383
283
3
38
575
67
156
272
72
87
480
1
48
60
48
40
447
16
170
116
346
8
337
38
224
16
307
131
273
534
347
16
40
404
173
61
381
98
220
66
56
735
88
228
35
74
315
821
210
486
491
81
532
261
196
82
240
165
78
396
213
416
96
682
183
492
230
231
478
185
301
473
306
46
304
14
16
45
183
364
12
97
173
177
661
172
33
291
215
4
190
1041
65
338
175
9
36
141
60
104
714
24
17
279
66
260
385
447
138
17
630
148
150
4
258
128
438
116
177
208
292
163
14
107
278
14
53
193
199
20
240
757
25
115
277
10
319
18
251
137
40
112
35
490
40
43
859
362
439
142
19
57
621
30
160
57
117
67
23
27
135
678
406
164
202
119
524
23
28
213
712
321
20
17
123
772
396
25
125
29
92
80
305
540
410
167
106
48
551
128
626
17
591
63
23
448
9
89
259
86
306
219
242
78
112
46
20
304
30
387
258
103
585
304
293
37
429
133
123
200
7
743
135
17
516
807
48
78
14
259
52
66
857
40
120
40
184
78
60
130
68
75
329
67
126
21
24
142
17
98
728
107
279
133
99
369
13
536
124
297
216
119
131
138
232
24
53
16
55
69
26
76
75
54
50
1
871
377
368
181
61
185
245
13
81
7
74
34
253
309
179
303
921
293
140
244
158
50
151
75
43
77
335
203
541
48
543
99
309
595
669
39
616
76
408
223
54
914
399
481
728
13
338
124
118
65
67
230
589
21
70
304
148
616
117
428
177
230
102
386
90
216
121
18
104
154
34
552
28
18
209
20
198
24
331
151
199
468
300
77
1124
44
598
730
147
19
17
175
113
517
148
108
111
176
56
59
169
30
250
31
501
95
49
302
43
30
256
70
93
516
473
177
144
317
97
711
234
623
295
90
84
13
233
225
495
221
58
243
29
354
38
36
249
66
20
31
477
42
37
216
249
630
168
163
8
6
604
120
280
30
148
559
484
12
276
357
828
46
85
160
136
35
194
129
371
155
299
119
258
32
53
26
489
673
194
101
348
405
132
225
212
165
76
27
122
259
4
228
1
348
95
1
292
151
195
32
400
58
260
12
76
276
127
289
123
59
457
89
387
29
65
145
160
134
21
352
1
253
69
186
165
142
35
94
314
38
47
353
158
389
96
108
16
168
464
65
10
130
45
316
349
135
19
110
349
152
307
10
75
153
341
177
128
173
132
11
27
39
410
307
418
30
30
16
23
6
4
543
182
196
69
33
33
116
35
119
16
208
61
411
369
144
80
45
284
241
20
154
8
127
176
388
14
51
91
227
57
98
304
187
57
8
483
693
641
80
42
55
26
29
98
137
310
369
3
189
222
428
249
105
147
343
307
134
153
175
103
618
8
281
192
286
86
99
290
421
24
88
85
7
911
199
764
44
12
160
154
175
223
131
7
86
69
373
94
249
538
6
164
265
277
18
111
121
132
252
151
186
38
163
64
215
577
27
355
86
63
143
6
127
120
42
249
28
300
1
259
35
27
256
23
557
91
36
168
82
117
96
373
707
113
332
16
157
122
602
244
109
297
115
20
51
469
10
96
194
28
181
231
11
43
35
71
175
177
204
428
213
54
20
79
439
462
369
81
246
49
301
79
734
200
445
320
97
35
118
199
303
48
294
165
46
114
43
84
299
368
906
223
58
21
498
160
92
74
50
18
287
29
196
102
221
198
66
228
18
162
23
6
218
190
146
30
5
94
1
109
255
62
156
247
163
130
57
15
141
20
88
385
494
84
380
175
58
61
377
273
13
209
22
24
109
204
221
215
148
277
29
231
251
258
124
54
183
9
355
103
139
112
140
193
686
42
36
146
167
278
234
127
203
50
387
96
68
76
464
370
69
147
121
59
32
315
291
630
1306
230
280
8
204
44
290
358
76
55
188
330
160
8
266
320
261
62
26
73
186
97
269
420
148
394
41
50
140
294
75
12
706
140
118
111
74
962
18
108
561
67
174
6
54
296
293
31
375
1
1171
79
325
73
158
109
1
37
448
203
89
223
323
40
79
351
231
973
752
32
56
284
113
77
337
249
272
82
106
98
21
398
558
382
103
60
152
177
23
11
134
152
98
54
299
117
123
45
178
29
51
234
421
252
629
171
99
95
71
346
28
418
40
140
265
61
5
32
274
768
334
87
49
462
88
483
197
112
94
97
194
48
244
98
124
193
70
135
264
140
46
9
53
114
97
311
145
467
93
177
19
212
229
24
225
245
26
413
175
43
213
90
176
164
41
251
74
60
321
261
187
153
416
153
415
86
184
339
289
19
58
487
70
31
418
188
327
426
201
3
258
60
134
80
202
127
141
403
176
468
114
37
27
441
329
156
12
94
74
446
72
23
168
41
607
116
33
80
438
79
573
569
683
190
210
246
61
49
195
285
70
68
273
473
272
617
180
7
191
266
174
158
69
46
73
37
134
4
378
765
161
484
43
868
17
254
144
29
73
7
168
6
67
187
423
61
60
18
512
244
55
28
18
149
56
185
162
92
38
332
494
134
291
129
188
44
216
140
8
126
578
27
130
4
59
154
171
294
336
182
172
631
122
253
18
314
3
138
136
835
26
51
431
1122
375
349
150
83
37
91
307
301
246
223
172
331
264
49
36
42
451
311
111
503
205
28
113
153
320
9
101
624
69
29
429
414
120
268
91
448
451
37
473
91
124
335
41
42
23
58
167
132
81
505
118
114
2
127
172
33
30
93
197
527
133
419
202
241
172
629
204
15
778
57
33
264
108
217
252
215
183
255
74
383
71
50
234
14
193
73
165
63
489
170
209
63
88
63
123
66
171
44
638
311
104
105
381
194
29
71
227
121
65
38
139
245
75
430
78
20
94
223
6
259
89
253
3
15
96
179
60
198
28
31
6
235
1011
510
584
727
144
296
224
146
11
190
377
224
53
17
177
148
6
17
44
174
9
364
93
28
471
178
157
856
66
116
204
30
109
151
654
659
315
22
101
145
228
153
213
184
62
584
354
14
37
139
461
24
424
551
126
714
22
132
105
336
101
248
232
46
43
116
4
738
167
65
200
355
286
427
334
164
636
176
134
38
52
96
161
342
29
838
28
373
931
622
157
308
46
158
33
237
224
81
357
192
288
57
63
167
268
17
331
356
47
14
20
865
135
201
37
107
104
514
70
247
116
36
54
319
288
139
25
26
13
87
247
249
214
568
66
156
456
4
261
513
56
115
63
100
16
205
85
359
205
217
806
56
34
265
90
657
133
22
275
253
102
26
161
73
407
59
266
70
93
12
56
164
211
245
267
808
598
58
68
52
29
16
75
375
236
281
101
191
26
369
75
116
172
251
390
215
90
9
322
19
29
3
197
227
87
379
73
15
521
305
312
720
144
3
135
204
118
311
104
73
288
42
38
647
80
237
251
59
116
31
263
461
1209
43
268
118
189
342
425
232
214
6
54
214
288
68
346
121
212
402
10
326
386
171
300
223
51
17
328
312
281
87
424
110
200
88
8
54
9
152
125
174
205
54
186
19
46
231
248
379
103
133
172
21
40
101
225
229
236
89
106
41
71
116
235
15
155
267
169
210
184
406
33
52
50
30
129
70
139
629
206
21
192
191
365
103
390
6
141
344
896
137
102
174
106
31
244
809
15
8
847
142
175
233
26
331
171
530
2
150
217
349
47
44
15
235
66
29
92
324
1
202
51
495
53
80
298
36
161
2
108
111
147
366
201
334
219
54
270
63
702
57
9
785
18
380
96
192
527
574
146
7
1151
100
87
147
720
1
106
39
640
250
191
158
2
469
266
7
33
29
177
69
251
31
84
17
9
137
1
292
109
237
126
1041
105
17
35
222
64
103
235
356
276
100
158
139
404
39
51
23
11
372
355
179
43
24
181
281
595
65
55
851
692
127
255
535
58
101
69
46
94
153
80
266
355
12
545
410
27
84
290
295
518
114
7
56
571
65
42
182
294
14
54
175
102
168
26
12
200
291
52
110
26
201
95
128
49
112
86
243
99
76
97
253
113
230
182
308
23
810
385
39
163
118
807
83
25
144
388
161
285
81
70
21
572
33
55
177
1
627
46
142
411
52
114
191
76
20
294
50
105
310
216
5
122
258
76
140
27
9
125
170
525
616
216
129
408
277
213
184
99
327
276
63
92
112
197
21
112
431
208
6
39
126
5
204
250
519
484
312
5
25
338
53
150
48
83
61
148
78
252
1
217
390
18
117
65
131
2
294
240
977
35
33
80
5
244
139
216
314
69
99
1199
472
29
196
9
102
43
201
24
716
385
57
46
252
35
578
175
38
683
47
36
16
18
1105
94
217
327
9
262
308
341
615
367
333
824
325
10
153
490
55
120
6
369
280
136
242
282
37
406
141
57
589
574
144
11
121
108
351
297
226
117
18
243
188
521
117
64
319
50
88
11
44
561
6
322
509
21
386
141
674
75
245
506
141
61
100
149
407
36
37
102
305
109
180
1236
588
52
203
59
183
79
75
1138
19
171
268
43
24
230
540
428
222
226
49
108
89
111
152
333
14
452
162
339
243
91
517
183
6
75
117
146
39
49
174
760
699
574
30
341
213
1
107
46
16
81
240
139
603
373
125
14
79
142
17
141
281
19
108
57
97
83
29
2
122
378
10
15
90
53
113
361
378
493
137
202
118
53
6
66
245
4
114
69
105
131
12
68
50
133
27
149
3
13
43
2
84
64
80
45
59
49
7
266
664
90
19
40
143
517
74
49
1
155
108
78
155
426
1
80
88
160
350
390
96
350
81
31
245
196
276
26
24
62
173
88
54
95
354
231
130
164
382
22
46
20
21
379
107
97
226
30
96
91
2
147
111
172
130
96
97
30
88
119
387
86
527
421
411
21
15
374
3
409
44
18
196
124
436
103
43
57
8
167
132
24
437
198
161
373
296
9
41
32
500
197
438
4
35
351
10
281
427
45
61
43
21
209
164
148
475
85
142
79
63
336
349
14
100
30
201
287
176
300
425
14
504
620
16
113
163
15
460
216
11
27
348
119
151
195
63
56
1
469
123
15
301
109
153
179
38
379
3
11
137
180
50
106
167
170
275
81
205
348
159
53
20
380
306
35
228
40
804
229
270
30
192
149
41
64
243
32
180
107
139
5
73
357
503
317
299
122
249
13
31
206
15
736
53
116
230
115
666
363
455
1286
102
576
4
78
79
180
103
69
273
77
96
180
7
42
214
505
43
115
55
159
1
111
145
136
106
330
155
858
3
123
40
117
760
16
38
237
62
642
216
222
113
460
101
62
503
233
18
175
40
41
16
78
103
108
463
132
71
246
356
24
220
57
692
89
45
27
11
125
67
68
133
6
39
81
289
29
110
250
343
222
331
47
110
141
257
46
49
260
65
270
144
246
1567
278
91
40
140
150
21
11
408
356
372
44
51
204
39
438
50
796
122
38
430
403
646
335
169
255
109
25
118
86
2
60
71
397
117
116
9
164
52
126
274
45
228
23
153
230
308
341
46
164
159
35
501
91
367
160
294
55
112
193
198
342
45
379
13
342
56
288
237
85
348
76
370
82
460
306
310
39
49
323
136
382
195
332
33
270
226
195
91
96
31
74
92
67
120
34
4
45
300
405
11
377
265
319
76
153
97
84
98
219
164
74
108
190
38
98
150
437
161
148
194
23
109
87
495
250
178
117
23
526
5
168
114
430
66
243
153
112
730
1037
118
161
94
104
149
556
219
57
261
154
5
84
3
257
19
1
59
530
471
173
135
64
533
292
399
22
56
109
20
959
135
9
324
16
238
281
179
62
151
377
31
62
24
289
58
424
634
190
17
180
37
4
159
368
108
126
21
1
437
525
318
161
251
440
3
77
4
187
185
95
37
264
423
134
73
14
56
170
311
198
329
47
188
330
422
179
91
285
187
530
544
324
225
298
102
5
86
47
76
334
292
104
602
157
293
128
167
25
28
30
78
177
168
28
527
183
71
344
198
358
172
14
173
47
734
220
62
6
329
146
4
331
144
334
49
3
89
79
78
97
64
60
60
26
48
157
72
196
371
38
7
687
490
115
133
483
36
175
1
177
21
393
7
202
133
108
64
693
484
1239
128
508
55
622
65
643
76
135
90
254
293
201
93
155
56
503
305
61
510
49
65
128
209
237
262
497
158
95
101
82
108
67
96
98
353
185
4
507
37
378
51
74
159
151
103
4
488
53
15
48
34
191
245
160
190
78
629
420
300
43
352
27
172
345
426
5
11
480
21
500
296
85
123
105
410
155
384
638
814
526
110
73
857
35
443
304
386
445
5
82
132
248
308
119
337
20
66
220
30
543
20
640
396
159
25
201
211
226
111
6
54
109
94
226
281
172
101
50
666
100
248
238
41
26
120
142
64
112
85
283
155
16
162
32
424
404
245
43
4
73
306
669
39
590
532
12
4
564
283
4
57
214
62
668
191
613
718
184
329
890
79
77
512
17
1
224
956
164
49
433
77
27
166
194
4
188
168
292
163
220
129
106
256
91
105
270
269
19
129
25
1
316
506
712
39
7
506
355
17
258
21
23
26
43
93
532
240
82
53
261
92
145
5
267
30
7
77
49
262
273
9
155
33
241
76
536
106
90
291
1258
278
73
63
367
48
445
299
516
424
477
81
120
218
177
362
112
608
7
216
37
813
134
264
119
64
105
34
2
569
379
672
213
78
18
26
224
181
666
78
261
550
594
281
9
427
81
80
1
86
169
161
839
24
51
171
144
21
124
164
183
78
189
481
93
355
242
143
301
136
134
147
164
649
516
373
44
225
155
420
18
51
237
177
202
606
46
165
139
19
58
23
243
74
24
650
329
8
196
292
519
86
436
378
263
293
32
111
48
487
84
352
96
45
73
349
230
161
5
214
63
105
1
385
481
429
33
121
257
111
38
231
130
346
526
283
209
442
290
306
691
233
51
137
237
187
31
321
69
41
197
316
298
620
323
79
103
57
435
228
705
41
141
150
100
317
257
216
335
172
305
225
608
74
1332
36
516
141
311
142
48
82
69
411
13
82
165
141
635
343
332
492
137
52
201
6
50
91
259
576
338
320
8
79
54
73
366
18
14
221
223
108
316
249
206
288
62
427
10
394
591
55
283
100
81
43
103
100
22
374
266
660
85
56
49
112
133
110
59
132
44
178
13
124
754
57
214
73
197
204
398
76
82
89
484
77
193
114
142
68
305
301
450
9
41
76
378
33
661
196
20
158
141
130
17
11
71
17
208
73
128
93
126
63
229
58
319
408
173
3
133
379
177
492
234
127
46
31
74
25
149
21
161
114
60
62
225
12
426
171
62
154
50
169
32
177
29
49
67
42
152
263
251
237
118
52
592
142
94
170
329
113
194
57
40
64
350
183
214
342
121
77
147
277
100
114
9
186
117
290
175
98
445
19
110
445
413
488
375
97
284
36
106
217
69
233
383
35
222
381
221
33
80
23
280
213
179
433
30
27
578
197
58
156
37
77
224
972
851
95
462
72
143
45
4
378
38
63
326
36
84
23
45
82
109
673
214
545
148
168
61
108
171
279
42
247
646
91
97
2
135
59
713
109
430
230
97
138
136
9
185
75
135
37
178
26
52
29
61
56
817
370
17
52
393
74
205
465
668
440
73
111
232
98
62
424
50
81
20
175
18
70
37
188
392
167
2
252
376
13
569
43
399
308
22
285
504
232
43
24
695
66
8
43
127
373
80
307
610
175
175
159
88
144
281
6
67
154
131
341
730
114
110
96
32
44
235
240
127
135
302
69
389
201
6
260
79
496
12
47
193
180
29
74
78
109
690
144
235
9
407
172
446
31
292
89
489
179
10
42
342
157
223
91
185
300
164
521
83
22
229
42
365
56
406
56
179
575
284
666
23
293
435
192
131
72
97
214
81
46
49
369
406
447
136
52
66
57
288
31
40
29
308
267
82
26
279
45
89
56
106
62
208
24
18
7
47
57
4
291
221
896
17
277
25
321
45
272
10
72
190
47
27
563
70
360
492
157
182
142
109
234
167
61
148
42
387
96
32
149
298
34
67
194
95
124
209
272
23
268
37
509
529
107
7
236
127
113
134
156
12
575
34
407
44
293
8
360
118
238
605
474
19
58
198
134
230
1
33
111
387
3
935
322
94
149
90
291
522
116
11
402
196
295
161
181
197
169
179
188
533
129
422
97
270
122
58
241
108
391
454
290
119
84
643
87
119
298
35
287
194
275
244
873
209
249
41
451
148
108
224
307
57
231
298
36
394
31
311
19
364
1016
287
458
48
121
191
248
141
402
16
137
375
47
198
20
74
650
48
3
450
7
409
88
35
288
17
223
501
207
776
45
12
362
47
41
366
12
178
262
269
697
85
1
58
207
23
19
204
41
104
109
20
23
399
6
67
190
356
162
260
65
210
72
6
67
71
43
87
351
187
775
41
258
319
154
340
380
144
186
142
142
24
318
343
71
111
55
17
189
214
224
119
74
256
95
156
239
226
257
24
105
135
277
256
55
395
171
417
176
76
782
202
153
68
10
24
54
110
29
380
183
300
25
172
868
47
29
54
496
181
306
368
106
34
11
16
19
162
328
22
172
17
66
174
82
128
68
87
143
336
174
272
433
2
39
656
150
51
854
180
56
445
187
179
108
184
186
338
78
136
31
143
148
122
68
274
118
324
404
64
237
214
37
274
59
290
96
317
24
667
18
565
120
1358
207
289
730
551
398
87
119
423
249
124
20
44
140
96
410
2
84
583
77
21
45
236
599
10
126
187
437
263
67
119
302
579
166
22
185
88
901
563
122
146
402
218
502
33
32
173
19
106
134
307
435
95
243
61
237
120
100
64
769
491
36
28
556
86
58
237
312
32
401
229
317
321
38
36
188
57
33
63
10
538
73
160
406
360
108
713
223
38
82
4
128
1102
5
367
23
112
335
699
918
234
20
146
98
250
106
88
265
147
40
54
33
18
2
85
245
455
327
43
154
884
232
103
112
163
423
67
534
900
171
245
198
125
1278
54
193
370
178
701
361
21
188
22
68
680
6
191
329
19
10
28
107
67
13
81
402
62
125
1444
150
114
17
5
21
8
192
126
87
90
541
20
111
43
151
81
325
67
5
34
160
6
9
358
449
7
71
14
310
438
54
96
132
285
20
96
288
17
245
230
479
9
430
32
782
26
280
54
147
80
396
20
66
109
106
46
9
317
116
43
34
67
90
216
374
162
181
176
599
83
274
46
19
55
22
450
602
68
339
696
258
797
203
488
75
16
132
788
97
265
288
212
451
105
266
482
31
1
305
310
653
224
536
44
35
506
125
121
280
43
684
151
39
261
213
115
538
433
78
275
508
186
282
264
494
73
690
11
91
423
16
132
14
6
40
213
371
199
16
64
296
112
39
284
20
206
119
349
100
379
239
528
26
279
27
12
18
25
99
380
683
164
25
142
139
114
26
116
87
144
57
34
90
230
29
83
39
99
283
180
488
11
22
321
500
26
316
181
55
16
9
484
430
1
279
9
127
7
23
55
87
74
145
55
374
268
55
326
177
54
161
179
232
220
278
128
254
55
486
218
42
141
241
231
142
295
14
192
32
10
47
177
833
86
202
4
146
126
198
149
625
6
4
4
405
714
170
475
102
55
370
497
246
363
368
126
247
3
85
20
227
321
50
408
389
163
175
75
201
366
30
252
97
50
162
107
178
82
48
473
70
376
37
90
156
174
224
101
341
131
23
234
39
241
209
75
10
121
160
72
111
499
82
116
116
388
308
216
572
48
10
25
51
95
235
83
104
85
26
121
205
142
17
632
252
60
254
728
21
33
578
140
20
390
139
183
35
170
161
882
1149
36
34
6
125
265
112
155
754
359
340
126
120
7
49
324
88
16
95
299
5
89
102
297
320
477
202
575
12
181
486
701
307
357
84
695
287
112
195
1019
488
372
28
22
836
171
230
125
22
373
69
127
75
95
285
78
228
107
123
14
21
279
32
148
74
660
30
27
83
161
262
18
355
62
30
419
122
61
404
152
625
89
370
213
485
20
20
238
370
333
106
101
261
124
274
462
156
100
306
144
422
323
112
150
77
18
201
32
157
328
95
549
400
137
29
298
56
2
235
309
89
200
207
49
403
263
113
250
109
10
55
1421
155
122
189
98
545
95
30
24
99
146
8
612
281
54
846
25
44
42
11
355
63
139
8
210
442
37
30
466
387
601
41
70
557
102
100
16
46
75
427
341
191
70
436
46
147
208
556
333
29
78
459
106
176
29
41
217
211
719
3
288
259
51
5
577
39
22
23
83
196
35
347
34
73
202
44
207
4
447
58
356
411
223
40
118
68
85
103
14
126
550
114
524
419
15
400
87
329
198
72
64
213
65
201
379
2
199
116
178
19
53
456
1176
252
22
10
46
77
9
252
144
27
118
895
94
27
323
162
281
400
205
279
78
264
25
243
132
276
649
77
229
148
4
173
700
111
15
439
72
184
51
426
139
435
131
134
111
58
334
206
54
377
99
118
62
59
51
31
129
4
473
282
502
20
234
246
59
54
198
71
231
4
815
91
93
128
192
632
275
3
181
104
257
258
260
178
53
180
56
305
18
303
82
431
204
153
313
108
45
378
109
20
216
111
142
89
74
16
4
209
86
27
265
361
906
527
20
189
233
19
472
37
110
123
251
13
148
162
607
163
1
114
227
76
401
207
17
290
85
91
120
4
175
67
485
207
209
92
146
34
120
9
9
167
116
595
22
399
181
353
462
244
239
200
55
48
68
126
14
48
88
125
62
287
32
32
459
61
35
107
202
18
227
266
168
648
523
195
32
18
51
1173
122
32
36
160
152
60
60
213
590
10
10
771
108
298
17
83
167
366
346
479
220
131
411
106
140
13
150
74
21
265
27
225
153
436
27
289
168
32
120
547
66
79
874
759
117
40
296
122
404
56
309
37
112
210
419
67
625
66
256
76
316
9
86
117
30
216
33
78
676
309
421
2
254
364
174
1180
131
78
583
15
397
13
9
670
79
23
429
153
28
293
362
107
221
126
72
373
94
477
212
267
534
75
473
155
3
17
15
10
61
282
225
246
240
180
109
162
92
183
110
76
78
97
8
370
277
222
258
104
114
319
440
948
62
14
55
36
3
64
161
182
23
61
95
416
192
409
184
211
33
16
93
276
508
242
85
76
213
155
245
189
187
48
626
155
89
195
513
134
208
88
638
181
559
360
331
9
614
201
22
117
403
252
607
499
107
5
189
1
185
41
226
492
65
278
321
72
45
286
87
17
600
782
15
121
63
236
16
211
30
84
70
175
71
497
260
430
94
90
154
166
103
517
107
272
502
268
46
217
95
134
62
134
10
151
143
11
44
63
195
24
237
40
96
44
348
69
186
223
129
122
222
22
119
74
7
135
22
48
320
133
13
6
266
49
35
20
273
273
111
49
56
319
54
10
108
412
109
222
365
65
133
282
101
48
272
21
1209
145
137
542
13
21
4
347
43
278
180
133
18
86
57
104
15
12
130
162
71
226
208
23
5
217
60
115
586
577
417
64
25
33
380
95
74
69
193
153
102
153
284
55
228
33
159
522
173
46
51
10
288
30
221
414
20
286
279
99
103
342
6
7
155
238
5
270
242
81
336
8
127
830
34
187
153
473
330
20
182
150
92
170
102
59
54
122
83
128
2
51
226
352
760
322
282
109
608
556
57
610
34
116
388
134
94
162
133
372
22
113
68
65
475
482
199
137
241
166
97
221
39
63
154
113
21
47
187
164
230
185
316
89
311
10
90
102
22
295
50
215
21
231
35
221
516
161
261
316
1552
26
44
42
131
170
178
164
85
25
65
77
85
19
8
49
120
104
27
9
27
219
62
143
12
346
14
461
184
248
332
163
222
65
20
362
58
459
68
186
68
180
67
413
37
125
143
219
129
61
200
243
76
90
1113
6
356
6
47
28
47
76
358
215
367
100
263
100
486
267
504
115
16
558
140
92
125
147
181
76
307
180
250
209
204
243
199
78
415
245
26
131
24
3
183
116
53
11
24
182
760
68
199
99
119
219
32
489
212
290
146
56
459
179
157
23
36
59
51
595
52
129
235
11
301
39
283
251
36
11
175
37
12
129
102
63
277
139
290
179
56
112
85
1060
543
220
204
64
8
71
232
620
149
40
32
480
282
434
316
285
156
110
356
306
385
558
11
84
491
101
62
120
360
121
859
176
180
120
395
76
146
362
287
372
1860
412
13
18
238
609
9
79
408
100
442
21
36
9
60
87
127
148
434
142
26
141
46
137
40
310
107
92
572
176
9
180
129
365
87
176
83
458
232
200
58
112
30
263
421
392
153
143
152
62
50
279
446
688
178
227
177
277
377
155
280
832
654
206
92
170
64
95
148
682
270
90
92
45
70
63
779
43
53
136
343
53
43
31
7
578
179
162
72
193
11
459
130
43
325
478
235
310
113
104
38
26
16
221
144
187
109
64
159
162
164
120
205
56
18
181
145
59
136
3
105
464
63
135
272
17
232
296
10
110
297
170
76
8
100
40
164
285
526
63
279
41
161
1054
454
86
144
2
106
116
112
107
173
78
15
78
62
58
173
18
205
197
178
287
15
25
58
876
812
996
168
274
393
7
23
49
18
329
116
57
431
284
92
175
18
343
97
94
395
2
69
35
60
295
145
341
205
130
9
212
379
392
115
38
53
294
607
216
69
22
38
30
43
41
29
335
310
164
130
182
113
99
129
314
68
120
150
163
83
630
2
46
341
28
693
772
76
315
218
88
45
529
88
132
233
109
98
412
32
494
639
465
770
31
199
54
249
128
593
285
162
24
54
31
31
309
608
169
216
47
217
311
20
48
951
10
337
412
199
982
48
135
310
40
182
271
21
48
22
397
118
41
310
48
208
114
222
9
144
75
476
377
48
513
363
18
107
169
24
229
49
418
197
22
60
67
127
93
14
513
198
409
6
157
194
59
4
145
371
80
26
156
313
60
108
42
456
475
73
282
48
238
82
237
198
304
4
7
429
555
165
6
10
650
10
154
263
586
630
69
238
67
177
170
30
242
52
129
81
58
233
66
368
134
6
18
11
310
10
51
47
15
121
212
256
342
44
341
452
257
533
29
387
294
16
225
410
37
118
34
316
484
542
311
342
86
38
34
76
180
227
191
493
23
125
105
182
86
150
4
772
263
55
440
158
418
17
21
1
89
242
13
150
460
281
441
13
67
135
133
119
437
176
544
167
26
33
88
48
220
108
261
572
366
5
404
175
464
121
11
210
240
132
137
94
119
47
37
171
5
162
26
12
176
307
427
338
432
503
7
248
26
180
147
368
202
66
376
95
92
97
257
2
80
24
53
291
2
234
37
123
3
298
169
86
336
203
27
108
469
4
120
339
61
28
509
346
110
369
17
534
2
102
60
93
23
286
144
263
56
588
106
477
108
105
345
27
510
380
71
47
102
152
18
388
418
118
116
28
51
97
66
370
310
96
303
30
189
117
10
440
10
15
97
49
25
160
80
304
130
127
1
28
73
104
415
276
626
70
157
20
307
112
201
73
422
160
95
310
31
3
2
122
147
133
156
286
252
33
2
73
62
439
338
49
65
106
54
1
254
304
225
33
168
83
319
21
227
126
23
459
252
39
11
55
937
693
74
5
155
873
58
65
69
371
65
176
239
39
11
260
183
88
56
343
278
79
452
186
320
9
929
32
14
127
68
204
1
206
17
167
194
240
493
414
301
107
458
123
213
36
220
193
57
328
194
254
54
117
147
317
16
149
6
69
210
69
73
213
77
678
49
13
256
283
80
399
37
5
35
33
678
231
473
692
154
63
35
164
202
175
264
55
162
145
41
43
202
400
33
416
502
276
11
60
78
130
67
189
26
116
141
14
36
452
12
220
164
50
39
32
69
134
13
20
144
586
99
326
494
64
87
132
1
30
424
4
189
6
11
15
146
296
88
241
136
314
409
43
195
132
591
94
60
272
143
23
115
23
157
39
22
113
462
59
918
198
721
65
143
105
89
318
122
130
20
212
528
49
173
191
59
51
264
54
74
297
155
204
7
194
146
117
148
22
59
165
146
12
168
17
210
126
105
529
59
88
16
188
35
383
410
188
46
594
278
344
554
381
19
195
52
123
33
371
51
458
84
92
117
187
406
161
96
466
410
47
119
157
195
86
177
53
489
113
115
145
43
73
88
19
167
180
37
543
57
244
715
63
164
54
365
325
11
527
302
58
440
672
312
153
6
275
84
259
82
558
29
26
49
665
136
121
367
228
50
245
178
118
59
140
297
74
1525
144
61
149
199
437
15
27
59
33
161
297
62
160
55
174
240
72
591
36
1155
267
60
187
644
300
493
176
65
273
77
84
116
602
186
281
118
9
134
48
8
170
110
135
511
291
43
103
283
584
134
91
55
179
196
234
44
135
572
262
613
729
1
221
437
223
37
27
119
304
234
81
156
76
367
11
181
66
53
7
32
66
456
26
73
141
52
362
572
154
88
176
541
4
19
51
70
172
1108
56
178
4
235
43
104
54
694
248
67
359
403
246
519
422
49
17
1201
335
332
161
118
594
320
574
171
158
79
155
354
478
24
316
151
140
718
21
127
158
583
328
248
5
15
58
94
213
116
845
372
235
180
544
34
22
452
240
620
15
508
261
423
60
139
171
213
368
135
572
329
310
416
302
74
68
69
17
902
407
156
224
19
36
61
224
279
255
54
360
414
598
161
143
11
160
25
125
14
129
216
48
242
390
353
35
55
453
114
46
133
27
125
15
232
19
693
12
29
401
95
112
374
97
92
43
37
14
434
116
176
233
94
900
214
936
379
170
94
765
434
53
320
92
25
46
78
41
84
637
105
577
370
211
23
109
810
226
65
110
242
169
280
190
929
594
102
292
590
265
75
139
138
90
17
442
94
42
102
1096
128
387
484
248
28
294
189
569
132
123
202
175
111
5
350
51
82
90
402
24
22
124
90
63
176
96
241
80
18
53
6
513
501
334
44
60
242
31
7
232
109
199
261
381
440
11
305
83
245
19
51
68
61
213
165
573
559
230
59
213
13
207
10
46
250
134
7
6
914
50
282
52
339
408
60
425
444
2
77
194
399
178
375
473
84
77
213
4
338
56
159
44
20
343
3
518
88
29
105
323
101
162
458
798
36
123
29
218
45
83
378
171
10
481
82
523
52
157
25
359
556
205
188
193
527
59
46
3
335
186
151
245
69
303
68
49
111
62
141
155
162
174
142
159
594
240
143
208
301
146
29
173
140
8
232
527
69
150
187
54
147
82
348
48
3
202
127
9
5
284
254
42
214
92
32
267
276
43
103
245
332
148
188
66
38
45
57
132
402
78
545
48
97
90
559
29
401
585
249
103
388
945
88
200
41
112
82
39
17
51
63
20
25
538
38
333
16
132
691
725
77
107
193
101
299
76
268
199
28
202
1187
20
70
193
46
56
304
173
91
275
12
49
175
29
124
49
38
436
339
353
287
119
64
219
331
21
156
108
72
45
10
253
7
283
37
434
67
266
12
266
56
39
58
43
7
142
170
548
217
15
124
310
273
67
80
9
94
122
878
131
541
236
362
72
55
414
305
200
341
36
180
468
241
6
247
285
155
52
32
275
113
289
161
136
60
49
10
179
451
125
458
500
33
70
225
178
284
293
481
69
61
520
559
42
40
250
587
28
50
214
378
103
754
49
19
225
395
74
654
126
231
626
148
265
240
155
251
424
120
190
313
442
67
294
191
302
372
136
588
22
113
139
77
268
148
147
162
215
81
838
174
483
287
188
171
149
151
73
16
166
447
109
30
11
292
304
23
698
175
124
36
15
268
325
35
240
1
187
436
90
222
1
93
60
411
578
56
131
343
330
378
26
98
10
27
843
347
99
404
31
981
167
143
5
519
651
561
75
16
60
140
70
19
124
297
545
130
80
41
98
684
192
19
29
575
43
102
141
298
94
79
293
102
179
97
157
1314
248
47
244
24
21
66
165
5
334
44
127
282
669
146
196
176
204
347
64
72
103
17
2
36
382
412
111
364
37
205
325
41
28
127
20
49
178
170
399
26
372
5
129
187
484
365
36
141
27
10
72
494
14
278
137
283
67
411
294
15
295
186
171
495
206
47
313
44
9
44
137
61
236
179
217
211
13
47
169
304
221
256
18
624
107
125
161
152
131
212
166
170
253
16
50
397
4
401
46
175
192
118
83
153
359
50
363
51
35
35
1
229
48
305
167
76
149
273
91
233
177
145
215
156
38
76
238
462
90
399
356
198
74
14
415
56
20
44
456
96
304
230
50
238
8
28
320
185
76
174
247
209
21
261
1118
443
29
12
161
28
30
177
62
72
614
70
40
511
200
292
362
449
90
59
168
152
294
199
506
32
161
114
616
10
389
151
193
59
123
140
545
402
29
99
44
69
56
340
507
76
662
35
268
60
37
328
818
25
97
27
37
1147
366
53
14
268
8
26
214
844
364
78
174
208
140
181
104
2
244
322
89
99
563
164
305
232
76
272
1
179
42
111
402
501
199
93
187
323
38
229
83
34
330
215
345
51
256
136
289
168
248
414
86
80
284
28
56
23
289
567
286
79
372
72
116
101
49
252
257
150
27
87
797
160
277
25
176
170
197
85
56
349
130
31
84
153
638
965
133
37
77
271
712
461
87
138
103
202
270
186
36
113
23
57
1
230
435
298
98
432
99
96
464
83
14
37
95
199
112
58
710
55
193
623
623
25
13
264
90
163
40
368
62
56
227
118
471
301
68
40
84
170
150
319
461
99
95
943
20
122
99
655
59
105
35
398
195
1015
213
232
5
323
91
238
666
479
268
1040
70
306
400
84
35
61
458
288
134
796
36
26
254
15
109
37
847
131
64
49
129
297
38
3
40
263
662
477
309
185
152
498
398
91
94
274
29
329
249
107
1
357
3
152
17
279
114
403
469
739
30
51
189
482
794
79
261
111
135
234
385
248
206
45
103
461
107
85
36
63
145
378
440
96
91
221
180
1278
235
7
374
31
299
174
256
18
333
49
209
227
71
254
423
364
2
316
314
138
111
165
269
556
45
32
225
305
137
117
64
149
314
184
270
556
11
116
19
42
256
56
4
2
180
31
38
332
453
198
3
745
241
66
553
77
1
86
820
491
150
53
253
62
233
133
190
10
222
110
183
82
27
538
2
213
108
173
202
222
536
181
28
417
91
397
115
28
140
125
154
93
112
448
29
94
220
166
172
399
42
196
253
391
290
302
437
166
215
23
288
229
16
163
73
122
102
29
140
77
195
127
31
126
2
272
74
50
91
227
374
143
1358
186
144
75
272
57
3
107
11
68
208
79
201
84
325
235
190
100
1
9
200
76
249
52
500
169
199
102
283
208
257
346
85
100
208
125
138
289
362
180
37
30
675
72
59
279
707
66
224
103
100
229
31
506
55
107
216
198
17
250
37
59
187
88
75
135
92
73
335
268
473
48
114
33
1
150
549
163
59
202
18
100
257
362
22
37
347
134
171
207
53
44
62
58
889
96
343
396
151
9
335
153
397
22
23
67
196
31
3
135
44
447
45
14
203
79
343
484
209
205
375
337
59
20
12
90
122
450
209
583
168
22
687
136
116
328
71
671
71
138
37
61
110
469
47
182
94
40
535
738
1080
301
141
321
470
408
446
64
231
188
105
208
147
27
20
512
125
181
612
21
17
39
111
156
216
55
31
195
288
213
111
33
55
150
110
262
157
48
129
207
121
602
163
83
4
823
86
21
390
120
413
9
195
678
34
729
265
42
447
58
53
52
198
45
381
52
76
47
25
4
367
23
195
15
102
394
65
282
54
61
203
17
236
201
38
429
14
39
162
287
40
13
322
177
49
377
99
604
274
73
36
107
95
58
35
367
17
151
25
273
180
201
484
466
452
39
168
34
50
255
28
231
167
20
17
207
47
319
144
129
25
161
353
268
332
209
24
369
179
26
595
127
193
99
428
13
329
118
56
54
3
36
166
104
128
408
65
152
656
249
690
71
224
649
363
161
48
353
202
97
290
434
299
220
367
231
376
109
182
226
52
312
43
5
10
18
32
92
44
181
41
52
185
206
143
2
144
200
1
71
669
133
66
156
44
72
30
203
44
160
66
175
30
246
369
302
409
188
236
9
52
103
515
602
87
119
166
200
299
738
546
148
117
450
214
65
102
156
261
82
107
279
247
84
43
20
101
451
109
174
11
331
89
269
170
121
56
92
188
58
30
320
25
589
135
15
60
269
37
309
40
364
17
10
178
185
45
65
199
315
36
77
3
13
38
189
400
65
106
301
64
272
240
153
1006
779
203
44
71
13
431
211
102
38
393
36
125
131
163
315
217
403
227
402
46
216
376
55
429
526
13
299
4
124
36
363
89
1159
138
37
347
351
147
687
201
80
149
163
255
162
61
106
609
130
197
774
22
522
33
15
10
445
146
38
35
51
345
173
84
85
308
185
266
22
206
310
133
64
539
103
180
434
476
24
75
623
290
30
5
216
117
284
29
191
39
139
373
76
165
378
110
84
72
369
294
110
105
96
439
556
8
177
35
987
225
19
434
185
583
152
29
27
231
42
55
144
158
3
17
138
396
627
112
63
580
554
144
300
171
54
28
52
424
259
81
405
83
295
38
231
24
18
113
11
110
123
356
698
49
224
239
953
320
113
146
96
247
219
100
204
134
13
357
2
187
32
425
698
65
311
2
116
74
110
293
206
328
427
242
84
409
39
99
137
8
4
46
448
226
145
226
566
18
303
694
25
120
450
106
52
118
1664
169
16
215
461
368
169
168
1242
1079
614
70
514
230
37
366
232
83
1
7
242
132
20
476
157
384
91
268
268
94
8
105
131
99
287
101
179
41
724
9
165
45
20
91
10
598
207
13
191
26
404
9
34
294
656
17
249
32
149
443
35
13
62
76
148
81
208
361
66
40
124
35
157
30
6
9
97
105
5
33
48
19
190
17
149
84
455
80
407
369
85
111
92
192
58
486
204
189
366
101
132
10
23
112
30
969
740
102
140
25
413
34
20
29
82
184
39
366
245
658
339
69
154
603
66
4
312
156
165
307
110
174
109
396
124
697
283
65
31
175
230
790
53
244
23
128
22
36
44
284
222
458
171
41
307
38
157
20
35
29
55
277
118
1009
9
152
154
134
6
377
238
375
522
276
188
7
73
232
588
107
101
112
155
203
96
161
267
421
143
144
21
48
371
279
515
80
2
334
336
67
319
497
291
153
610
2
745
646
709
233
410
20
69
7
150
65
238
295
4
682
62
310
339
474
284
96
377
95
246
72
57
59
30
6
124
18
45
45
302
480
184
266
375
9
29
176
78
142
43
166
47
110
187
65
993
521
180
166
38
4
55
119
60
425
80
17
386
5
348
184
531
440
474
114
336
41
417
612
17
192
294
931
413
76
10
40
300
174
37
172
345
52
112
152
263
58
425
72
843
778
243
81
333
141
350
263
229
157
46
378
111
131
156
125
154
350
348
157
304
295
152
9
234
17
332
233
6
8
145
64
402
223
112
90
64
629
143
496
79
55
146
345
119
169
360
263
235
49
442
59
20
1019
575
499
203
266
207
439
774
144
38
511
129
482
76
138
201
8
82
196
182
131
533
63
248
622
47
443
324
370
502
10
61
83
436
145
137
121
480
615
416
154
3
145
285
185
101
102
229
28
432
359
74
170
67
113
56
70
112
96
72
36
72
136
76
135
13
131
14
175
72
158
132
167
110
217
203
275
109
164
224
50
719
402
55
491
28
99
157
368
133
846
180
253
32
3
269
257
97
330
24
169
53
37
7
211
938
77
1019
116
390
78
82
418
197
98
33
1102
273
16
175
117
176
355
9
34
68
416
138
478
954
362
95
621
367
37
52
117
156
304
231
398
454
409
391
63
20
105
284
104
26
59
314
155
34
98
917
45
62
41
4
144
56
57
166
93
728
273
56
37
23
237
151
73
118
54
479
36
362
66
280
342
681
158
17
37
370
126
273
234
86
436
43
180
250
14
85
156
47
531
248
220
577
9
78
29
27
69
192
474
157
241
319
3
253
105
341
623
143
53
173
155
150
306
101
324
44
217
92
68
349
187
272
90
149
35
348
343
68
278
175
121
25
247
145
383
148
31
381
27
55
40
271
291
139
143
122
97
241
274
56
148
369
139
496
64
157
251
288
524
899
39
418
85
224
237
140
71
56
455
135
137
82
34
118
131
234
159
227
40
123
94
160
59
791
39
65
3
474
259
363
24
4
719
8
253
164
96
80
105
129
216
144
128
76
88
406
431
55
52
362
196
517
594
365
177
235
10
83
312
275
163
250
26
403
98
14
72
81
368
148
78
146
62
38
13
494
73
37
64
2
248
38
272
289
48
198
249
29
92
18
103
107
477
6
323
288
143
117
110
296
136
179
69
101
100
40
388
21
430
124
9
173
4
99
34
399
59
104
501
44
56
662
57
128
357
97
19
205
65
24
1004
412
20
1
208
383
165
258
12
9
75
361
220
56
1
222
17
81
140
196
179
130
187
464
74
246
254
88
3
35
126
131
152
380
275
45
340
87
29
125
115
30
34
86
263
4
92
219
77
135
266
249
46
72
59
68
37
28
74
132
239
234
244
116
30
31
461
178
80
15
78
147
98
1171
77
6
473
206
214
133
66
436
15
13
80
244
334
728
2
607
224
65
91
81
122
81
145
101
85
160
318
486
40
133
405
123
12
409
627
168
60
253
632
66
699
7
199
120
281
70
179
197
56
49
79
454
6
762
608
134
49
112
533
136
184
109
121
170
658
362
271
687
104
107
563
213
56
643
398
2
103
9
66
331
306
279
839
496
173
221
83
141
870
156
154
32
79
387
73
187
757
390
49
264
38
21
107
47
7
31
425
176
486
130
8
96
104
71
372
206
22
35
33
287
134
37
145
533
554
313
37
11
97
364
110
129
131
288
33
90
370
369
197
18
70
83
106
116
166
56
137
9
119
223
127
305
418
167
382
194
400
236
101
192
329
207
140
146
19
399
149
277
141
73
31
33
102
351
156
72
12
545
198
328
69
471
619
76
220
615
203
246
96
138
526
51
50
26
236
492
190
81
139
52
45
261
163
27
489
190
38
141
6
243
4
83
37
4
412
78
249
149
11
104
181
188
72
5
536
14
77
113
138
166
202
418
122
70
21
19
96
358
200
326
650
361
159
293
119
209
16
1006
47
114
91
205
127
468
205
95
187
61
324
159
8
111
18
819
31
31
18
346
39
21
374
38
234
181
40
561
85
440
4
261
239
331
575
14
329
257
224
405
56
122
216
129
94
58
178
14
126
97
547
369
151
133
82
319
97
48
761
107
520
75
266
33
13
278
58
10
59
419
248
71
42
88
139
28
134
372
136
378
908
22
34
93
141
156
48
20
165
421
21
129
20
629
406
21
152
78
369
223
71
209
219
231
28
207
6
34
46
131
259
68
189
85
83
88
4
65
41
237
18
291
314
26
178
80
209
201
226
162
90
275
65
304
9
63
21
752
7
490
43
448
340
160
171
29
43
125
341
39
160
117
35
2
103
15
2
103
450
7
108
121
162
316
91
138
542
143
129
706
108
132
684
72
437
5
126
119
138
16
143
43
46
105
81
250
90
292
313
195
6
315
2
892
60
12
176
132
8
18
754
49
33
215
435
94
211
75
50
58
30
70
154
275
203
416
137
599
47
91
48
464
13
199
11
22
101
138
322
442
200
430
223
63
79
633
33
62
108
56
23
126
20
559
40
260
528
86
432
287
165
269
100
195
182
130
139
243
1017
320
256
85
184
5
672
212
22
192
324
179
18
392
277
827
112
162
173
136
281
162
18
35
31
133
72
201
361
135
205
220
38
88
459
562
107
368
189
403
278
179
263
114
34
110
24
221
75
101
241
406
97
113
2
26
287
492
275
60
169
8
24
369
30
68
263
54
30
427
241
94
200
159
223
85
248
108
137
87
1239
116
91
34
229
31
548
179
80
13
98
65
41
250
432
9
44
113
122
61
114
503
226
186
44
429
44
86
117
155
161
353
367
97
54
23
22
14
127
136
364
225
250
603
217
79
68
11
272
84
35
146
162
566
78
648
891
245
259
555
194
246
66
410
67
205
337
691
239
322
168
248
98
52
16
2
171
457
823
197
65
70
293
703
85
34
286
336
212
372
149
15
26
13
2
49
397
86
122
115
24
36
151
20
36
463
211
202
19
230
818
132
95
66
11
12
58
913
126
139
510
375
241
39
105
625
112
169
49
88
86
229
173
43
1032
128
118
188
129
140
710
32
204
75
258
3
198
230
73
19
58
80
196
764
45
32
154
686
164
186
14
53
153
84
551
30
601
201
188
731
108
267
171
685
210
298
20
507
614
50
30
76
64
171
228
52
348
89
35
440
294
667
54
64
439
151
188
130
260
83
27
84
43
563
372
11
11
138
87
34
81
144
678
280
7
132
23
69
47
202
149
264
299
61
202
132
30
339
190
465
1245
76
160
299
91
41
80
149
54
17
124
176
478
408
190
244
96
63
2
183
357
68
128
262
199
17
65
178
382
59
166
78
304
62
158
12
82
1758
35
257
518
18
127
314
224
16
132
233
140
24
181
69
6
18
114
81
266
667
59
8
117
87
221
404
115
384
390
231
88
103
15
47
43
9
152
18
124
94
175
117
532
36
35
51
624
63
115
46
359
115
296
1034
35
20
259
434
221
251
81
424
144
391
96
281
123
123
437
135
594
133
142
527
156
159
20
775
203
160
22
55
3
787
24
85
23
538
28
578
150
121
474
175
274
77
3
90
129
329
412
275
215
181
121
78
163
86
420
386
525
23
206
154
246
12
217
232
53
312
410
355
104
207
189
119
355
44
131
57
87
150
494
77
609
89
45
3
157
197
20
401
150
175
407
111
234
18
446
84
75
12
151
159
8
350
169
380
100
91
426
364
152
5
156
97
9
462
27
195
103
104
106
276
781
21
41
119
17
123
95
88
847
175
67
77
139
144
1
436
454
41
502
317
329
227
91
370
773
335
47
776
100
227
182
617
225
54
174
93
83
156
303
131
258
244
452
177
51
40
50
93
212
126
434
870
75
363
21
76
216
34
2
30
22
107
143
215
374
11
211
37
64
219
390
44
373
49
266
3
714
65
198
355
341
141
221
141
150
337
158
29
348
124
233
91
131
156
22
279
167
13
173
10
7
28
124
238
143
95
283
130
389
51
260
147
98
11
274
215
63
448
185
89
12
258
1
33
322
658
110
371
283
62
30
109
25
45
154
458
260
511
144
16
81
103
24
106
46
82
43
733
248
80
63
287
305
108
70
46
236
159
187
62
40
25
241
522
87
25
26
115
85
12
31
27
45
37
127
41
596
10
226
45
88
84
194
360
65
128
143
120
28
30
446
12
118
157
53
111
534
18
86
217
11
119
99
37
182
366
173
59
35
88
123
73
13
26
369
313
209
71
41
7
110
152
187
1050
1
586
69
894
94
65
119
207
100
55
175
598
3
252
76
271
45
430
101
125
5
347
47
165
396
290
117
78
53
145
38
164
32
43
7
485
160
364
264
39
272
7
210
120
65
11
210
137
69
268
545
19
301
175
17
314
253
50
2
452
162
352
22
610
3
188
44
245
223
423
195
287
80
478
23
392
165
18
206
16
135
133
26
321
49
135
514
385
395
126
45
163
271
41
2
22
177
2
26
22
70
132
194
201
49
107
15
178
97
1
120
287
246
36
177
114
166
190
69
358
307
316
511
78
131
63
179
206
236
214
276
11
78
239
81
265
77
165
56
62
188
743
78
165
231
66
167
11
100
844
358
153
342
580
231
115
326
263
210
561
1
71
183
258
1012
156
120
261
100
358
531
271
115
31
183
42
4
333
426
548
193
188
68
132
31
30
174
88
19
43
15
15
6
31
318
141
462
1
290
1
8
41
5
18
109
186
257
18
30
45
600
173
139
123
136
503
302
13
73
279
11
54
370
357
28
398
11
1664
719
7
35
214
236
7
2
171
119
114
51
104
80
89
308
238
207
126
96
330
179
409
30
150
290
111
9
271
139
191
228
8
133
165
185
144
210
63
715
256
283
226
258
5
246
220
931
50
988
160
682
351
68
42
647
312
199
67
362
7
43
2
172
213
12
132
39
23
8
58
177
57
525
83
577
155
57
760
291
75
367
176
95
95
109
22
57
417
103
74
138
217
19
28
55
26
211
211
8
244
352
325
27
20
431
103
239
61
278
189
467
82
344
107
337
172
98
40
13
82
38
632
96
72
526
153
286
485
171
473
117
66
370
51
117
110
447
334
433
51
420
88
312
429
483
386
177
61
112
120
13
564
97
222
554
83
66
56
343
263
129
9
273
149
271
66
1
190
167
134
144
40
27
124
104
291
114
235
20
857
197
106
142
227
341
371
254
437
169
272
239
138
86
355
99
393
7
45
387
61
388
76
222
180
357
216
79
3
12
226
350
6
475
6
56
283
185
378
90
299
12
1
61
86
153
2
497
108
13
233
206
43
14
32
158
213
42
32
250
402
307
152
92
94
10
272
244
185
47
5
185
161
377
116
762
202
247
65
631
10
5
492
186
113
357
326
109
64
49
172
82
318
735
583
103
271
213
122
543
398
119
226
63
131
454
643
472
559
461
75
55
78
627
147
170
55
32
18
221
15
317
19
157
133
79
174
240
164
43
156
163
102
130
18
66
159
1113
520
238
11
130
287
174
151
269
188
696
18
81
270
286
101
204
66
68
360
410
13
27
737
661
369
319
70
326
135
212
123
308
38
181
818
34
54
450
230
21
287
341
220
15
142
59
74
74
50
24
698
1
804
206
391
24
222
127
383
63
23
138
200
275
1
117
687
833
75
43
141
182
5
262
446
94
18
334
180
46
119
34
52
118
489
74
317
199
328
830
179
13
26
3
48
46
43
222
122
93
157
170
118
212
476
483
444
185
29
40
277
174
692
30
38
64
98
62
20
86
138
85
58
254
225
140
13
81
756
74
24
12
118
52
219
147
102
36
3
126
69
45
1078
148
60
101
173
455
469
283
294
593
124
33
310
24
457
87
281
30
15
718
351
27
142
121
11
70
582
425
346
2
36
333
64
700
61
363
117
18
557
26
172
593
434
179
96
126
417
10
179
133
209
429
245
3
42
198
46
510
128
11
23
197
78
10
54
241
99
777
784
531
528
308
692
251
111
120
110
84
219
36
177
14
89
374
16
136
468
52
118
43
92
60
411
11
75
6
60
82
149
521
198
435
67
65
28
122
46
23
150
209
69
95
129
115
77
62
130
232
12
345
337
261
134
223
83
91
203
709
116
85
4
95
8
272
97
46
638
51
333
153
151
204
277
119
250
731
24
29
224
11
1
16
15
3
36
14
609
947
304
44
179
8
233
195
17
202
170
68
16
487
75
72
131
473
1
55
128
500
316
8
209
103
15
276
234
89
41
326
93
240
43
22
56
166
346
160
375
8
36
79
332
62
54
165
210
100
893
241
207
84
431
38
182
425
169
234
406
525
342
368
130
182
68
43
209
519
40
205
209
302
118
49
51
404
173
16
150
95
185
424
363
37
94
72
571
827
286
370
148
261
323
261
91
30
120
13
298
661
788
687
2
4
221
612
19
31
333
41
342
135
251
504
96
33
258
327
78
160
428
58
67
188
81
188
88
28
7
100
75
91
514
45
228
63
11
196
456
91
405
359
121
242
37
11
79
479
398
206
178
286
31
9
142
61
17
51
799
242
91
705
219
212
38
182
196
97
314
104
399
208
34
163
171
79
288
186
114
436
42
95
341
31
249
117
61
51
42
462
1
86
265
221
654
47
87
4
6
163
9
169
496
588
158
132
158
4
66
1
43
97
166
34
74
163
266
299
83
421
61
168
98
459
103
121
10
55
168
470
69
81
534
134
244
15
97
82
609
303
126
281
327
152
79
260
167
51
79
122
56
118
95
273
79
149
181
99
132
334
99
74
8
181
163
193
182
217
130
111
181
645
7
129
44
76
66
113
79
241
167
852
46
1092
17
157
54
274
144
201
159
353
383
389
24
169
806
145
228
48
24
222
136
57
215
402
1
166
236
44
154
427
139
710
38
117
99
222
272
109
79
114
58
8
126
309
167
356
56
348
283
11
6
168
429
224
1251
257
178
576
74
164
91
3
33
23
327
154
308
111
238
280
36
29
73
6
46
506
228
70
84
70
88
91
120
50
52
191
224
552
7
698
83
200
46
232
141
40
135
426
50
245
36
70
29
37
32
56
142
225
616
50
58
280
252
37
14
75
45
314
63
136
28
1242
124
29
213
352
145
15
81
501
24
1113
112
553
74
16
562
597
70
13
22
47
479
29
324
79
5
29
240
63
85
126
102
53
342
93
157
251
23
286
32
548
87
96
1255
495
261
128
163
66
569
233
12
48
51
124
70
158
589
165
359
122
112
7
16
249
7
57
495
671
40
77
129
13
72
153
181
333
105
17
179
44
73
277
723
145
16
381
177
98
548
15
563
22
2
120
23
80
41
59
7
157
177
470
172
65
304
260
36
158
78
251
89
143
240
9
51
282
75
144
326
54
158
258
169
73
163
18
39
338
356
134
94
281
36
303
112
99
20
342
391
99
110
66
434
417
488
592
101
485
272
279
302
84
332
41
135
140
139
99
220
275
937
198
206
57
247
70
260
15
1073
63
14
591
194
295
529
313
46
121
72
73
34
679
15
306
51
242
238
130
55
475
236
157
35
602
281
4
936
449
439
340
259
28
96
41
329
68
625
182
71
27
680
184
73
209
584
135
285
27
99
89
32
66
17
126
68
80
378
104
275
25
9
846
839
9
194
98
359
3
34
131
98
30
205
332
475
97
104
53
377
456
1136
189
165
56
96
198
336
52
67
19
230
182
10
292
574
57
346
47
149
53
114
126
29
58
310
67
214
380
35
196
102
11
37
12
311
194
386
720
199
243
198
20
128
12
127
44
55
170
55
197
222
75
108
113
224
338
20
257
48
347
201
27
305
50
288
373
23
83
136
72
22
106
228
309
285
78
182
35
830
118
86
735
7
263
119
19
184
307
123
36
44
37
785
8
369
193
404
133
284
106
1099
57
14
179
120
429
34
72
118
94
279
437
361
525
83
10
179
2
938
241
2
986
48
376
15
143
443
14
304
341
631
574
311
70
353
19
38
116
56
1
265
106
178
143
192
140
69
488
199
173
95
241
16
559
344
490
133
151
246
751
5
8
438
32
2
292
34
81
70
387
170
153
488
231
2
147
343
12
160
18
13
13
294
143
53
16
164
146
152
535
156
86
82
221
241
74
148
365
70
88
133
415
214
18
32
119
1176
252
315
72
283
102
24
155
205
124
56
334
520
453
54
100
23
305
225
181
144
347
465
147
587
296
201
176
865
563
78
320
1
137
22
66
144
321
248
601
549
125
25
490
101
99
84
114
182
127
49
7
108
39
120
222
71
324
372
108
4
135
7
229
599
374
155
97
99
75
147
16
14
7
12
132
105
112
73
109
216
43
89
161
126
577
40
896
991
58
117
32
39
47
188
434
51
86
22
88
539
14
494
154
498
65
143
679
93
151
75
165
110
80
248
12
236
321
350
5
32
148
712
449
384
217
18
8
233
39
3
62
210
65
931
321
361
434
26
34
219
76
61
477
130
384
23
319
18
141
374
34
86
189
44
26
106
147
50
193
218
22
257
159
5
60
164
38
206
35
289
41
200
137
292
89
435
81
185
93
189
515
106
194
207
23
20
200
40
154
137
556
592
134
432
650
137
107
34
337
196
834
151
150
179
414
38
212
40
522
125
253
45
2
105
138
166
43
403
173
124
166
22
36
330
69
96
195
135
56
5
255
155
365
260
3
347
86
148
94
87
99
41
26
281
320
121
244
20
207
542
122
148
158
628
71
734
13
74
813
98
85
30
263
188
319
433
324
176
484
184
587
415
14
125
45
32
117
412
1
235
362
537
21
183
148
237
43
211
567
876
371
157
103
42
153
152
150
277
105
20
209
454
209
230
454
54
552
48
38
251
1
69
263
253
235
459
197
219
155
141
223
605
85
66
44
172
213
127
69
68
228
156
269
195
177
41
110
206
204
283
75
273
34
68
437
91
283
182
18
562
416
229
176
623
725
444
186
113
127
11
561
229
342
18
122
246
260
57
289
11
667
165
69
120
277
157
123
37
36
359
49
75
174
306
185
724
165
203
179
182
44
96
525
82
91
388
37
325
405
50
210
8
497
92
192
7
532
102
42
205
28
258
114
67
426
440
57
44
65
273
51
203
438
6
71
409
45
592
81
65
214
478
101
107
368
439
463
107
226
214
108
144
46
86
57
19
372
158
200
8
206
107
211
359
122
5
228
28
161
112
142
48
176
182
474
42
111
332
379
54
338
176
16
265
69
281
60
222
96
290
124
27
146
334
28
42
208
428
75
37
1089
80
83
108
802
7
235
188
244
303
60
394
4
526
238
129
202
653
35
236
57
7
8
73
23
15
1421
108
10
172
3
63
119
212
168
107
6
114
373
28
11
109
3
92
314
450
101
26
344
634
269
156
9
72
59
208
632
72
240
639
21
159
46
511
36
93
7
119
276
133
13
112
43
77
22
160
139
36
442
65
305
240
428
76
48
864
183
115
665
169
285
731
17
249
445
380
278
112
217
132
1
84
194
102
42
7
184
525
84
427
135
294
315
23
167
364
9
816
34
40
90
507
326
82
23
120
232
825
34
259
130
43
138
198
104
35
118
18
230
266
90
219
20
207
128
17
388
210
215
209
182
183
263
91
162
205
34
190
308
130
218
32
183
792
315
116
430
7
254
748
191
521
120
183
44
36
307
128
507
2
9
328
44
201
1023
427
341
45
6
147
789
243
493
153
54
672
66
81
28
175
22
37
279
39
82
54
445
326
7
26
4
440
1
281
334
120
109
109
141
10
96
619
216
58
435
246
233
798
45
83
315
170
7
20
160
405
181
183
396
63
409
350
136
941
48
60
466
110
193
445
190
526
250
40
324
523
461
119
90
177
202
634
29
920
72
33
162
26
209
40
97
131
69
87
317
261
38
159
147
33
157
42
55
77
92
495
792
289
195
142
271
11
145
35
1
10
5
248
105
284
286
541
79
168
198
116
125
54
52
80
74
122
138
35
166
104
150
90
91
2
13
188
109
93
189
94
356
38
227
24
366
81
8
70
34
450
168
313
29
89
173
292
140
93
25
201
413
20
50
39
253
26
169
117
15
60
154
143
217
1
16
219
230
22
113
34
528
7
29
18
148
226
60
142
553
32
100
102
156
2
78
135
99
315
374
220
127
31
278
571
26
105
94
206
387
13
264
436
72
298
237
637
123
130
32
213
8
62
213
48
8
138
160
473
82
512
534
480
133
38
163
144
113
127
17
69
94
477
176
78
145
29
650
7
385
290
691
310
346
106
171
331
504
194
124
137
20
201
47
291
16
49
22
152
105
134
6
346
86
14
127
285
107
85
1001
420
251
64
70
598
472
137
37
433
377
36
124
313
321
62
105
326
70
391
94
302
123
850
109
110
799
228
247
759
111
382
43
11
31
117
153
214
136
212
321
23
170
195
318
325
42
96
184
163
69
105
47
141
180
242
303
55
169
186
130
49
174
80
70
15
81
116
569
446
98
52
38
24
541
50
165
2
173
278
45
149
74
438
66
111
104
180
900
100
140
110
306
40
139
214
101
108
171
33
194
23
751
313
82
138
409
452
233
84
445
96
702
40
229
9
24
260
18
360
62
707
62
113
134
12
102
593
509
161
58
38
143
51
60
27
228
374
107
73
628
52
204
130
3
663
366
80
15
14
110
347
39
7
114
207
69
133
18
150
211
461
359
357
102
198
326
54
572
237
234
343
953
157
518
132
295
68
74
535
90
166
311
38
197
187
229
322
267
176
629
542
242
383
459
37
502
40
319
85
46
161
491
156
60
202
119
10
9
148
240
276
8
339
36
252
405
231
297
87
49
559
4
541
154
296
23
541
157
47
1
454
439
463
103
65
14
80
140
8
615
4
260
102
1230
427
23
141
138
52
169
127
620
185
378
142
644
899
50
189
177
142
310
161
287
42
163
165
170
475
717
162
911
20
44
49
794
69
304
332
122
39
5
10
8
21
204
383
27
326
18
101
49
84
23
42
547
355
422
208
294
28
84
459
698
6
1
60
170
10
568
25
5
110
39
236
94
108
36
100
149
133
207
46
115
118
142
477
399
48
657
139
140
50
227
185
13
16
31
71
44
188
544
30
348
366
38
267
267
3
318
285
1052
62
571
218
20
3
30
5
85
234
137
331
123
410
214
107
294
123
238
356
27
501
241
320
359
63
58
52
261
348
138
336
254
89
24
29
431
260
267
16
149
175
60
816
36
58
153
69
607
91
373
14
128
96
298
56
91
145
261
529
323
56
351
198
51
540
94
227
85
255
200
338
433
42
27
32
904
830
37
112
327
620
398
546
45
405
68
357
16
88
8
80
58
29
555
138
93
29
11
20
383
184
279
49
60
286
14
32
34
39
1
50
404
89
26
18
23
258
625
34
675
152
232
199
48
355
171
540
97
16
165
435
202
119
191
128
339
153
30
156
255
101
19
70
6
220
15
439
372
285
22
2
97
286
68
280
221
31
17
220
330
357
104
67
286
325
82
976
16
243
140
192
179
227
12
135
142
597
64
112
457
59
202
108
4
258
156
84
119
82
96
210
160
124
42
52
30
231
192
105
465
115
106
93
143
152
30
397
432
55
94
143
186
622
12
191
455
16
57
282
50
34
2
10
385
733
187
99
151
172
288
167
137
408
45
150
16
535
35
238
16
155
25
215
30
18
125
13
104
113
70
16
137
330
19
58
73
91
118
33
149
111
220
153
105
23
76
147
251
78
152
132
81
342
82
25
148
79
159
115
59
96
221
20
201
733
79
398
362
175
179
189
172
214
340
183
151
50
66
142
249
191
65
564
62
5
645
375
195
356
181
199
146
131
118
81
361
324
8
249
256
163
3
180
661
35
70
62
21
58
255
91
43
43
893
1
344
11
4
151
32
53
133
285
182
60
317
5
32
470
25
366
174
40
314
202
345
69
299
59
233
48
89
234
25
469
415
347
68
314
192
165
207
189
233
35
57
47
847
26
120
92
14
142
94
74
18
1387
27
415
151
143
53
17
1
313
71
15
258
298
72
18
741
13
145
154
63
94
164
316
95
70
133
276
734
45
107
304
32
216
233
48
109
43
888
327
167
243
99
131
514
118
362
276
101
409
1462
8
447
40
761
119
109
569
345
13
149
191
84
101
82
76
39
13
461
230
171
72
9
39
443
98
121
207
50
167
65
155
40
189
331
167
67
170
217
38
431
328
951
222
35
494
20
95
20
218
5
173
573
123
148
227
31
146
440
103
25
68
23
84
828
52
401
267
185
154
271
331
543
548
58
141
45
18
632
813
312
251
115
238
100
28
45
103
80
14
101
670
154
203
130
64
41
77
141
26
105
226
102
104
17
427
285
129
32
184
166
800
123
98
94
15
167
28
87
58
132
238
268
320
353
73
13
10
100
315
286
91
142
73
121
51
63
156
175
34
5
32
202
583
29
77
221
637
120
61
88
378
127
155
63
176
237
598
203
19
15
5
61
80
14
236
357
58
71
66
93
82
45
89
1006
36
242
194
273
359
93
66
225
157
3
43
550
52
38
45
15
159
147
383
53
21
175
19
160
43
329
531
92
8
99
386
161
209
427
404
195
98
2
498
420
102
222
262
67
384
210
209
78
71
434
179
133
732
466
242
250
127
65
321
107
132
209
48
78
26
56
23
496
151
93
406
192
44
374
232
120
319
381
399
118
501
35
4
114
130
49
254
151
51
7
214
576
27
94
798
102
7
45
379
356
99
351
324
207
114
310
15
36
194
381
96
177
255
39
98
17
85
12
69
69
75
57
274
827
202
76
229
771
157
2
18
37
77
17
87
324
81
177
87
277
22
14
239
935
259
188
106
4
155
71
153
99
77
524
297
34
456
162
320
88
155
286
59
78
425
40
27
6
354
40
132
27
54
58
69
1009
226
800
65
118
53
35
155
75
154
552
506
224
4
149
310
470
196
105
69
66
399
144
235
87
176
85
409
320
55
145
181
5
8
216
205
31
341
48
91
200
825
730
358
85
80
1
16
23
25
264
172
197
64
343
181
455
717
243
102
421
159
72
5
186
834
383
196
135
493
89
8
5
102
176
198
169
90
23
11
153
12
92
702
153
80
40
85
435
19
258
109
14
335
103
619
88
110
189
347
124
88
381
158
58
52
34
438
86
438
72
18
372
46
308
323
295
129
4
109
199
271
252
275
208
474
601
264
777
656
356
71
194
42
68
395
39
211
505
221
63
434
99
139
322
8
73
397
243
94
21
63
153
127
360
224
144
506
112
223
69
586
59
172
28
230
186
487
274
163
613
136
145
163
148
182
58
278
19
109
68
466
154
75
21
146
16
608
31
36
212
12
40
112
125
215
267
81
18
184
3
162
39
86
398
76
43
209
31
60
31
47
15
36
305
522
492
391
67
334
190
36
315
31
206
41
433
3
317
369
89
320
25
728
87
238
230
326
56
434
143
43
76
111
45
126
203
129
223
40
30
576
178
220
89
33
288
242
315
171
56
30
100
83
68
397
18
126
565
418
377
147
135
481
71
273
108
88
56
65
33
440
39
144
81
204
45
62
256
44
72
276
193
92
140
8
385
859
354
12
44
188
155
255
74
130
199
73
10
173
18
195
52
24
290
33
238
62
145
211
314
182
91
106
10
450
86
216
56
356
423
80
181
70
40
202
67
234
236
250
4
25
982
298
407
236
27
618
29
591
375
114
84
163
314
458
59
72
524
639
667
184
94
193
442
117
832
94
358
10
246
11
376
33
31
648
30
43
74
138
230
75
17
249
352
116
52
6
161
98
178
208
199
49
69
265
109
311
144
4
124
309
274
388
212
22
10
96
42
455
52
337
829
43
116
159
330
81
35
17
382
38
4
104
572
78
124
571
25
66
216
192
292
377
252
33
30
182
171
45
65
327
199
107
63
210
138
745
530
8
502
321
216
457
59
429
240
64
161
877
140
19
224
42
120
456
95
107
186
132
513
163
266
202
22
63
88
672
39
1
544
19
234
104
15
5
220
243
310
34
17
17
245
183
30
255
71
77
79
182
581
352
207
161
3
351
18
351
219
202
259
179
215
255
135
176
300
50
783
121
44
285
102
447
116
109
906
37
43
49
2
26
210
497
199
60
200
155
383
1219
47
94
283
235
7
456
41
136
13
99
60
235
1097
187
247
173
2
93
139
122
24
105
245
422
321
59
25
255
50
206
151
36
180
25
48
46
16
72
133
278
329
205
481
569
91
529
12
279
77
140
68
131
27
114
162
52
15
167
230
588
138
266
18
40
4
3
97
3
475
80
556
121
132
74
231
242
168
230
81
138
400
15
76
21
100
161
150
881
261
313
59
499
65
28
79
88
63
115
477
649
269
21
579
36
34
578
228
114
644
155
62
92
266
166
443
31
39
272
116
125
205
20
20
174
124
390
471
134
270
800
286
401
416
118
273
473
132
77
82
168
1206
440
113
98
191
226
218
107
350
241
628
107
61
377
341
382
11
222
79
350
106
122
62
142
250
523
109
41
257
109
113
143
52
372
58
9
302
80
198
228
309
365
176
16
207
215
96
192
31
8
515
22
379
430
19
207
273
341
454
671
256
122
20
197
68
53
882
71
21
215
26
226
182
70
221
32
113
83
16
263
498
32
439
141
53
145
54
960
162
24
597
231
500
382
318
59
488
184
277
172
9
5
348
24
443
493
104
322
394
521
161
4
217
469
57
242
75
338
13
56
349
146
43
57
86
60
87
246
539
50
134
305
218
954
289
215
100
65
356
225
289
225
313
62
277
553
414
343
119
127
63
13
80
126
18
5
207
151
504
60
63
14
992
65
192
91
74
647
517
219
349
425
168
12
27
55
209
179
132
124
179
95
440
14
527
24
517
397
5
284
1567
32
538
381
478
455
32
34
37
199
102
19
25
966
68
292
51
219
503
517
203
239
66
219
76
388
179
76
399
15
73
55
116
181
8
1020
251
579
20
177
103
58
347
66
61
12
157
252
24
56
50
258
268
14
214
222
63
1538
91
218
441
113
451
138
111
303
307
203
267
43
443
25
105
91
72
228
232
177
154
7
31
202
72
135
8
167
118
609
351
6
104
126
362
43
324
63
135
386
128
205
32
428
167
106
539
137
5
122
204
168
15
13
6
132
1
116
194
229
723
69
104
119
581
276
97
14
194
145
145
559
134
176
606
257
269
88
13
28
66
135
50
119
153
95
330
99
62
144
112
88
35
230
283
259
80
57
10
57
157
105
252
26
77
289
4
446
196
12
52
258
122
97
93
34
510
284
428
516
26
91
55
1089
143
84
952
73
779
113
44
98
88
84
216
123
155
44
8
8
7
373
47
242
6
124
429
15
336
49
823
200
234
94
222
135
29
244
162
179
111
129
8
186
114
551
59
755
346
192
166
66
90
60
25
122
166
285
97
12
97
677
43
5
43
200
44
41
263
110
54
666
66
66
197
139
278
5
275
223
549
131
759
44
189
13
108
86
260
8
85
115
103
123
544
172
572
617
26
456
180
92
38
296
59
125
389
29
413
209
268
142
267
629
145
369
93
53
498
248
65
298
20
3
53
86
727
269
85
411
185
506
187
199
365
80
34
91
127
6
655
18
37
107
40
564
59
272
343
739
292
370
14
36
303
9
356
147
110
526
460
202
203
2
58
147
13
492
418
7
10
43
295
350
75
70
74
9
23
435
269
246
125
3
7
27
108
62
276
15
267
151
45
49
14
98
184
167
1375
310
107
58
4
18
208
172
328
4
61
176
374
266
138
14
364
122
51
67
383
422
28
75
250
457
541
72
172
277
78
144
37
37
383
141
213
210
150
61
191
111
66
195
15
49
13
473
16
96
291
1239
303
162
248
309
137
88
425
70
238
60
228
80
109
56
93
3
15
68
610
6
12
78
233
498
55
258
901
73
243
640
442
83
266
114
347
57
169
44
496
79
318
159
150
44
599
39
56
238
51
408
11
54
305
131
475
628
205
28
113
162
176
83
490
20
22
26
101
219
290
225
2
54
20
251
76
146
72
19
360
48
502
273
156
129
323
211
121
578
108
290
29
37
553
197
58
296
21
239
582
54
59
6
51
180
212
81
17
498
88
18
187
511
322
254
270
156
122
158
542
325
158
114
115
418
76
469
106
184
320
244
177
92
164
119
248
226
94
114
126
54
85
50
25
501
89
16
165
123
114
375
11
38
387
105
65
199
193
51
974
151
24
35
5
235
153
22
257
133
2
150
241
151
363
155
2
1
524
166
141
124
294
46
188
108
4
112
38
182
20
185
236
49
315
158
165
12
98
29
186
271
30
179
186
17
278
8
5
244
231
101
221
3
368
56
135
187
158
245
59
36
78
6
71
11
118
334
19
149
221
202
315
430
48
14
184
95
85
235
1
61
211
62
274
309
92
157
228
160
315
502
53
562
56
122
237
29
141
97
21
99
63
232
341
14
138
400
240
32
50
115
411
201
236
78
4
227
107
220
60
281
658
49
106
275
27
331
387
66
62
32
221
33
111
80
73
37
27
93
139
77
80
41
213
142
146
43
92
324
98
31
101
124
22
47
241
199
180
797
382
9
385
122
130
152
251
170
709
302
12
114
48
9
629
333
127
66
226
675
